university	collegenavigator	phone
2000	2000	2000	1936
0000	1	(822) 320-1221
0001	1	(907) 260-7422
0002	1	(907) 561-1266
0003	1	(907) 224-3322
0004	1	(907) 277-1000
0005	1	(907) 834-1600
0006	1	(877) 465-4827
0007	1	(334) 844-4000
0008	1	(205) 387-0511
0009	1	(251) 405-7000
0010	1	(251) 473-2220
0011	1	(870) 633-4480 x208
0012	1	(501) 568-0211
0013	1	(870) 541-7850
0014	1	(352) 588-8200
0015	1	(305) 625-6000
0016	1	(954) 308-7400
0017	1	(813) 621-0072
0018	1	(352) 395-5000
0019	1	(407) 708-4722
0020	1	(954) 428-8980
0021	1	(904) 724-2229
0022	1	(407) 323-4141
0023	1	(239) 939-4766
0024	1	(727) 341-4772
0025	1	(703) 892-5100
0026	1	(954) 745-6960
0027	1	(954) 378-2400
0028	1	(703) 892-5100
0029	1	(703) 892-5100
0030	1	(813) 663-0100
0031	1	(305) 534-7050
0032	1	(352) 245-4119
0033	1	(954) 463-3000 x2122
0034	1	(850) 263-3261
0035	1	(813) 253-3333
0036	1	(850) 474-2000
0037	1	(850) 747-5500
0038	1	(727) 298-8685
0039	1	(949) 272-7200
0040	1	(407) 677-7000
0041	1	(904) 620-1000
0042	1	(954) 382-5303
0043	1	(941) 359-4200
0044	1	(407) 622-2900
0045	1	(352) 726-2430
0046	1	(305) 653-8770 x2001
0047	1	(229) 430-3500
0048	1	(770) 671-1200
0049	1	(770) 449-1740
0050	1	(404) 761-8861
0051	1	(404) 225-4601
0052	1	(706) 863-4799
0053	1	(404) 237-7573
0054	1	(479) 636-9222
0055	1	(501) 337-5000 x1100
0056	1	(770) 534-6299
0057	1	(478) 757-3400
0058	1	(404) 880-8000
0059	1	(229) 317-6000
0060	1	(404) 297-9522 x1127
0061	1	(478) 289-2000
0062	1	(706) 245-7226
0063	1	(770) 922-7653
0064	1	(478) 445-2770
0065	1	(800) 332-2406
0066	1	(706) 549-6400 x25
0067	1	(678) 379-1414
0068	1	(706) 295-6963
0069	1	(678) 891-2300
0070	1	(404) 413-2000
0071	1	(770) 381-7200
0072	1	(770) 457-2021
0073	1	(770) 960-1298
0074	1	(770) 216-2960
0075	1	(404) 843-1005 x106
0076	1	(770) 426-2300
0077	1	(706) 880-8000
0078	1	(770) 297-8080
0079	1	(770) 484-1204
0080	1	(478) 301-2700
0081	1	(706) 343-1841
0082	1	(478) 988-6800
0083	1	(706) 225-5000 x5002
0084	1	(706) 821-8200
0085	1	(770) 720-5600
0086	1	(478) 553-2050
0087	1	(912) 355-3011
0088	1	(706) 291-2121
0089	1	(912) 260-4200
0090	1	(229) 931-2394
0091	1	(404) 681-3643
0092	1	(678) 422-4100
0093	1	(770) 394-8300
0094	1	(706) 571-2406
0095	1	(678) 422-4500
0096	1	(706) 542-3000
0097	1	(706) 868-2000
0098	1	(912) 232-0531
0099	1	(678) 839-5000
0100	1	(870) 338-6474
0101	1	(870) 864-9292
0102	1	(501) 312-0007
0103	1	(870) 543-5900
0104	1	(870) 235-4000
0105	1	(404) 745-9862
0106	1	(671) 735-5700
0107	1	(808) 974-7611
0108	1	(808) 533-6596
0109	1	(808) 596-2373
0110	1	(808) 245-8311
0111	1	(808) 455-0011
0112	1	(808) 984-3267
0113	1	(808) 235-7400
0114	1	(808) 947-4788
0115	1	(515) 244-4221
0116	1	(319) 362-1488
0117	1	(563) 242-4023
0118	1	(712) 252-1157
0119	1	(563) 588-6300
0120	1	(319) 895-4000
0121	1	(800) 322-9235
0122	1	(563) 588-8000
0123	1	(641) 784-5000
0124	1	(515) 263-2800
0125	1	(641) 269-4000
0126	1	(319) 296-2320
0127	1	(515) 576-7201
0128	1	(712) 274-9733
0129	1	(515) 278-9939 x12
0130	1	(641) 752-4223
0131	1	(515) 294-5836
0132	1	(319) 385-8021
0133	1	(515) 327-5500
0134	1	(712) 274-5000
0135	1	(641) 423-1264
0136	1	(641) 782-7081 x413
0137	1	(515) 956-3781
0138	1	(319) 273-2311
0139	1	(501) 225-9337
0140	1	(501) 372-9678
0141	1	(870) 886-6741
0142	1	(641) 673-1001
0143	1	(208) 376-7731
0144	1	(208) 321-8800
0145	1	(208) 524-3000 x3371
0146	1	(208) 743-1512
0147	1	(208) 882-2923
0148	1	(208) 882-2923
0149	1	(208) 467-8011
0150	1	(208) 232-9170
0151	1	(208) 898-2000
0152	1	(312) 461-0600
0153	1	(312) 821-6300
0154	1	(877) 701-3800
0155	1	(847) 397-0300 x21
0156	1	(847) 969-4900
0157	1	(618) 473-2222
0158	1	(773) 536-4441
0159	1	(708) 388-4949
0160	1	(773) 278-4477
0161	1	(773) 221-4700
0162	1	(815) 485-3020
0163	1	(773) 324-8000
0164	1	(630) 953-3680
0165	1	(773) 907-4000
0166	1	(773) 602-5000
0167	1	(773) 291-6100
0168	1	(312) 663-1600
0169	1	(708) 771-8300
0170	1	(312) 362-8000
0171	1	(708) 366-2490
0172	1	(815) 223-7326
0173	1	(630) 617-3500
0174	1	(800) 223-3271
0175	1	(630) 920-1102
0176	1	(312) 913-1616
0177	1	(815) 459-3500
0178	1	(708) 444-4500
0179	1	(708) 430-1755
0180	1	(309) 268-8000
0181	1	(773) 458-1111
0182	1	(309) 647-4224
0183	1	(630) 472-7000
0184	1	(708) 326-3200
0185	1	(217) 224-6500
0186	1	(815) 729-9020
0187	1	(312) 944-0882
0188	1	(217) 732-3168
0189	1	(217) 786-2200
0190	1	(217) 479-7000
0191	1	(773) 947-6300
0192	1	(309) 692-4092
0193	1	(309) 427-2750
0194	1	(312) 329-4000
0195	1	(217) 243-1744
0196	1	(773) 244-6200
0197	1	(630) 620-2180
0198	1	(888) 205-2283
0199	1	(815) 939-5011
0200	1	(773) 477-4822 x301
0201	1	(217) 351-2200
0202	1	(800) 886-0500 x7351
0203	1	(773) 463-3121
0204	1	(815) 316-4800
0205	1	(815) 534-3300
0206	1	(800) 787-6456
0207	1	(800) 787-6456
0208	1	(800) 787-6456
0209	1	(800) 787-6456
0210	1	(800) 787-6456
0211	1	(618) 437-5321
0212	1	(815) 921-7821
0213	1	(312) 341-3500
0214	1	(309) 655-2201
0215	1	(847) 229-9595 x103
0216	1	(602) 216-2600
0217	1	(623) 934-7273
0218	1	(480) 603-1066
0219	1	(480) 965-9011
0220	1	(312) 939-2723
0221	1	(708) 596-2000 x5894
0222	1	(618) 453-2121
0223	1	(312) 922-9012
0224	1	(217) 525-5628
0225	1	(847) 619-3450
0226	1	(312) 427-2737
0227	1	(630) 528-3336
0228	1	(630) 528-3336
0229	1	(630) 528-3336
0230	1	(309) 779-7700
0231	1	(847) 945-8800
0232	1	(630) 968-6800
0233	1	(773) 702-1234
0234	1	(312) 996-7000
0235	1	(217) 333-1000
0236	1	(217) 753-8990
0237	1	(312) 225-6288
0238	1	(800) 438-5621
0239	1	(847) 808-8444
0240	1	(765) 724-9152
0241	1	(765) 649-9071
0242	1	(317) 272-1212
0243	1	(317) 243-4519
0244	1	(765) 289-1241
0245	1	(574) 237-0774
0246	1	(317) 924-1331
0247	1	(260) 452-2100
0248	1	(219) 864-1600
0249	1	(765) 983-1200
0250	1	(317) 773-6189
0251	1	(574) 522-0397
0252	1	(812) 476-6000
0253	1	(317) 264-5656
0254	1	(317) 873-6500
0255	1	(317) 598-9400
0256	1	(219) 980-6500
0257	1	(260) 481-6100
0258	1	(317) 274-5555
0259	1	(765) 674-6901
0260	1	(317) 813-2300
0261	1	(260) 497-6200
0262	1	(812) 265-2580
0263	1	(812) 299-1121
0264	1	(812) 232-8334
0265	1	(520) 888-5885
0266	1	(602) 433-1333
0267	1	(219) 947-8400
0268	1	(812) 288-8878
0269	1	(812) 749-4781 x404
0270	1	(317) 846-8999 x320
0271	1	(317) 846-8999 x320
0272	1	(765) 494-4600
0273	1	(800) 787-6456
0274	1	(800) 466-9744
0275	1	(765) 423-6400
0276	1	(219) 736-9999
0277	1	(765) 998-2751
0278	1	(317) 251-4600
0279	1	(260) 483-4949
0280	1	(574) 243-0500
0281	1	(317) 788-3368
0282	1	(765) 361-6100
0283	1	(620) 365-5116 x100
0284	1	(785) 776-4794
0285	1	(785) 267-7701
0286	1	(316) 681-2288
0287	1	(800) 873-4282
0288	1	(913) 491-4432
0289	1	(620) 792-2701
0290	1	(785) 227-3311 x8361
0291	1	(785) 272-0889
0292	1	(913) 667-5700
0293	1	(913) 234-0600
0294	1	(620) 252-7550
0295	1	(620) 223-2700
0296	1	(316) 295-5000
0297	1	(620) 276-7611
0298	1	(785) 749-8404
0299	1	(785) 442-6000
0300	1	(620) 331-4100
0301	1	(913) 469-8500
0302	1	(785) 532-6250
0303	1	(913) 981-8700
0304	1	(620) 431-2820 x217
0305	1	(785) 738-2276
0306	1	(316) 264-4891 x11
0307	1	(928) 453-6666
0308	1	(480) 966-3000
0309	1	(620) 229-6000
0310	1	(620) 278-2173
0311	1	(913) 682-5151
0312	1	(316) 943-5516
0313	1	(859) 858-3581
0314	1	(502) 272-8000
0315	1	(270) 685-3131
0316	1	(606) 337-3196
0317	1	(270) 926-4040
0318	1	(270) 444-9950
0319	1	(502) 491-0077
0320	1	(502) 491-0077
0321	1	(502) 491-0077
0322	1	(502) 499-0070
0323	1	(859) 272-5225
0324	1	(502) 410-6200
0325	1	(270) 827-1867
0326	1	(859) 282-8989
0327	1	(859) 246-3300
0328	1	(502) 327-7424
0329	1	(270) 821-2250
0330	1	(859) 410-2100
0331	1	(859) 846-4421
0332	1	(859) 253-0621
0333	1	(801) 302-8801 x1021
0334	1	(606) 218-5250
0335	1	(877) 629-9722
0336	1	(502) 585-9911
0337	1	(502) 456-6509
0338	1	(859) 341-5800
0339	1	(859) 233-8300
0340	1	(606) 546-1683
0341	1	(859) 257-9000
0342	1	(270) 745-0111
0343	1	(570) 429-4321 x2414
0344	1	(570) 429-4321 x2414
0345	1	(570) 429-4321 x2414
0346	1	(480) 830-5151
0347	1	(480) 860-2700
0348	1	(225) 775-1800 x7000
0349	1	(337) 233-0511
0350	1	(225) 292-5464
0351	1	(225) 387-7623
0352	1	(318) 445-2778
0353	1	(337) 269-0620
0354	1	(318) 678-6000 x6206
0355	1	(225) 359-9201
0356	1	(337) 439-5765 x1926
0357	1	(225) 752-4233
0358	1	(318) 487-7011
0359	1	(337) 457-7311
0360	1	(504) 568-4808
0361	1	(318) 797-5000
0362	1	(318) 257-2000
0363	1	(504) 865-2011
0364	1	(337) 475-5000
0365	1	(225) 926-5820
0366	1	(225) 248-1015
0367	1	(225) 757-3770
0368	1	(504) 278-6200
0369	1	(318) 797-6092
0370	1	(225) 236-3200
0371	1	(318) 671-4000
0372	1	(985) 873-8978
0373	1	(337) 491-2698
0374	1	(337) 474-0533
0375	1	(504) 865-5000
0376	1	(985) 223-1755
0377	1	(781) 794-3400
0378	1	(508) 620-5904
0379	1	(508) 849-3300
0380	1	(508) 485-9430
0381	1	(781) 235-1200
0382	1	(508) 757-7923
0383	1	(800) 342-7342
0384	1	(480) 245-7903
0385	1	(602) 238-4300
0386	1	(602) 461-7000
0387	1	(413) 644-4400
0388	1	(413) 565-1000
0389	1	(508) 791-9241
0390	1	(781) 899-5500
0391	1	(617) 262-5000
0392	1	(617) 353-2000
0393	1	(781) 736-2000
0394	1	(508) 531-1000
0395	1	(617) 228-2000
0396	1	(617) 536-2919
0397	1	(508) 362-2131
0398	1	(508) 793-7711
0399	1	(617) 333-2900
0400	1	(617) 824-8500
0401	1	(570) 429-4321 x2414
0402	1	(570) 429-4321 x2414
0403	1	(617) 868-3450
0404	1	(617) 783-9955
0405	1	(508) 620-1220
0406	1	(978) 927-2300
0407	1	(617) 731-3500
0408	1	(413) 732-7117
0409	1	(617) 243-2000
0410	1	(781) 306-6600
0411	1	(617) 776-3500
0412	1	(978) 453-3235
0413	1	(413) 788-7575
0414	1	(978) 681-0800
0415	1	(617) 327-6777
0416	1	(508) 588-9100
0417	1	(978) 656-3200
0418	1	(413) 499-8618
0419	1	(978) 921-4242
0420	1	(781) 274-8448
0421	1	(800) 838-2580 x509
0422	1	(617) 951-2350
0423	1	(617) 451-0010
0424	1	(617) 730-7000
0425	1	(508) 213-1560
0426	1	(978) 556-3000
0427	1	(617) 427-0060
0428	1	(774) 261-1500
0429	1	(978) 667-2111
0430	1	(413) 584-2700
0431	1	(334) 420-4200
0432	1	(602) 371-1188
0433	1	(602) 682-6800
0434	1	(602) 850-8000
0435	1	(520) 206-4500
0436	1	(480) 898-9898
0437	1	(978) 356-0980
0438	1	(508) 836-8864 x31
0439	1	(413) 748-3116
0440	1	(617) 585-6600
0441	1	(617) 536-6340
0442	1	(978) 934-9300
0443	1	(781) 948-2000
0444	1	(508) 856-2000
0445	1	(508) 999-8000
0446	1	(978) 934-4000
0447	1	(781) 228-4507
0448	1	(508) 759-7711 x285
0449	1	(617) 348-6359
0450	1	(413) 782-3111
0451	1	(413) 597-3131
0452	1	(508) 929-8000
0453	1	(301) 933-4660
0454	1	(410) 462-8300
0455	1	(410) 636-7929
0456	1	(410) 386-8000
0457	1	(410) 822-5400
0458	1	(301) 739-2670 x0
0459	1	(301) 736-3631
0460	1	(410) 686-4477
0461	1	(410) 848-7000
0462	1	(410) 337-5155
0463	1	(301) 447-6122
0464	1	(301) 431-6400
0465	1	(410) 252-4244
0466	1	(410) 543-6000
0467	1	(410) 486-7000
0468	1	(410) 923-4500
0469	1	(443) 840-2999
0470	1	(301) 682-7550
0471	1	(410) 778-2800
0472	1	(520) 326-1600
0473	1	(602) 275-7133
0474	1	(800) 787-6456
0475	1	(800) 787-6456
0476	1	(520) 255-0700
0477	1	(480) 858-9100 x200
0478	1	(207) 647-5968
0479	1	(207) 974-4600
0480	1	(207) 774-9413
0481	1	(207) 774-9413
0482	1	(207) 941-7000
0483	1	(207) 822-9802
0484	1	(207) 774-6126
0485	1	(207) 453-5000
0486	1	(207) 775-3052
0487	1	(207) 326-2206
0488	1	(207) 772-2591
0489	1	(207) 591-4141
0490	1	(207) 581-1110
0491	1	(207) 778-7000
0492	1	(207) 768-9400
0493	1	(207) 646-9282
0494	1	(517) 629-1000
0495	1	(989) 356-9021
0496	1	(734) 677-4430
0497	1	(231) 876-3101
0498	1	(989) 729-3300
0499	1	(810) 985-7000
0500	1	(517) 990-9595
0501	1	(248) 589-1078
0502	1	(989) 774-4000
0503	1	(616) 949-5300
0504	1	(616) 698-7111
0505	1	(269) 968-6105
0506	1	(269) 382-2835
0507	1	(989) 835-5588
0508	1	(989) 799-7800
0509	1	(248) 213-1610
0510	1	(989) 249-1878
0511	1	(313) 831-5200 x207
0512	1	(313) 562-4228
0513	1	(313) 567-5350
0514	1	(906) 932-4231 x0
0515	1	(517) 321-0242
0516	1	(616) 395-7000
0517	1	(480) 857-1138
0518	1	(734) 397-7800
0519	1	(810) 628-2500
0520	1	(248) 524-1800
0521	1	(517) 787-0800
0522	1	(269) 488-4100
0523	1	(586) 445-7999
0524	1	(734) 432-5300
0525	1	(248) 528-0303
0526	1	(734) 241-8877 x14
0527	1	(248) 476-1122 x100
0528	1	(517) 355-1855
0529	1	(906) 487-1885
0530	1	(989) 386-6622
0531	1	(734) 242-7300
0532	1	(231) 348-6602
0533	1	(231) 995-1000
0534	1	(248) 341-2000
0535	1	(269) 749-7000
0536	1	(313) 933-9393 x17
0537	1	(248) 623-9494
0538	1	(800) 787-6456
0539	1	(810) 227-0160
0540	1	(734) 459-1723
0541	1	(810) 658-1424
0542	1	(616) 977-8400
0543	1	(248) 675-3800
0544	1	(269) 660-8021
0545	1	(734) 729-9220
0546	1	(248) 398-4647
0547	1	(586) 775-6640
0548	1	(269) 387-3530
0549	1	(269) 321-8708
0550	1	(651) 631-0204 x6
0551	1	(763) 433-1100
0552	1	(763) 433-1100
0553	1	(507) 344-7000
0554	1	(651) 638-6400
0555	1	(507) 222-4000
0556	1	(218) 894-5100
0557	1	(218) 299-4100
0558	1	(520) 621-2211
0559	1	(480) 557-2000
0560	1	(928) 445-7300
0561	1	(952) 838-1860
0562	1	(952) 906-2117
0563	1	(651) 688-2145
0564	1	(218) 879-0800
0565	1	(763) 535-3000
0566	1	(612) 375-1900
0567	1	(218) 322-2300
0568	1	(651) 675-4700 x4757
0569	1	(651) 641-3456
0570	1	(218) 736-1500
0571	1	(763) 225-8000
0572	1	(612) 861-2000
0573	1	(651) 287-2180
0574	1	(320) 253-4222
0575	1	(952) 356-3600
0576	1	(651) 855-6300
0577	1	(218) 793-2800
0578	1	(218) 333-6600
0579	1	(952) 888-4777
0580	1	(218) 732-2962
0581	1	(763) 795-4720
0582	1	(651) 687-9000
0583	1	(320) 251-5600
0584	1	(800) 787-6456
0585	1	(800) 787-6456
0586	1	(800) 722-1151
0587	1	(507) 285-7210
0588	1	(507) 334-3965
0589	1	(507) 389-7200
0590	1	(507) 537-7678
0591	1	(507) 786-2222
0592	1	(612) 625-5000
0593	1	(651) 962-5000
0594	1	(218) 235-2100
0595	1	(218) 935-0417
0596	1	(660) 626-2121
0597	1	(816) 942-8400
0598	1	(213) 765-2400
0599	1	(415) 274-2200
0600	1	(510) 763-7787 x0
0601	1	(858) 748-1490 x0
0602	1	(510) 666-8248 x107
0603	1	(562) 408-6969
0604	1	(510) 523-1050
0605	1	(417) 862-5700
0606	1	(660) 263-3900 x110
0607	1	(660) 248-3391
0608	1	(816) 960-2008
0609	1	(573) 214-3809
0610	1	(314) 434-4044
0611	1	(417) 269-8669
0612	1	(417) 269-8987
0613	1	(573) 288-6000
0614	1	(314) 868-8196
0615	1	(573) 392-8060
0616	1	(417) 864-7220
0617	1	(314) 862-3456
0618	1	(800) 955-2527
0619	1	(314) 340-3366
0620	1	(314) 647-8080
0621	1	(816) 942-5474
0622	1	(816) 472-4852
0623	1	(573) 717-1123
0624	1	(314) 792-6100
0625	1	(636) 696-4850
0626	1	(573) 681-5000
0627	1	(636) 949-2000
0628	1	(417) 624-7070 x156
0629	1	(816) 604-6500
0630	1	(816) 437-3000
0631	1	(573) 431-4593
0632	1	(877) 434-1115
0633	1	(660) 269-2690
0634	1	(816) 268-5400
0635	1	(417) 448-2016
0636	1	(573) 659-3100
0637	1	(660) 359-3948 x1418
0638	1	(816) 858-5505
0639	1	(660) 562-1212
0640	1	(417) 624-2518
0641	1	(314) 371-0236
0642	1	(800) 787-6456
0643	1	(573) 458-0160 x16008
0644	1	(314) 837-6777
0645	1	(816) 932-2233
0646	1	(816) 483-9600
0647	1	(559) 456-2777
0648	1	(916) 565-2955
0649	1	(415) 955-2100
0650	1	(951) 729-5320
0651	1	(417) 256-2256
0652	1	(636) 922-8000
0653	1	(573) 442-2211
0654	1	(573) 840-9600
0655	1	(573) 335-9977
0656	1	(573) 882-2121
0657	1	(816) 943-9600
0658	1	(417) 887-5795
0659	1	(816) 861-1000
0660	1	(314) 264-1000 x1020
0661	1	(636) 940-4102
0662	1	(800) 962-7682 x1300
0663	1	(573) 642-3361
0664	1	(662) 627-2571
0665	1	(601) 643-5101
0666	1	(601) 849-0112
0667	1	(662) 280-1443
0668	1	(601) 635-2111
0669	1	(601) 261-0111
0670	1	(662) 472-2312
0671	1	(601) 862-8000
0672	1	(601) 362-6940
0673	1	(662) 254-9041
0674	1	(601) 276-2000
0675	1	(601) 977-7700
0676	1	(662) 915-7211
0677	1	(601) 266-1000
0678	1	(415) 282-7600
0679	1	(714) 432-7879
0680	1	(916) 929-9700
0681	1	(406) 587-1264
0682	1	(406) 377-3396
0683	1	(406) 638-3100 x101
0684	1	(800) 541-9281
0685	1	(406) 994-0211
0686	1	(406) 247-3000
0687	1	(406) 265-3700
0688	1	(336) 578-2002
0689	1	(919) 572-1625 x7012
0690	1	(828) 262-2000
0691	1	(828) 883-8292
0692	1	(704) 403-1555
0693	1	(910) 893-1200 x1265
0694	1	(910) 362-7000
0695	1	(704) 395-9272
0696	1	(252) 222-6000
0697	1	(704) 637-4111
0698	1	(704) 330-2722
0699	1	(704) 971-8546
0700	1	(252) 638-7200
0701	1	(828) 225-3993
0702	1	(704) 894-2000
0703	1	(336) 249-8186
0704	1	(919) 536-7200 x1015
0705	1	(252) 823-5166
0706	1	(252) 335-3400
0707	1	(336) 278-2000
0708	1	(800) 233-3271
0709	1	(910) 672-1111
0710	1	(704) 922-6200
0711	1	(336) 272-7102
0712	1	(252) 536-7242
0713	1	(336) 841-9000
0714	1	(336) 819-5900
0715	1	(980) 598-1000
0716	1	(919) 934-3051
0717	1	(828) 898-5241 x0
0718	1	(704) 216-6000
0719	1	(919) 496-2521
0720	1	(910) 392-4660
0721	1	(704) 878-3200
0722	1	(828) 669-8012
0723	1	(310) 531-9700
0724	1	(510) 217-4700
0725	1	(619) 234-2181 x309
0726	1	(704) 658-1950
0727	1	(252) 443-4011
0728	1	(336) 334-7500
0729	1	(919) 530-6100
0730	1	(252) 985-5100
0731	1	(336) 633-0200
0732	1	(910) 410-1700
0733	1	(704) 216-3602
0734	1	(704) 982-0121
0735	1	(704) 717-2392
0736	1	(800) 233-3271
0737	1	(919) 962-2211
0738	1	(336) 334-5000
0739	1	(704) 504-5409
0740	1	(252) 492-2061
0741	1	(919) 866-5000
0742	1	(828) 771-2000
0743	1	(919) 470-7348 x7344
0744	1	(336) 838-6100
0745	1	(252) 291-1195
0746	1	(701) 252-3467
0747	1	(701) 478-6292
0748	1	(701) 772-2728
0749	1	(701) 223-8804 x108
0750	1	(701) 323-6271
0751	1	(701) 231-8011
0752	1	(701) 478-1772
0753	1	(402) 398-5527
0754	1	(308) 432-6000
0755	1	(402) 466-4774
0756	1	(402) 463-2402
0757	1	(402) 463-4521
0758	1	(402) 421-7410
0759	1	(619) 474-6607 x0
0760	1	(714) 517-1945
0761	1	(408) 428-0208
0762	1	(323) 299-8133
0763	1	(949) 341-9800
0764	1	(402) 331-3694
0765	1	(402) 471-3333
0766	1	(402) 898-1000
0767	1	(402) 393-2933 x1007
0768	1	(603) 646-1110
0769	1	(603) 792-1400
0770	1	(603) 228-3000
0771	1	(603) 352-1909
0772	1	(603) 524-3207 x701
0773	1	(603) 882-6923
0774	1	(603) 298-5199
0775	1	(603) 436-7775
0776	1	(603) 641-4321
0777	1	(856) 755-4800
0778	1	(609) 645-3635
0779	1	(609) 625-1111
0780	1	(973) 278-5400
0781	1	(973) 748-9000
0782	1	(732) 224-2345
0783	1	(800) 232-2774
0784	1	(908) 412-8600
0785	1	(570) 429-4321 x2414
0786	1	(973) 328-5000
0787	1	(856) 691-8600
0788	1	(908) 352-5509
0789	1	(973) 408-3000
0790	1	(201) 216-9901 x15
0791	1	(201) 327-8877
0792	1	(201) 692-2000
0793	1	(201) 559-6000
0794	1	(732) 987-2200
0795	1	(856) 468-5000
0796	1	(201) 833-3374 x3374
0797	1	(908) 737-5326
0798	1	(973) 778-8136
0799	1	(916) 649-2400 x230
0800	1	(213) 484-8850
0801	1	(530) 895-2511
0802	1	(916) 646-3523
0803	1	(951) 689-5771
0804	1	(818) 710-1310
0805	1	(714) 635-6585 x212
0806	1	(559) 251-4215
0807	1	(732) 548-8798 x42117
0808	1	(201) 845-6868
0809	1	(973) 655-4000
0810	1	(908) 668-2400
0811	1	(201) 659-0303
0812	1	(732) 247-5241
0813	1	(201) 487-2203 x10
0814	1	(201) 761-0144
0815	1	(732) 287-3622 x13
0816	1	(856) 317-0100
0817	1	(908) 526-1200
0818	1	(609) 896-5000
0819	1	(856) 225-6095
0820	1	(732) 932-1766
0821	1	(973) 353-1766
0822	1	(201) 761-6000
0823	1	(973) 882-4875
0824	1	(609) 771-1855
0825	1	(505) 559-5200
0826	1	(505) 254-7777
0827	1	(505) 769-2811
0828	1	(575) 556-1080
0829	1	(575) 562-1011
0830	1	(800) 428-8324
0831	1	(575) 234-9200
0832	1	(575) 527-7500
0833	1	(505) 984-6000
0834	1	(505) 888-0020
0835	1	(505) 662-5919
0836	1	(575) 392-6561
0837	1	(505) 538-6336
0838	1	(256) 766-6610
0839	1	(256) 539-0834
0840	1	(256) 782-5781
0841	1	(251) 580-2100
0842	1	(256) 306-2500
0843	1	(310) 826-7622
0844	1	(626) 395-6811
0845	1	(707) 654-1000
0846	1	(661) 654-2782
0847	1	(530) 898-6116
0848	1	(702) 688-4300
0849	1	(702) 567-1920 x148
0850	1	(702) 992-2000
0851	1	(702) 458-9650
0852	1	(702) 369-9944
0853	1	(702) 895-3011
0854	1	(775) 828-7999
0855	1	(702) 990-4433
0856	1	(775) 445-3000
0857	1	(212) 290-2289
0858	1	(212) 227-6353
0859	1	(718) 575-3223
0860	1	(518) 262-3125
0861	1	(212) 645-3300
0862	1	(212) 875-4400
0863	1	(845) 758-6822
0864	1	(845) 343-2171 x302
0865	1	(718) 729-0909
0866	1	(212) 986-4343
0867	1	(914) 694-1122
0868	1	(718) 261-5800
0869	1	(607) 778-5000
0870	1	(585) 292-5627
0871	1	(315) 652-6500
0872	1	(716) 883-7000
0873	1	(845) 623-6339
0874	1	(516) 877-1225
0875	1	(718) 422-1212
0876	1	(716) 376-8268
0877	1	(315) 253-0361
0878	1	(800) 654-3210
0879	1	(718) 339-2640
0880	1	(716) 652-8900 x7086
0881	1	(212) 307-0388
0882	1	(518) 562-4200
0883	1	(518) 561-0100
0884	1	(585) 271-1320
0885	1	(212) 854-1754
0886	1	(914) 337-9300
0887	1	(585) 344-0886
0888	1	(212) 353-4100
0889	1	(845) 452-9600
0890	1	(212) 220-8000
0891	1	(718) 289-5100
0892	1	(718) 951-5000
0893	1	(212) 650-7000
0894	1	(718) 982-2000
0895	1	(212) 772-4000
0896	1	(657) 278-2011
0897	1	(562) 985-4111
0898	1	(530) 674-9199
0899	1	(650) 306-3100
0900	1	(718) 260-5500
0901	1	(845) 359-7800
0902	1	(914) 361-6537
0903	1	(518) 243-4471
0904	1	(607) 733-7177
0905	1	(607) 735-1800
0906	1	(800) 223-3271
0907	1	(518) 464-8500
0908	1	(212) 219-8890
0909	1	(212) 944-5900 x3063
0910	1	(315) 859-4011
0911	1	(516) 796-1000
0912	1	(914) 633-2000
0913	1	(607) 274-3011
0914	1	(716) 338-1000
0915	1	(518) 783-0808
0916	1	(315) 279-5000
0917	1	(212) 752-1530
0918	1	(718) 939-5100
0919	1	(718) 780-1953
0920	1	(212) 247-3434
0921	1	(718) 862-8000
0922	1	(914) 694-2200
0923	1	(518) 438-3111
0924	1	(518) 471-3260
0925	1	(212) 255-8240 x30
0926	1	(718) 234-4000
0927	1	(718) 418-2790
0928	1	(315) 792-5400
0929	1	(516) 678-5000
0930	1	(914) 632-5400
0931	1	(716) 849-6887
0932	1	(315) 451-2430
0933	1	(585) 389-2525
0934	1	(323) 254-2203
0935	1	(619) 338-0813
0936	1	(916) 722-8200
0937	1	(510) 420-5100
0938	1	(925) 609-6650
0939	1	(916) 361-1660
0940	1	(510) 276-3888
0941	1	(518) 438-7682 x1
0942	1	(315) 568-3000
0943	1	(212) 725-9400
0944	1	(716) 633-0355
0945	1	(212) 261-1500
0946	1	(212) 431-2100
0947	1	(212) 998-1212
0948	1	(716) 614-6222
0949	1	(607) 431-2562
0950	1	(212) 346-1200
0951	1	(518) 327-6000
0952	1	(718) 260-3100
0953	1	(212) 226-7300
0954	1	(845) 471-0330
0955	1	(585) 922-4274
0956	1	(585) 475-2411
0957	1	(212) 327-8000
0958	1	(585) 385-8000
0959	1	(914) 968-6200
0960	1	(845) 398-4000
0961	1	(914) 874-2500 x2507
0962	1	(718) 817-8797
0963	1	(518) 783-2300
0964	1	(315) 475-5142
0965	1	(212) 840-7111
0966	1	(585) 271-3657
0967	1	(315) 448-5040
0968	1	(315) 229-5011
0969	1	(718) 990-6161
0970	1	(516) 364-4344 x13
0971	1	(212) 675-6655
0972	1	(877) 696-7411
0973	1	(845) 295-4136
0974	1	(585) 245-5211
0975	1	(516) 876-3000
0976	1	(315) 267-2000
0977	1	(212) 938-4000
0978	1	(315) 792-7100
0979	1	(212) 405-9008
0980	1	(818) 785-2726
0981	1	(805) 543-9123
0982	1	(831) 424-6767
0983	1	(518) 244-2000
0984	1	(845) 331-6680 x2218
0985	1	(845) 752-3000
0986	1	(212) 662-7100
0987	1	(315) 364-3266
0988	1	(513) 381-0049
0989	1	(330) 724-1600
0990	1	(330) 337-6403
0991	1	(513) 562-6262
0992	1	(513) 231-2223
0993	1	(740) 695-9500
0994	1	(419) 358-3000
0995	1	(419) 433-5560
0996	1	(419) 372-2531
0997	1	(614) 416-6200
0998	1	(513) 771-2424
0999	1	(419) 423-2211
1000	1	(440) 510-1112 x119
1001	1	(513) 645-8205
1002	1	(330) 628-3775
1003	1	(216) 391-8434
1004	1	(937) 376-6011
1005	1	(513) 875-3344
1006	1	(330) 744-8710
1007	1	(513) 244-8100
1008	1	(937) 325-0691
1009	1	(216) 421-7000
1010	1	(216) 241-2930
1011	1	(760) 322-2227
1012	1	(323) 563-4800
1013	1	(510) 204-0700
1014	1	(626) 963-0323
1015	1	(937) 433-1944
1016	1	(419) 473-2700
1017	1	(937) 294-6994
1018	1	(740) 548-0708 x3206
1019	1	(513) 932-4806
1020	1	(614) 253-7291
1021	1	(740) 283-3771
1022	1	(614) 797-4700
1023	1	(740) 446-4367
1024	1	(330) 867-6200
1025	1	(419) 874-4496
1026	1	(513) 221-1875
1027	1	(330) 569-3211
1028	1	(800) 233-3271
1029	1	(216) 397-1886
1030	1	(937) 294-6155
1031	1	(330) 499-9600
1032	1	(440) 525-7000
1033	1	(440) 366-5222
1034	1	(440) 774-1051 x2322
1035	1	(330) 729-4100 x1901
1036	1	(513) 727-3200
1037	1	(937) 332-8580 x302
1038	1	(614) 234-5800
1039	1	(740) 826-8211
1040	1	(330) 499-5596
1041	1	(513) 761-1291
1042	1	(440) 944-0825
1043	1	(330) 759-0205
1044	1	(330) 386-0445 x4018
1045	1	(740) 867-6641 x202
1046	1	(440) 934-3101 x130
1047	1	(909) 621-8000
1048	1	(909) 447-2500
1049	1	(714) 546-7600
1050	1	(714) 633-5950
1051	1	(408) 541-0100
1052	1	(714) 568-5399
1053	1	(614) 253-2741
1054	1	(937) 599-3010 x1398
1055	1	(419) 772-2000
1056	1	(330) 287-1330
1057	1	(419) 995-8600
1058	1	(614) 292-6446
1059	1	(740) 725-6111
1060	1	(740) 366-9333
1061	1	(740) 654-6711
1062	1	(740) 593-1000
1063	1	(740) 368-2000
1064	1	(567) 661-7000
1065	1	(740) 289-2282 x101
1066	1	(440) 891-7600
1067	1	(800) 787-6456
1068	1	(216) 475-7520
1069	1	(937) 393-3431
1070	1	(513) 421-3212
1071	1	(937) 746-6633 x45101
1072	1	(513) 874-0432
1073	1	(937) 328-8988
1074	1	(614) 310-6700
1075	1	(440) 471-6400
1076	1	(614) 891-3200
1077	1	(513) 851-3800
1078	1	(513) 751-1206
1079	1	(513) 585-2401
1080	1	(614) 478-0922
1081	1	(330) 963-0119
1082	1	(419) 873-9999 x3
1083	1	(740) 377-2520
1084	1	(330) 369-3200
1085	1	(800) 861-6400
1086	1	(800) 221-8308
1087	1	(513) 556-6000
1088	1	(800) 992-6682
1089	1	(419) 227-3141
1090	1	(513) 772-9600
1091	1	(937) 484-1301
1092	1	(513) 932-8145 x5249
1093	1	(419) 586-0300
1094	1	(760) 346-8041
1095	1	(707) 476-4100
1096	1	(530) 938-5555
1097	1	(818) 345-8414
1098	1	(323) 937-7772
1099	1	(909) 884-8891
1100	1	(918) 785-4240
1101	1	(918) 683-4581 x7340
1102	1	(918) 251-9669
1103	1	(918) 628-3700
1104	1	(405) 262-2629
1105	1	(918) 234-9444
1106	1	(918) 234-9444
1107	1	(918) 234-9444
1108	1	(405) 722-4499
1109	1	(405) 722-4499
1110	1	(918) 463-2931
1111	1	(405) 767-9516
1112	1	(580) 237-6677
1113	1	(405) 273-5331
1114	1	(405) 717-7799
1115	1	(580) 256-6618
1116	1	(918) 465-2323
1117	1	(405) 377-3333
1118	1	(405) 424-8324
1119	1	(580) 371-2371
1120	1	(918) 825-7040
1121	1	(580) 327-0344
1122	1	(918) 748-9900
1123	1	(580) 349-2611
1124	1	(918) 293-4678
1125	1	(405) 744-5000
1126	1	(405) 947-4421
1127	1	(405) 733-7311
1128	1	(405) 878-5100
1129	1	(580) 745-2000
1130	1	(405) 789-7661
1131	1	(918) 245-6627
1132	1	(918) 333-2422
1133	1	(405) 325-0311
1134	1	(405) 842-8007
1135	1	(580) 477-2000
1136	1	(510) 235-7800
1137	1	(805) 546-3100 x3946
1138	1	(714) 484-7000
1139	1	(541) 779-8384
1140	1	(503) 761-6100
1141	1	(503) 657-6958
1142	1	(503) 505-5492
1143	1	(503) 255-6500
1144	1	(541) 882-3521
1145	1	(541) 463-3000
1146	1	(503) 883-2200
1147	1	(503) 413-7161
1148	1	(503) 255-0332
1149	1	(503) 649-1388
1150	1	(503) 245-5288
1151	1	(503) 253-3443
1152	1	(503) 226-4391
1153	1	(541) 753-6466
1154	1	(541) 382-6171
1155	1	(541) 479-6678
1156	1	(541) 772-6155
1157	1	(503) 239-0838
1158	1	(503) 652-2668
1159	1	(503) 274-1717
1160	1	(503) 244-6111
1161	1	(503) 771-1112
1162	1	(541) 956-7501
1163	1	(541) 888-2525
1164	1	(503) 842-8222
1165	1	(541) 881-8822
1166	1	(541) 440-4600
1167	1	(503) 363-9001
1168	1	(503) 838-8000
1169	1	(503) 517-1800
1170	1	(412) 535-0560
1171	1	(215) 735-1685 x10
1172	1	(610) 921-2381
1173	1	(412) 823-1818
1174	1	(610) 796-8200
1175	1	(610) 526-1000
1176	1	(610) 338-2300
1177	1	(215) 572-2900
1178	1	(215) 259-1900
1179	1	(412) 323-4000
1180	1	(412) 391-6710
1181	1	(570) 577-2000
1182	1	(215) 258-7700
1183	1	(814) 536-5168
1184	1	(570) 346-8728
1185	1	(412) 367-4000
1186	1	(412) 578-6000
1187	1	(412) 268-2000
1188	1	(610) 384-6214
1189	1	(412) 365-1100
1190	1	(215) 248-7000
1191	1	(925) 685-1230
1192	1	(415) 457-4440
1193	1	(323) 265-8650
1194	1	(310) 900-1600
1195	1	(310) 532-3670
1196	1	(814) 255-8200
1197	1	(412) 323-2323
1198	1	(724) 480-2222
1199	1	(610) 666-9060
1200	1	(814) 724-6028
1201	1	(215) 345-1500
1202	1	(215) 895-2000
1203	1	(814) 371-6920
1204	1	(814) 371-6920
1205	1	(570) 422-3211
1206	1	(215) 784-4800
1207	1	(800) 223-3271
1208	1	(800) 223-3271
1209	1	(800) 223-3271
1210	1	(800) 233-3271
1211	1	(800) 223-3271
1212	1	(814) 868-9900
1213	1	(570) 288-8400
1214	1	(570) 558-1818 x1911
1215	1	(717) 291-3911
1216	1	(717) 337-6000
1217	1	(814) 864-6666
1218	1	(724) 458-2000
1219	1	(215) 646-7300
1220	1	(610) 525-4100
1221	1	(717) 293-5000
1222	1	(412) 269-7520
1223	1	(814) 643-0951
1224	1	(215) 288-9080
1225	1	(610) 807-9221
1226	1	(717) 565-1700
1227	1	(412) 937-9150
1228	1	(570) 342-6404
1229	1	(570) 945-8000
1230	1	(412) 367-9300
1231	1	(717) 544-4912
1232	1	(215) 362-2322
1233	1	(724) 983-0700
1234	1	(215) 335-0800
1235	1	(484) 365-8000
1236	1	(570) 484-2011
1237	1	(707) 546-4000
1238	1	(916) 348-4689
1239	1	(951) 694-4323
1240	1	(510) 582-9500
1241	1	(909) 484-4311
1242	1	(818) 774-0550
1243	1	(215) 248-4616
1244	1	(570) 307-2000
1245	1	(484) 223-4600
1246	1	(570) 622-7622
1247	1	(717) 248-3933
1248	1	(717) 872-3024
1249	1	(570) 674-6400
1250	1	(610) 861-1360
1251	1	(800) 264-9845
1252	1	(610) 861-5300
1253	1	(570) 265-8113
1254	1	(724) 335-5336
1255	1	(412) 777-6204
1256	1	(610) 892-1200
1257	1	(610) 285-5000
1258	1	(570) 385-6000
1259	1	(717) 771-4000
1260	1	(215) 752-5800
1261	1	(215) 871-6770
1262	1	(215) 951-2700
1263	1	(412) 346-2100
1264	1	(412) 809-5100
1265	1	(412) 362-5610
1266	1	(412) 391-4100
1267	1	(800) 762-0097
1268	1	(215) 487-4344
1269	1	(814) 472-3000
1270	1	(724) 539-9761
1271	1	(724) 805-2592
1272	1	(215) 780-1400
1273	1	(215) 436-6900
1274	1	(610) 954-3401
1275	1	(724) 741-1003
1276	1	(570) 374-0101
1277	1	(570) 504-7000
1278	1	(610) 437-4626
1279	1	(800) 664-1842
1280	1	(205) 929-1000 x1645
1281	1	(256) 726-7000
1282	1	(256) 464-8886
1283	1	(251) 578-1313
1284	1	(251) 343-8200
1285	1	(256) 593-5120
1286	1	(909) 777-3300
1287	1	(408) 246-4171
1288	1	(714) 656-1000
1289	1	(310) 840-5777
1290	1	(408) 274-7900
1291	1	(510) 654-2934
1292	1	(530) 283-0202
1293	1	(724) 589-2000
1294	1	(215) 955-6000
1295	1	(570) 988-0700
1296	1	(215) 898-5000
1297	1	(412) 747-9000
1298	1	(412) 623-2950
1299	1	(814) 269-7000
1300	1	(215) 596-8800
1301	1	(610) 935-0450
1302	1	(610) 519-4500
1303	1	(724) 503-1001
1304	1	(724) 223-3326
1305	1	(610) 436-1000
1306	1	(412) 578-5531
1307	1	(215) 887-5511
1308	1	(717) 541-3900
1309	1	(610) 499-4000
1310	1	(717) 264-4141
1311	1	(800) 822-8253
1312	1	(717) 846-7788
1313	1	(717) 741-0820 x4306
1314	1	(717) 761-1481
1315	1	(717) 757-1100
1316	1	(787) 621-2835 x3010
1317	1	(787) 840-7880
1318	1	(787) 780-4242
1319	1	(787) 780-0070 x51001
1320	1	(787) 882-7222
1321	1	(787) 779-2500
1322	1	(787) 839-5266 x22
1323	1	(787) 480-2400
1324	1	(787) 856-0845
1325	1	(787) 744-8519
1326	1	(787) 765-3560
1327	1	(787) 759-7599 x206
1328	1	(787) 746-1400 x1007
1329	1	(787) 878-6000
1330	1	(787) 832-6000 x229
1331	1	(787) 982-3000 x1037
1332	1	(787) 878-5475 x2268
1333	1	(787) 264-1912
1334	1	(787) 743-5327 x24
1335	1	(831) 476-9424 x32
1336	1	(916) 608-6572
1337	1	(909) 783-9331
1338	1	(909) 937-9007
1339	1	(626) 584-5200
1340	1	(787) 778-1200
1341	1	(787) 744-1060 x1000
1342	1	(787) 778-0300
1343	1	(787) 780-5134 x4000
1344	1	(787) 834-5151
1345	1	(787) 740-6810
1346	1	(787) 722-2293
1347	1	(787) 834-9595 x0
1348	1	(787) 622-8000
1349	1	(787) 731-5400
1350	1	(787) 993-0000 x3050
1351	1	(787) 832-4040
1352	1	(787) 728-1515
1353	1	(401) 863-1000
1354	1	(401) 725-6882
1355	1	(401) 865-1000
1356	1	(401) 454-6100
1357	1	(401) 456-3050 x3050
1358	1	(401) 874-1000
1359	1	(803) 254-4165
1360	1	(864) 231-2000
1361	1	(803) 778-1961
1362	1	(803) 754-7544
1363	1	(843) 569-0889
1364	1	(843) 329-1000
1365	1	(843) 863-7000
1366	1	(843) 383-8000
1367	1	(803) 786-3012
1368	1	(818) 956-4915 x220
1369	1	(818) 240-1000
1370	1	(323) 466-6663
1371	1	(510) 649-2400
1372	1	(626) 934-2871
1373	1	(843) 661-8324
1374	1	(800) 342-7342
1375	1	(843) 347-3186
1376	1	(864) 587-6000
1377	1	(803) 648-6181
1378	1	(803) 425-8449
1379	1	(800) 795-7151 x0
1380	1	(843) 423-1941
1381	1	(843) 792-2300
1382	1	(803) 738-8324
1383	1	(864) 977-7000
1384	1	(803) 536-0311
1385	1	(864) 529-3603
1386	1	(803) 799-9082
1387	1	(864) 644-5000
1388	1	(843) 746-5100
1389	1	(803) 750-2500
1390	1	(803) 773-7311
1391	1	(843) 208-8000
1392	1	(803) 313-7000
1393	1	(803) 775-8727
1394	1	(843) 614-4300
1395	1	(605) 322-1720
1396	1	(605) 348-4247 x0
1397	1	(605) 882-5284
1398	1	(605) 718-6550
1399	1	(605) 455-6000
1400	1	(800) 952-3541
1401	1	(901) 432-3800
1402	1	(901) 572-2468
1403	1	(931) 684-4080
1404	1	(865) 471-2000
1405	1	(831) 755-6700
1406	1	(909) 621-8000
1407	1	(209) 438-4222
1408	1	(916) 414-2700 x2746
1409	1	(415) 808-3000
1410	1	(209) 473-5200
1411	1	(901) 761-9494
1412	1	(615) 444-2562
1413	1	(615) 361-7555
1414	1	(615) 217-9347
1415	1	(800) 223-3271
1416	1	(423) 476-3742
1417	1	(800) 348-3481
1418	1	(423) 442-2001
1419	1	(731) 632-9533
1420	1	(423) 510-6800
1421	1	(865) 671-2800
1422	1	(423) 968-1187
1423	1	(901) 435-1000
1424	1	(423) 614-8000
1425	1	(423) 869-3611 x6377
1426	1	(931) 363-9800
1427	1	(615) 327-6111
1428	1	(615) 898-2300
1429	1	(423) 510-9675 x200
1430	1	(931) 393-1500
1431	1	(931) 526-1478
1432	1	(800) 228-6232
1433	1	(423) 424-1211
1434	1	(901) 345-1000
1435	1	(901) 843-3000
1436	1	(865) 354-3000
1437	1	(865) 288-6000
1438	1	(615) 871-2260
1439	1	(901) 383-6750
1440	1	(901) 757-4166
1441	1	(901) 382-9085
1442	1	(865) 588-7878
1443	1	(731) 632-3393 x221
1444	1	(615) 441-6220
1445	1	(931) 796-5351 x124
1446	1	(731) 352-5364
1447	1	(901) 543-6100
1448	1	(615) 898-8010
1449	1	(615) 425-5500 x5500
1450	1	(731) 627-2511
1451	1	(731) 644-7365
1452	1	(731) 635-3368 x207
1453	1	(731) 254-8521
1454	1	(423) 493-4100
1455	1	(800) 233-3271
1456	1	(865) 974-1000
1457	1	(423) 636-7300
1458	1	(510) 436-1000
1459	1	(714) 879-3901
1460	1	(209) 543-9411 x10
1461	1	(209) 478-0800
1462	1	(310) 482-6996
1463	1	(760) 352-8320
1464	1	(562) 804-1239
1465	1	(615) 322-7311
1466	1	(901) 761-5730
1467	1	(901) 381-3939
1468	1	(615) 452-8600
1469	1	(615) 383-4848
1470	1	(901) 726-1977
1471	1	(325) 674-2000
1472	1	(512) 251-1644 x108
1473	1	(817) 695-2474
1474	1	(806) 747-4339
1475	1	(325) 672-8495
1476	1	(214) 890-9900
1477	1	(713) 664-5300
1478	1	(903) 813-2000
1479	1	(512) 223-7000
1480	1	(972) 860-4700
1481	1	(817) 226-1900
1482	1	(972) 860-8201
1483	1	(361) 358-2838
1484	1	(409) 938-1211
1485	1	(972) 881-5790
1486	1	(210) 428-2000
1487	1	(512) 313-3000
1488	1	(830) 896-2380
1489	1	(972) 669-0494
1490	1	(713) 692-0077
1491	1	(210) 222-1113
1492	1	(214) 333-7100
1493	1	(214) 824-3094
1494	1	(512) 472-4133
1495	1	(817) 566-7700
1496	1	(806) 355-9111
1497	1	(409) 722-4072
1498	1	(713) 645-9060
1499	1	(210) 733-3056
1500	1	(310) 847-8400
1501	1	(951) 779-0700
1502	1	(949) 675-4451
1503	1	(858) 505-1100 x310
1504	1	(281) 649-3000
1505	1	(281) 535-0290
1506	1	(281) 219-3305
1507	1	(512) 505-3000
1508	1	(713) 522-7799
1509	1	(210) 530-9449
1510	1	(915) 842-0422
1511	1	(210) 694-4612
1512	1	(956) 630-1499
1513	1	(817) 413-2000
1514	1	(806) 765-7051
1515	1	(210) 308-8584
1516	1	(210) 366-5500
1517	1	(214) 647-8500 x8540
1518	1	(281) 427-5611
1519	1	(903) 233-3000
1520	1	(972) 660-5701
1521	1	(806) 796-8800
1522	1	(713) 957-0050
1523	1	(512) 447-2002
1524	1	(806) 353-3500
1525	1	(806) 371-7600
1526	1	(512) 651-4100
1527	1	(903) 434-8100
1528	1	(972) 291-1541
1529	1	(817) 274-5088
1530	1	(817) 665-1329
1531	1	(210) 486-3000
1532	1	(972) 438-6932
1533	1	(214) 379-5577
1534	1	(832) 484-9100
1535	1	(713) 783-3999 x14
1536	1	(800) 787-6456
1537	1	(800) 787-6456
1538	1	(800) 787-6456
1539	1	(281) 554-1700
1540	1	(713) 348-0000
1541	1	(512) 448-8400
1542	1	(281) 458-4050
1543	1	(281) 484-1900
1544	1	(832) 325-4500
1545	1	(909) 971-2300
1546	1	(818) 364-5151
1547	1	(310) 380-1555
1548	1	(830) 372-0935
1549	1	(713) 659-8040
1550	1	(956) 399-9698
1551	1	(956) 969-1564
1552	1	(512) 437-7507
1553	1	(512) 437-7507
1554	1	(830) 278-4401
1555	1	(972) 524-3341 x107
1556	1	(512) 863-6511
1557	1	(210) 436-3011
1558	1	(210) 486-2000
1559	1	(979) 845-3211
1560	1	(361) 825-5700
1561	1	(979) 458-7200
1562	1	(214) 943-7255
1563	1	(214) 943-7255
1564	1	(713) 953-0262
1565	1	(713) 953-0262
1566	1	(817) 257-7000
1567	1	(903) 593-8311 x2200
1568	1	(512) 444-8082
1569	1	(713) 932-9333
1570	1	(956) 364-4000
1571	1	(806) 743-2484 x254
1572	1	(817) 531-4444
1573	1	(210) 298-3600
1574	1	(713) 470-2427
1575	1	(817) 923-8459
1576	1	(512) 471-3434
1577	1	(210) 458-4011
1578	1	(713) 500-4472
1579	1	(210) 567-2621
1580	1	(432) 552-2020
1581	1	(214) 956-0088
1582	1	(972) 513-1176 x1176
1583	1	(210) 999-7011
1584	1	(915) 533-8274
1585	1	(281) 443-6262 x0000
1586	1	(281) 283-7600
1587	1	(713) 221-8000
1588	1	(940) 565-2000
1589	1	(210) 524-2100
1590	1	(210) 829-6000
1591	1	(512) 371-3500
1592	1	(714) 774-8736
1593	1	(510) 549-5000
1594	1	(661) 836-6300
1595	1	(559) 325-5100
1596	1	(325) 573-8511
1597	1	(713) 777-4433
1598	1	(903) 927-3300
1599	1	(801) 465-1650
1600	1	(801) 816-1444
1601	1	(801) 377-2900
1602	1	(801) 375-1501
1603	1	(435) 753-6780
1604	1	(801) 304-4224 x1120
1605	1	(801) 300-4300
1606	1	(801) 426-8234
1607	1	(801) 593-2500
1608	1	(801) 565-5110
1609	1	(801) 546-7500
1610	1	(801) 713-0915
1611	1	(435) 673-5233
1612	1	(801) 524-8100
1613	1	(562) 945-2211
1614	1	(801) 484-7624
1615	1	(801) 302-2800
1616	1	(801) 627-8227
1617	1	(801) 627-8300
1618	1	(801) 692-6400
1619	1	(801) 373-2887
1620	1	(801) 486-0101
1621	1	(435) 673-7696
1622	1	(435) 283-7000
1623	1	(435) 896-8202 x211
1624	1	(435) 586-7700
1625	1	(801) 281-7600
1626	1	(435) 722-6900
1627	1	(801) 521-3330
1628	1	(435) 797-9700
1629	1	(801) 863-8161
1630	1	(276) 498-4190 x5230
1631	1	(800) 448-5233
1632	1	(757) 826-1883 x245
1633	1	(276) 326-3682
1634	1	(757) 874-2121
1635	1	(703) 778-4444
1636	1	(757) 549-2121
1637	1	(804) 330-0111
1638	1	(703) 206-0508
1639	1	(540) 863-2815
1640	1	(434) 797-2222
1641	1	(703) 414-4000
1642	1	(209) 462-8777
1643	1	(760) 630-1555
1644	1	(818) 779-8040
1645	1	(213) 629-3303
1646	1	(213) 381-3333 x1701
1647	1	(951) 785-2000
1648	1	(510) 834-5740
1649	1	(757) 361-3900
1650	1	(703) 288-3131
1651	1	(757) 873-1111
1652	1	(804) 323-1020
1653	1	(757) 499-5447
1654	1	(540) 423-9030
1655	1	(800) 869-9322 x100
1656	1	(434) 223-6000
1657	1	(703) 263-2541
1658	1	(757) 466-1260
1659	1	(703) 440-9535
1660	1	(434) 544-8100
1661	1	(276) 523-2400
1662	1	(757) 683-3000
1663	1	(757) 352-4127
1664	1	(804) 862-6100
1665	1	(434) 848-3111
1666	1	(703) 556-8888
1667	1	(703) 533-0200 x115
1668	1	(757) 388-2900
1669	1	(540) 665-4500
1670	1	(804) 765-5800
1671	1	(276) 964-2555
1672	1	(800) 444-0804
1673	1	(804) 763-6300
1674	1	(757) 873-3100
1675	1	(703) 878-2800
1676	1	(757) 493-6700
1677	1	(703) 358-9550
1678	1	(757) 858-8324
1679	1	(540) 654-1000
1680	1	(804) 288-3390
1681	1	(804) 828-0100
1682	1	(540) 231-6000
1683	1	(757) 455-3200
1684	1	(340) 778-1620 x0000
1685	1	(925) 424-1000
1686	1	(530) 257-6181
1687	1	(510) 780-4500
1688	1	(510) 628-8010
1689	1	(909) 558-1000
1690	1	(310) 305-8236
1691	1	(323) 953-4000
1692	1	(310) 233-4000
1693	1	(802) 660-0600
1694	1	(802) 862-9616
1695	1	(802) 864-8436
1696	1	(802) 468-5611
1697	1	(802) 828-2800
1698	1	(802) 626-6200
1699	1	(802) 254-0152
1700	1	(802) 258-9200
1701	1	(802) 443-5000
1702	1	(802) 828-8500
1703	1	(802) 223-6324
1704	1	(802) 654-2000
1705	1	(802) 257-7751
1706	1	(802) 447-6324
1707	1	(802) 828-8600
1708	1	(802) 831-1000
1709	1	(206) 264-9100
1710	1	(360) 752-7000
1711	1	(253) 473-4320
1712	1	(425) 637-1010 x3563
1713	1	(253) 589-5800
1714	1	(253) 943-2800
1715	1	(206) 783-5542
1716	1	(360) 693-1511
1717	1	(425) 789-7960
1718	1	(360) 254-3282
1719	1	(425) 388-9100
1720	1	(425) 423-9186
1721	1	(253) 839-4338
1722	1	(360) 532-9020
1723	1	(509) 465-3033
1724	1	(509) 467-1727
1725	1	(206) 244-3300
1726	1	(425) 822-8266
1727	1	(360) 792-6050
1728	1	(509) 453-0374
1729	1	(253) 840-8400
1730	1	(206) 322-6100
1731	1	(206) 527-3600
1732	1	(206) 764-5300
1733	1	(206) 281-2000
1734	1	(206) 546-4101
1735	1	(206) 542-1111 x5
1736	1	(251) 380-4000
1737	1	(205) 348-6010
1738	1	(334) 834-1400
1739	1	(818) 364-7600
1740	1	(323) 966-5444 x210
1741	1	(323) 464-5200
1742	1	(818) 947-2600
1743	1	(425) 352-5000
1744	1	(509) 586-9979
1745	1	(509) 527-2615
1746	1	(509) 358-7500
1747	1	(509) 682-6800
1748	1	(360) 383-3000
1749	1	(509) 574-4600
1750	1	(414) 525-1700
1751	1	(414) 747-4360
1752	1	(920) 433-6699 x6632
1753	1	(262) 692-9500
1754	1	(414) 302-7000
1755	1	(414) 410-4000
1756	1	(262) 547-1211
1757	1	(920) 684-3028
1758	1	(920) 684-3028
1759	1	(920) 684-3028
1760	1	(920) 735-5600
1761	1	(608) 779-2600
1762	1	(800) 582-1227
1763	1	(262) 554-2010
1764	1	(414) 257-2939
1765	1	(262) 879-0200
1766	1	(715) 798-3525
1767	1	(920) 684-6691
1768	1	(608) 822-3262
1769	1	(715) 845-2888
1770	1	(608) 781-8772 x6
1771	1	(920) 465-2000
1772	1	(920) 424-1234
1773	1	(262) 595-2573
1774	1	(715) 582-4104
1775	1	(715) 468-2815
1776	1	(858) 547-9260
1777	1	(909) 984-5884
1778	1	(562) 945-2211
1779	1	(562) 945-2211
1780	1	(304) 253-8326
1781	1	(304) 734-6601
1782	1	(888) 384-5249
1783	1	(304) 434-8000
1784	1	(304) 776-6290
1785	1	(304) 472-1259
1786	1	(304) 754-7925
1787	1	(304) 204-4093
1788	1	(304) 425-9551
1789	1	(304) 291-9240 x223
1790	1	(304) 727-9999
1791	1	(304) 366-8142
1792	1	(304) 372-7335
1793	1	(304) 876-5000
1794	1	(304) 252-9547
1795	1	(304) 645-6270
1796	1	(304) 766-3000
1797	1	(800) 735-8418
1798	1	(307) 674-6446 x0
1799	1	(307) 633-9900
1800	1	(307) 766-1121
1801	1	(562) 945-2211
1802	1	(562) 945-2211
1803	1	(562) 945-2211
1804	1	(562) 945-2211
1805	1	(562) 945-2211
1806	1	(310) 377-5501
1807	1	(707) 468-3235
1808	1	(510) 531-4911
1809	1	(559) 684-3900
1810	1	(925) 686-8100
1811	1	(831) 647-4100
1812	1	(310) 954-4000
1813	1	(916) 969-4900
1814	1	(800) 628-8648
1815	1	(562) 498-4500
1816	1	(510) 635-4371
1817	1	(951) 351-7750
1818	1	(650) 508-3500
1819	1	(323) 259-2500
1820	1	(760) 757-6161 x215
1821	1	(720) 859-7900
1822	1	(303) 300-8740
1823	1	(800) 621-8559
1824	1	(719) 549-2100
1825	1	(334) 448-5100
1826	1	(256) 824-6120
1827	1	(256) 765-4100
1828	1	(205) 421-1200
1829	1	(205) 652-3400
1830	1	(205) 802-1200 x1186
1831	1	(256) 533-7387
1832	1	(303) 861-1151
1833	1	(303) 494-7988
1834	1	(303) 761-2482
1835	1	(570) 429-4321 x2414
1836	1	(570) 429-4321 x2414
1837	1	(570) 429-4321 x2414
1838	1	(970) 247-7010
1839	1	(970) 945-0485
1840	1	(303) 556-3058
1841	1	(970) 542-3100
1842	1	(303) 444-0202
1843	1	(303) 876-7100
1844	1	(719) 884-5000
1845	1	(719) 384-6831
1846	1	(303) 344-4910 x27734
1847	1	(719) 502-2000
1848	1	(303) 426-1800
1849	1	(719) 549-3200
1850	1	(800) 787-6456
1851	1	(303) 753-6046
1852	1	(303) 581-9955
1853	1	(719) 846-5011
1854	1	(970) 351-1890
1855	1	(303) 426-7000
1856	1	(860) 253-3000
1857	1	(203) 287-1500
1858	1	(860) 482-0189
1859	1	(203) 579-6333
1860	1	(203) 879-4247
1861	1	(860) 913-2005
1862	1	(860) 827-7736 x307
1863	1	(860) 509-9500
1864	1	(203) 332-5000
1865	1	(860) 627-4300
1866	1	(860) 895-6100
1867	1	(860) 668-3500
1868	1	(860) 701-5000
1869	1	(203) 857-7060
1870	1	(203) 888-0097
1871	1	(203) 287-3031
1872	1	(203) 744-0900
1873	1	(860) 741-2561
1874	1	(860) 774-1130
1875	1	(860) 548-2400
1876	1	(203) 324-4578
1877	1	(860) 569-0618 x208
1878	1	(860) 569-0618
1879	1	(203) 381-9250
1880	1	(203) 335-0364
1881	1	(860) 297-2000
1882	1	(860) 444-8444
1883	1	(203) 576-4000
1884	1	(203) 932-7000
1885	1	(203) 523-4700
1886	1	(860) 456-6871
1887	1	(203) 432-1333
1888	1	(202) 269-3666
1889	1	(202) 651-5000
1890	1	(202) 526-3799
1891	1	(202) 408-2400
1892	1	(202) 706-5052
1893	1	(202) 274-5012
1894	1	(302) 857-6060
1895	1	(302) 857-1000
1896	1	(302) 737-5100 x101
1897	1	(302) 831-2000
1898	1	(877) 967-5464
1899	1	(561) 683-1400
1900	1	(321) 452-8490
1901	1	(561) 965-5550
1902	1	(305) 595-9500
1903	1	(800) 225-9023
1904	1	(305) 362-5519
1905	1	(501) 370-4000
1906	1	(870) 762-1020 x1114
1907	1	(501) 882-3600
1908	1	(870) 512-7800
1909	1	(501) 982-8987
1910	1	(941) 379-0404
1911	1	(813) 654-4529 x202
1912	1	(954) 973-4760
1913	1	(239) 687-5300
1914	1	(305) 947-0832
1915	1	(904) 966-6764
1916	1	(305) 267-7277
1917	1	(941) 255-7500
1918	1	(850) 526-2761
1919	1	(850) 833-3500
1920	1	(954) 492-5353
1921	1	(407) 831-9816
1922	1	(352) 335-4000
1923	1	(727) 726-1153
1924	1	(305) 273-4499 x1100
1925	1	(305) 273-4499 x2200
1926	1	(305) 888-9200
1927	1	(813) 231-1800
1928	1	(954) 843-7930
1929	1	(305) 644-1171 x2006
1930	1	(386) 267-0565
1931	1	(386) 506-3000
1932	1	(941) 355-9080 x106
1933	1	(727) 867-1166
1934	1	(904) 470-8000
1935	1	(800) 222-3728
1936	1	(800) 223-3271
1937	1	(800) 233-3271
1938	1	(305) 386-9900
1939	1	(305) 949-9500
1940	1	(813) 621-0041
1941	1	(561) 912-1211 x109
1942	1	(305) 630-4400
1943	1	(305) 262-4748
1944	1	(850) 201-8070
1945	1	(850) 599-3000
1946	1	(407) 847-8966
1947	1	(813) 988-5131
1948	1	(305) 597-9599
1949	1	(386) 752-1822
1950	1	(407) 657-5033
1951	1	(850) 478-7611
1952	1	(305) 231-3326
1953	1	(305) 821-3333
1954	1	(352) 338-0766
1955	1	(863) 680-4111
1956	1	(305) 261-5511 x4814
1957	1	(501) 224-2442
1958	1	(870) 248-4000
1959	1	(479) 442-2914
1960	1	(479) 756-6060
1961	1	(501) 329-6872
1962	1	(863) 646-1400
1963	1	(850) 747-6918
1964	1	(850) 769-1551
1965	1	(305) 249-2275
1966	1	(407) 478-0500
1967	1	(813) 253-7000
1968	1	(954) 922-5505
1969	1	(813) 881-0007
1970	1	(954) 733-4800
1971	1	(727) 209-4700
1972	1	(305) 596-2226
1973	1	(904) 296-3440
1974	1	(863) 682-6020
1975	1	(407) 273-5800
1976	1	(954) 431-4300
1977	1	(772) 398-9990
1978	1	(941) 907-3900
1979	1	(850) 906-9494
1980	1	(561) 471-6000
1981	1	(352) 787-3747
1982	1	(239) 334-4544
1983	1	(727) 547-1822
1984	1	(754) 321-5700
1985	1	(561) 296-0824 x202
1986	1	(305) 596-5553
1987	1	(772) 221-9799
1988	1	(561) 304-3466
1989	1	(850) 973-2288
1990	1	(561) 845-1400
1991	1	(561) 803-2000
1992	1	(850) 484-1000
1993	1	(305) 642-4104
1994	1	(850) 983-5700
1995	1	(813) 246-7600
1996	1	(407) 562-9100
1997	1	(863) 419-3060
1998	1	(407) 646-2000
1999	1	(386) 312-4200
