university	embark	phone
2000	2000	2000	1994
0000	1	912 386-3230
0001	1	952 851-0066
0002	1	561 967-0899
0003	1	717 545-4747
0004	1	323 462-3211
0005	1	516-877-3050
0006	1	517-265-5161
0007	1	404-471-6285
0008	1	515 244-4221
0009	1	803 593-9231
0010	1	972 988-3202
0011	1	972 988-3202
0012	1	970 330-8008
0013	1	330 928-3400
0014	1	330 745-1111
0015	1	334 575-3156
0016	1	334 636-9642
0017	1	334-229-4291
0018	1	229-430-4646
0019	1	212-678-8832
0020	1	203-773-8501
0021	1	800-263-1549
0022	1	320 762-0221
0023	1	607-871-2115
0024	1	410 631-1818
0025	1	805 922-6966
0026	1	814 652-9528
0027	1	814 445-9848
0028	1	316 365-5116
0029	1	989-463-7139
0030	1	912 427-5800
0031	1	818 798-0777
0032	1	212 254-8520
0033	1	806 747-4339
0034	1	303 340-2788
0035	1	602-944-3335
0036	1	919 554-2500
0037	1	208 377-8080
0038	1	602 233-2222
0039	1	413-205-3201
0040	1	310-440-1247
0041	1	318 798-3333
0042	1	317 243-4519
0043	1	219 936-8898
0044	1	864-231-5607
0045	1	765-641-4080
0046	1	207 774-6126
0047	1	269-471-6343
0048	1	409 639-1301
0049	1	763 576-4700
0050	1	763 427-2600
0051	1	601 362-9991
0052	1	513 241-4338
0053	1	215 836-2222
0054	1	212 645-3300
0055	1	503 761-6100
0056	1	828-262-2120
0057	1	703 527-6660
0058	1	303 797-4222
0059	1	215-572-2910
0060	1	480 545-8755
0061	1	623 849-8208
0062	1	480-965-7788
0063	1	602-543-8203
0064	1	602 726-1000
0065	1	870-972-3024
0066	1	501 882-6452
0067	1	870 512-7800
0068	1	704 357-8020
0069	1	303-837-0825
0070	1	949-376-6000
0071	1	859-858-3511
0072	1	606 329-2999
0073	1	606 928-6427, extension 2
0074	1	860 253-3000
0075	1	480-965-3332
0076	1	706 542-8050
0077	1	817 284-1141
0078	1	305 628-1000
0079	1	770 242-7717
0080	1	770 454-7167
0081	1	609 625-2249
0082	1	954 977-2000
0083	1	334-844-4080
0084	1	334-244-3611
0085	1	212-343-1234
0086	1	612-330-1001
0087	1	309-794-7341
0088	1	903-813-3000
0089	1	512 223-7000
0090	1	610 363-6716
0091	1	816 501-3601
0092	1	816-942-8400
0093	1	626-812-3016
0094	1	781-239-5522
0095	1	781-239-5591
0096	1	918 683-4581
0097	1	661 395-4011
0098	1	440-826-2222
0099	1	765-285-8300
0100	1	410 462-8000
0101	1	410 752-4710
0102	1	570-586-2400
0103	1	617 364-3510
0104	1	704-789-2901
0105	1	717 763-4787
0106	1	212-854-2014
0107	1	305-899-3100
0108	1	760 252-2411
0109	1	252-399-6317
0110	1	620 792-2701
0111	1	646-312-1300
0112	1	800 221-2001
0113	1	413-565-1331
0114	1	617 236-8000
0115	1	254-710-3435
0116	1	254-710-3718
0117	1	352-787-7249
0118	1	252 946-6194
0119	1	508-791-9241
0120	1	859 371-9393
0121	1	303 751-8700
0122	1	601-968-5940
0123	1	425 564-1000
0124	1	402-293-2000
0125	1	360 738-0221
0126	1	704-825-6665
0127	1	803-253-5143
0128	1	802-440-4312
0129	1	781-891-2108
0130	1	859-985-3500
0131	1	201 343-6000
0132	1	201 652-0388
0133	1	732 750-1800
0134	1	212 986-4343
0135	1	973 278-5400
0136	1	914 694-1122
0137	1	706-236-2215
0138	1	804 330-0111
0139	1	304-829-7611
0140	1	316-284-5230
0141	1	651-638-6242
0142	1	386-481-2600
0143	1	404-627-2681
0144	1	205 648-3271
0145	1	412 323-4000
0146	1	562-903-4752
0147	1	205-226-4696
0148	1	334 690-6801
0149	1	701 224-5400
0150	1	910 862-2164
0151	1	217-228-5520
0152	1	979 830-4000
0153	1	662-685-4771
0154	1	541 276-1260
0155	1	540 234-9261
0156	1	304-327-4065
0157	1	419-358-3257
0158	1	660 882-5306
0159	1	617-552-3100
0160	1	617-912-9153
0161	1	617-353-2300
0162	1	617 353-3481, 800 992 651
0163	1	617 353-9760
0164	1	617 353-3350
0165	1	617-552-3920
0166	1	617-353-2670
0167	1	617-638-4630
0168	1	617 353-2713
0169	1	617-353-3100
0170	1	617 353-3036
0171	1	301-860-3415
0172	1	270 746-7461
0173	1	502 651-5673
0174	1	814-362-7555
0175	1	309-677-1000
0176	1	718 261-5800
0177	1	781-736-3820
0178	1	203 488-2525
0179	1	770-534-6100
0180	1	270-686-4241
0181	1	321 632-1111
0182	1	912-583-3265
0183	1	712-279-5200
0184	1	860 628-4751
0185	1	732 477-0975
0186	1	540-828-5375
0187	1	508-531-1237
0188	1	801-422-2507
0189	1	508 678-2811
0190	1	410 254-2770
0191	1	972 860-4700
0192	1	954 761-7400
0193	1	404 876-1227
0194	1	401-863-2600
0195	1	910 755-7300
0196	1	785 272-0889
0197	1	417 862-5700
0198	1	213 484-8850
0199	1	216 265-3151
0200	1	414 276-5200
0201	1	401-232-6100
0202	1	562 945-9191
0203	1	215-938-2511
0204	1	610-526-5152
0205	1	712-749-2235
0206	1	617 859-9110
0207	1	508 849-1900
0208	1	609 894-9311
0209	1	516 561-0050
0210	1	201 845-5800
0211	1	316 321-2222
0212	1	724 287-8711
0213	1	317-940-8100
0214	1	530 895-2511
0215	1	704 783-1555
0216	1	610-902-8552
0217	1	909-869-3210
0218	1	828 726-2200
0219	1	415-703-9523
0220	1	213 251-3636
0221	1	626 395-6346
0222	1	626-395-6341
0223	1	661-255-1050
0224	1	805-493-3135
0225	1	909 687-9006
0226	1	760 750-4848
0227	1	510-885-2624
0228	1	559-278-2261
0229	1	310-243-3600
0230	1	916-278-3901
0231	1	209-667-3070
0232	1	724-938-4404
0233	1	856 227-7200
0234	1	701 766-4415
0235	1	508 362-2131
0236	1	919 251-5100
0237	1	888-227-3552
0238	1	512 892-4270
0239	1	512 444-3257
0240	1	800-950-1992
0241	1	319 364-1541
0242	1	563 588-2379
0243	1	907 563-7575
0244	1	210 633-1000
0245	1	775 856-2266
0246	1	312 895-6300
0247	1	318 323-2889
0248	1	800-672-3246
0249	1	248 589-1078
0250	1	412-268-2082
0251	1	704 355-5043
0252	1	262-524-7220
0253	1	252 222-6000
0254	1	503-257-1202
0255	1	307 268-2100
0256	1	704-637-4402
0257	1	781 935-3344
0258	1	972 860-8201
0259	1	318-869-5131
0260	1	205 234-6346
0261	1	501-329-6872
0262	1	803 778-1961
0263	1	877-462-3687
0264	1	308 398-4222
0265	1	402 463-9811
0266	1	308 338-4000
0267	1	859 246-2400
0268	1	218 855-8000
0269	1	207 795-2840
0270	1	660-248-6251
0271	1	740 366-1351
0272	1	918 352-2551
0273	1	541 383-7700
0274	1	717 732-0702
0275	1	937-376-6348
0276	1	509-963-1211
0277	1	360 736-9391
0278	1	859-238-5350
0279	1	801 774-9900
0280	1	510 723-6600
0281	1	802-860-2727
0282	1	480 732-7000
0283	1	843 552-3670
0284	1	843-863-7050
0285	1	907 277-1000
0286	1	770 528-4500
0287	1	410 822-5400
0288	1	215-248-7001
0289	1	773-995-2513
0290	1	715 833-6200
0291	1	405 729-8324
0292	1	252-398-1236
0293	1	901-321-3205
0294	1	619-588-7747
0295	1	513-244-8141
0296	1	513 569-1500
0297	1	740-477-7701
0298	1	626 963-0323
0299	1	407 831-9816
0300	1	415 239-3000
0301	1	425-637-1010
0302	1	404-880-8000
0303	1	937 325-0691
0304	1	508-793-7431
0305	1	563-588-6316
0306	1	770-961-3500
0307	1	814 765-5308
0308	1	517-548-3670
0309	1	864-656-2287
0310	1	864-656-3975
0311	1	704 484-4000
0312	1	216-421-7418
0313	1	216 241-2930
0314	1	440 473-6273
0315	1	216 946-9530
0316	1	216-687-2100
0317	1	407 240-2422
0318	1	800 729-5101
0319	1	601 627-2571
0320	1	912 264-7235
0321	1	316 251-7700
0322	1	843-383-8050
0323	1	207-872-3168
0324	1	785 462-3984
0325	1	570-674-6264
0326	1	718-429-6600
0327	1	510 522-7221
0328	1	435 637-2120
0329	1	319 232-9995
0330	1	402 477-4040
0331	1	503 223-5100
0332	1	415 485-9411
0333	1	718-405-3267
0334	1	800-637-8556
0335	1	208 733-9554
0336	1	802-773-5900
0337	1	207-288-5015
0338	1	661 259-7800
0339	1	508-793-2443
0340	1	409 938-1211
0341	1	707 476-4100
0342	1	530 842-1245
0343	1	505-392-6563
0344	1	757-221-4223
0345	1	757-221-2900
0346	1	330-263-2322
0347	1	303 691-9756
0348	1	970 223-6060
0349	1	972 516-5000
0350	1	303-963-3200
0351	1	719-389-6344
0352	1	800 621-8559
0353	1	509 547-0511
0354	1	818-345-8414
0355	1	541 296-6182
0356	1	212-305-3595
0357	1	803-754-4100
0358	1	212 854-6216
0359	1	615 540-2722
0360	1	212 854-2134
0361	1	614 287-2400
0362	1	770 649-1800
0363	1	407 330-7020
0364	1	814 255-8200
0365	1	412 323-2323
0366	1	215 751-8000
0367	1	401 333-7000
0368	1	401 825-1000
0369	1	702 383-6641
0370	1	702 651-4000
0371	1	516 877-1225
0372	1	814 944-5643
0373	1	717 761-1481
0374	1	660-944-2886
0375	1	714 703-1900
0376	1	904 725-0525
0377	1	909 884-8891
0378	1	619 688-0800
0379	1	813 874-0094
0380	1	901 761-9494
0381	1	800-535-5494
0382	1	708-763-6530
0383	1	514-848-2668
0384	1	949-854-8002
0385	1	708-209-3100
0386	1	203 221-7325
0387	1	860 667-1886
0388	1	860-439-2200
0389	1	480 858-9400
0390	1	510 235-7800
0391	1	601 643-5101
0392	1	760 366-3791
0393	1	410-951-3600
0394	1	607-255-5241
0395	1	607-255-4526
0396	1	319-895-4477
0397	1	616-222-1418
0398	1	800-726-5016
0399	1	870 584-4471
0400	1	973 328-5000
0401	1	316 442-0430
0402	1	773 935-2520
0403	1	252 638-4131
0404	1	402-280-2703
0405	1	417 451-3223
0406	1	952-446-4142
0407	1	253 531-3123
0408	1	215 396-7920
0409	1	805 546-3100
0410	1	225 343-6233
0411	1	856 691-8600
0412	1	856 451-9000
0413	1	718-951-5001
0414	1	212-772-4490
0415	1	718-997-5600
0416	1	913 321-0214
0417	1	216 987-6000
0418	1	714 826-2220
0419	1	540 862-4246
0420	1	605-995-2650
0421	1	217 443-1811, 217 443-323
0422	1	434 797-2222
0423	1	603-646-3162
0424	1	616 382-2835
0425	1	219 277-8447
0426	1	704-894-2230
0427	1	336 249-8186
0428	1	304-637-1230
0429	1	801 546-2441
0430	1	406 377-3396
0431	1	408 864-5678
0432	1	314-768-3044
0433	1	502 583-2860
0434	1	302 622-8000
0435	1	610 359-5000
0436	1	302 856-5400
0437	1	215-489-2211
0438	1	504 361-6444
0439	1	662-846-4018
0440	1	719 632-3000
0441	1	765-658-4006
0442	1	515 964-6200
0443	1	712 792-1755
0444	1	520 882-0899
0445	1	630-953-2000
0446	1	773-697-2155
0447	1	614-253-1525
0448	1	404-292-2645
0449	1	510-574-1200
0450	1	972-929-5777
0451	1	816-941-2810
0452	1	718-472-2728
0453	1	732-435-4850
0454	1	909-622-9800
0455	1	602-870-9222
0456	1	303-280-7600
0457	1	253-943-2800
0458	1	717-245-1231
0459	1	318 636-6300
0460	1	504-816-4670
0461	1	856 966-1871
0462	1	206 783-5542
0463	1	316 225-1321
0464	1	510-883-2073
0465	1	334 493-3573
0466	1	718 777-3800
0467	1	502 843-6750
0468	1	215-895-2400
0469	1	814 371-6920
0470	1	814 677-1322
0471	1	919-660-7705
0472	1	919-684-3214
0473	1	412-396-6222
0474	1	970 247-5535
0475	1	919 686-3300
0476	1	901 286-3200
0477	1	716-829-7600
0478	1	765-983-1600
0479	1	870 633-4480
0480	1	252-328-6640
0481	1	601 635-2111
0482	1	781 274-8448
0483	1	662 476-8442
0484	1	423-439-4213
0485	1	903-923-2000
0486	1	520 428-8322
0487	1	501 568-0211
0488	1	504 885-3353
0489	1	208 524-3000
0490	1	757 787-5900
0491	1	610-341-5967
0492	1	972 860-7100
0493	1	716-274-1060
0494	1	727-864-8331
0495	1	704 357-0077
0496	1	252 823-5166
0497	1	608-663-2294
0498	1	941 489-9300
0499	1	425 640-1500
0500	1	817 451-0017
0501	1	713 773-2500
0502	1	225 922-3990
0503	1	901 345-1000
0504	1	214 860-2311
0505	1	915 594-2000
0506	1	847 697-1000
0507	1	203 397-4031, extension 3
0508	1	252-335-3305
0509	1	270 769-2371
0510	1	607 733-7177
0511	1	607-735-1724
0512	1	617 824-8610
0513	1	617-824-8600
0514	1	360 693-1511
0515	1	404-727-6311
0516	1	404-727-6036
0517	1	707 546-4000
0518	1	908 964-1450
0519	1	814 456-7504
0520	1	011-34-934-952-088
0521	1	973 877-3000
0522	1	602 935-8000
0523	1	253 941-5800
0524	1	360 479-3866
0525	1	425 388-9100
0526	1	408 274-7900
0527	1	203-254-4100
0528	1	203-254-4000
0529	1	800-338-8803
0530	1	304-367-4141
0531	1	213 624-1200
0532	1	415 433-6691
0533	1	334-386-7200
0534	1	304 469-2911
0535	1	231-591-2100
0536	1	540-365-4290
0537	1	904 824-4401
0538	1	978-665-3144
0539	1	410 266-8500
0540	1	561 567-5178
0541	1	303 777-5645
0542	1	850-599-3796
0543	1	407-254-3268
0544	1	561-297-3040
0545	1	813-899-6716
0546	1	954 975-6400
0547	1	904 632-2300
0548	1	850 478-7300
0549	1	305-348-7398
0550	1	305 821-3333
0551	1	904 312-4300
0552	1	863-680-4131
0553	1	218 879-0800
0554	1	314-889-1400
0555	1	718 817-4416
0556	1	212-636-6200
0557	1	718-817-4000
0558	1	336 734-7469
0559	1	970-247-7184
0560	1	708 636-7700
0561	1	920 735-5600
0562	1	508-626-4500
0563	1	405 717-7799
0564	1	740-283-6226
0565	1	717-291-3953
0566	1	317-738-8062
0567	1	603-899-4050
0568	1	614-797-4700
0569	1	212 219-8890
0570	1	559 297-4500
0571	1	301-687-4201
0572	1	864-294-2034
0573	1	770 718-3639
0574	1	409 763-6551
0575	1	814-871-7240
0576	1	316 276-7611
0577	1	704-406-4498
0578	1	501 760-4222
0579	1	203 285-2000
0580	1	408 847-1400
0581	1	760 603-4000
0582	1	703-993-2400
0583	1	305 871-3143
0584	1	202-687-3600
0585	1	478-445-5004
0586	1	404-894-4154
0587	1	912 453-3481
0588	1	912-681-5391
0589	1	404-651-2365
0590	1	717-337-6100
0591	1	417 272-3271
0592	1	616 467-9945
0593	1	304-462-4128
0594	1	651 730-5100
0595	1	609 468-5000
0596	1	415-442-7800
0597	1	415-442-7800
0598	1	302-998-8814
0599	1	760 918-8942
0600	1	509-323-6572
0601	1	509-324-4622
0602	1	203 877-9889
0603	1	978-867-4218
0604	1	574-535-7535
0605	1	410-337-6100
0606	1	616-538-2330
0607	1	212 259-6710
0608	1	602-589-2855
0609	1	616 234-4000
0610	1	616-331-2025
0611	1	504 649-4191
0612	1	215-635-7300
0613	1	814 864-6666
0614	1	580 355-6371
0615	1	802-287-8000
0616	1	253 833-9111
0617	1	800-346-8226
0618	1	864 250-8000
0619	1	770 228-7348
0620	1	641-269-3600
0621	1	724-458-2100
0622	1	336-316-2100
0623	1	215-641-5510
0624	1	301 790-2800
0625	1	210 826-1000
0626	1	413 863-2478
0627	1	315-859-4421
0628	1	651-523-2207
0629	1	434-223-6120
0630	1	413-559-5471
0631	1	757-727-5328
0632	1	610 526-6050
0633	1	325-670-1206
0634	1	501-279-4407
0635	1	609 662-5300
0636	1	617-495-6128
0637	1	617-495-1551
0638	1	617-495-5315
0639	1	610-896-1350
0640	1	808 524-4014
0641	1	808 974-7662
0642	1	808 544-1135
0643	1	808-544-0238
0644	1	319 296-2320
0645	1	606 435-6101
0646	1	810 667-9453
0647	1	617-559-8610
0648	1	419-448-2330
0649	1	270 827-1867
0650	1	763 425-3800
0651	1	313 845-9615
0652	1	608 249-6611
0653	1	763 535-3000
0654	1	407 380-6315
0655	1	316 327-4221
0656	1	218 262-6700
0657	1	314 434-2212
0658	1	602 279-9700
0659	1	916 929-9700
0660	1	815 235-6121
0661	1	716-649-7900
0662	1	817 582-2555
0663	1	517-607-2327
0664	1	405-912-9005
0665	1	423 442-2001
0666	1	516-463-6700
0667	1	540-362-6401
0668	1	601 472-2312
0669	1	215-637-3050
0670	1	510-436-1351
0671	1	413 538-7000
0672	1	614 508-7277
0673	1	808 845-9211
0674	1	301-696-3400
0675	1	281-649-3211
0676	1	325-649-8027
0677	1	202-806-2700
0678	1	714 901-8080
0679	1	215 981-0900
0680	1	508-831-5218
0681	1	208 282-2622
0682	1	093-253-4229
0683	1	314 768-1234
0684	1	907 852-3333
0685	1	217-245-3030
0686	1	618 842-3711
0687	1	618 544-8657
0688	1	618 262-8641
0689	1	312 913-1230
0690	1	309-438-2181
0691	1	815 224-2720
0692	1	309-556-3031
0693	1	316 331-4100
0694	1	812 379-9000
0695	1	812 476-6000
0696	1	219 471-7667
0697	1	317 264-5656
0698	1	765 447-9550
0699	1	765 662-7497
0700	1	812 232-4458
0701	1	812-855-0661
0702	1	765-973-8208
0703	1	219-980-6991
0704	1	812-941-2212
0705	1	765-455-9217
0706	1	260-481-6812
0707	1	317-274-4591
0708	1	408 727-1060
0709	1	505 988-6463
0710	1	217 244-8601
0711	1	561 881-0220
0712	1	718 855-3661
0713	1	270 444-9676
0714	1	970 245-8101
0715	1	859 282-8989
0716	1	212 399-0091
0717	1	813-881-0007
0718	1	813-881-0007
0719	1	909 989-5222
0720	1	915 566-8644
0721	1	806 797-1933
0722	1	940 380-0024
0723	1	903 893-6604
0724	1	937 258-8251
0725	1	404 843-1005
0726	1	505 589-1414
0727	1	011-81-25-779-1500
0728	1	515 576-7201
0729	1	712 852-3554
0730	1	712 362-2604
0731	1	515-294-5836
0732	1	319-385-6231
0733	1	714 559-9300
0734	1	631 691-8733
0735	1	218 327-4460
0736	1	205 991-5410
0737	1	714 535-3700
0738	1	501 565-5550
0739	1	817 794-5100
0740	1	636 464-6600
0741	1	512 467-6800
0742	1	781 278-7200
0743	1	425 485-0303
0744	1	630 455-6470
0745	1	314 298-7800
0746	1	260 484-4107
0747	1	716 689-2200
0748	1	281 486-2630
0749	1	713 952-2294
0750	1	208 322-8844
0751	1	904 573-9100
0752	1	209 858-0077
0753	1	315 461-8000
0754	1	504 463-0338
0755	1	407 660-2900
0756	1	708 747-2571
0757	1	901 762-0556
0758	1	305 477-3080
0759	1	412 856-5920
0760	1	847 375-8800
0761	1	615 889-8700
0762	1	702 558-5404
0763	1	505 828-1114
0764	1	812 858-1600
0765	1	513 531-8300
0766	1	805 988-0143
0767	1	412 937-9150
0768	1	916 851-3900
0769	1	972 690-9100
0770	1	804 330-4992
0771	1	909 889-3800
0772	1	408 496-0655
0773	1	206 244-3300
0774	1	509 926-2900
0775	1	440 234-9091
0776	1	818 364-5151
0777	1	813 885-2244
0778	1	520 408-7488
0779	1	801 263-3313
0780	1	330 270-1600
0781	1	812 265-2580
0782	1	812 372-9925
0783	1	219 293-4657
0784	1	317 921-4882
0785	1	765 662-9843
0786	1	765 289-2291
0787	1	317 966-2656
0788	1	812 246-3301
0789	1	812 426-2865
0790	1	812 299-1121
0791	1	404-463-7130
0792	1	804 371-3000
0793	1	904-256-8000
0794	1	334 580-2100
0795	1	716 664-5100
0796	1	701-252-3467
0797	1	636 797-3000
0798	1	502 584-0181
0799	1	814 653-8265
0800	1	334 867-4832
0801	1	205 853-1200
0802	1	615 327-3927
0803	1	216-397-4294
0804	1	925-258-2213
0805	1	334 288-1080
0806	1	804 796-4000
0807	1	410-516-8171
0808	1	401-598-2310
0809	1	843-727-3000
0810	1	800-827-2122
0811	1	913 469-8500
0812	1	334-683-5110
0813	1	814-641-3420
0814	1	616 372-5000
0815	1	913 627-4100
0816	1	816-474-5225
0817	1	913 334-1100
0818	1	785-532-6250
0819	1	618 545-3000
0820	1	908-737-7100
0821	1	603-358-2276
0822	1	954 252-0002
0823	1	561 547-5472
0824	1	561 398-9990
0825	1	863 701-7789
0826	1	616 965-3931
0827	1	330-672-2444
0828	1	216 535-3377
0829	1	330 339-3391
0830	1	330 847-0571
0831	1	502-597-6813
0832	1	270-852-3120
0833	1	740-427-5776
0834	1	706 738-5046
0835	1	937 296-7201
0836	1	810-762-7865
0837	1	423-652-4861
0838	1	570-208-5858
0839	1	517 275-5121, 517 275-500
0840	1	815 825-2086
0841	1	541 882-3251
0842	1	309-341-7100
0843	1	610-683-4060
0844	1	212-752-1530
0845	1	570 961-7810
0846	1	610-330-5100
0847	1	800-737-4622
0848	1	217 234-5253
0849	1	218 733-7600
0850	1	530 541-4660
0851	1	425 739-8100
0852	1	352 787-3747
0853	1	612 827-5656
0854	1	719 336-2248
0855	1	409 883-7750
0856	1	409 983-4921
0857	1	409-880-8888
0858	1	731-425-3223
0859	1	864-388-8307
0860	1	404 727-6028
0861	1	770 531-6300
0862	1	617-243-2225
0863	1	248-204-3160
0864	1	920-832-6500
0865	1	801 524-8100
0866	1	717 274-8804
0867	1	417 532-8651
0868	1	818 672-8907
0869	1	281 427-5611
0870	1	423-614-8500
0871	1	828-898-8723
0872	1	808 455-0011
0873	1	610 799-2121
0874	1	610 758-4280
0875	1	610-758-3418
0876	1	610-758-3100
0877	1	901-942-7302
0878	1	919 527-6223
0879	1	828-328-7300
0880	1	617-349-8800
0881	1	903-233-3400
0882	1	618 466-3411
0883	1	631 667-6000, extension 3
0884	1	503-768-7040
0885	1	770-426-2884
0886	1	217 786-2200
0887	1	423-869-6280
0888	1	610 398-5300
0889	1	410 290-7100
0890	1	708 423-9000
0891	1	573-681-5599
0892	1	484-365-7206
0893	1	314-949-4949
0894	1	573 897-3603
0895	1	402 878-2380
0896	1	704-216-6001
0897	1	562 938-4111
0898	1	516-299-2900
0899	1	440 365-5222
0900	1	800-245-6727
0901	1	540 868-7000
0902	1	213 953-4000
0903	1	310 522-8200
0904	1	818 364-7766
0905	1	323 241-5225
0906	1	818 947-2600
0907	1	225-578-1175
0908	1	318 445-3672
0909	1	337 457-7311
0910	1	318-797-5061
0911	1	318-257-3036
0912	1	318 788-7521
0913	1	318 487-5443
0914	1	504 675-5397
0915	1	318 876-2401
0916	1	318 283-0836
0917	1	318 396-6100
0918	1	318 893-4984
0919	1	504 543-4120
0920	1	318 628-4342
0921	1	504 736-7072
0922	1	225 638-8613
0923	1	337 262-5962
0924	1	318 537-3135
0925	1	318 824-4811
0926	1	318 357-3162
0927	1	318 368-3179
0928	1	318 435-2163
0929	1	985 536-4418
0930	1	318 256-4101
0931	1	318 757-6501
0932	1	504 646-6430
0933	1	337 491-2698
0934	1	318 948-0239
0935	1	318 574-4820
0936	1	318 373-0011
0937	1	504 361-6464
0938	1	504 359-9201
0939	1	502 456-6509
0940	1	419-885-5291
0941	1	360 577-2311
0942	1	410-617-5012
0943	1	410-617-5020
0944	1	213-736-1074
0945	1	310-338-2848
0946	1	310-338-2750
0947	1	504-865-3240
0948	1	312-915-6500
0949	1	800-720-7151
0950	1	505 454-2500
0951	1	563-387-1287
0952	1	770-484-1204
0953	1	570-321-4026
0954	1	434-544-8300
0955	1	802-626-6413
0956	1	561-237-7000
0957	1	651-696-6357
0958	1	312 922-1884
0959	1	630 941-1200
0960	1	586 286-2215
0961	1	912 757-3501
0962	1	608 246-6100
0963	1	608 663-2000
0964	1	641-472-1110
0965	1	207-775-3052
0966	1	207-326-2206
0967	1	312 850-7000
0968	1	260-982-5055
0969	1	785 587-2800
0970	1	212-749-2802
0971	1	570-662-4243
0972	1	252 436-1130
0973	1	617 595-6768
0974	1	334 683-2307
0975	1	845-575-3800
0976	1	802-258-9236
0977	1	414-288-7302
0978	1	313-927-1240
0979	1	410-225-2222
0980	1	703-284-1500
0981	1	570-348-6234
0982	1	413-662-5410
0983	1	617-253-4791
0984	1	800-544-3411
0985	1	808 984-3500
0986	1	606 789-5321
0987	1	701-788-4842
0988	1	717 773-1820
0989	1	570 622-7622
0990	1	410-857-2230
0991	1	828 652-6021
0992	1	954 370-8324
0993	1	514-398-3910
0994	1	815 455-3700
0995	1	618-537-6831
0996	1	905-525-9140
0997	1	318-475-5146
0998	1	716-884-3281
0999	1	701-323-6271
1000	1	412 391-7021
1001	1	410 337-5155
1002	1	001-613-9349 8138
1003	1	901-272-5151
1004	1	419 251-1279
1005	1	919-760-8581
1006	1	601 483-8241
1007	1	602 461-7000
1008	1	218 741-3095
1009	1	717-691-6000
1010	1	910-630-7027
1011	1	918 627-9300
1012	1	402 457-2400
1013	1	303-556-3058
1014	1	973 227-8191
1015	1	513 785-3000
1016	1	305 237-7478
1017	1	219 237-0774
1018	1	734 483-3758
1019	1	906-487-2335
1020	1	407 855-5880
1021	1	308 535-3600
1022	1	870 733-6722
1023	1	478 988-6800
1024	1	860 343-5800
1025	1	781 280-3200
1026	1	978 656-3200
1027	1	309 692-4092
1028	1	314 965-8363
1029	1	940-397-4334
1030	1	406-233-3513
1031	1	804 847-7701
1032	1	910 392-4660
1033	1	717-872-3371
1034	1	601-974-1050
1035	1	414-847-3200
1036	1	573 431-4593
1037	1	304 475-3347, extension 1
1038	1	612 788-8907
1039	1	763 566-7777
1040	1	507 453-2720
1041	1	218-477-2161
1042	1	507-389-1822
1043	1	507 372-2107, 800 657-396
1044	1	701-858-3350
1045	1	760 757-2121
1046	1	601 928-5211
1047	1	228 497-9602
1048	1	660-831-4114
1049	1	816-271-4266
1050	1	605 995-3024
1051	1	660 263-4110
1052	1	209 575-6470
1053	1	520 757-4331
1054	1	315 792-5400
1055	1	732-571-3452
1056	1	716 292-2000
1057	1	734 242-7300
1058	1	406 771-4300
1059	1	406-496-4178
1060	1	406 496-3711
1061	1	989 328-2111
1062	1	973-655-4444
1063	1	973 655-5147 or 800 955-G
1064	1	831-647-4123
1065	1	301 279-5000
1066	1	910 576-6222
1067	1	215 641-3000
1068	1	828-669-8011
1069	1	978-921-4242
1070	1	215-965-4014
1071	1	405 364-5763
1072	1	805 378-1400
1073	1	920 922-8611
1074	1	610-861-1320
1075	1	404-215-2632
1076	1	970 542-3100
1077	1	404-739-1560
1078	1	973 627-4600
1079	1	615 393-1500
1080	1	401 434-4840
1081	1	229 891-7000
1082	1	413-538-2023
1083	1	919-658-2505
1084	1	715-532-5511
1085	1	301-447-5214
1086	1	540 523-2400
1087	1	304 485-5487
1088	1	214 860-8600
1089	1	713 974-7181
1090	1	602 246-7111
1091	1	270-809-3741
1092	1	319 263-8250
1093	1	651 291-0177
1094	1	801 484-7624
1095	1	011-65-67906183
1096	1	707 253-3000
1097	1	252 443-4011
1098	1	615 226-3990
1099	1	615 353-3333
1100	1	540 326-3621
1101	1	540 669-5333
1102	1	804 295-0136
1103	1	606 236-6991
1104	1	540 432-0943
1105	1	804 239-3500
1106	1	606 432-5477
1107	1	606 623-8956
1108	1	011-65-65161499
1109	1	800 628-8648
1110	1	203 575-8040
1111	1	904 452-6558
1112	1	585-389-2860
1113	1	402-465-2218
1114	1	763 781-4881
1115	1	620 431-2820, extension 2
1116	1	610-558-5616
1117	1	941-487-5000
1118	1	603-428-2223
1119	1	802 223-6324
1120	1	401 467-7744
1121	1	207 941-7176
1122	1	603 542-7744
1123	1	603 524-3207
1124	1	603 882-6923
1125	1	603 772-1194
1126	1	603 271-7131
1127	1	757 766-1100
1128	1	888-441-6528
1129	1	505-835-5424
1130	1	505 624-8050
1131	1	505-646-3121
1132	1	505 234-9200
1133	1	540 674-3600
1134	1	305-237-7007
1135	1	212 675-6655
1136	1	212 349-8800
1137	1	212 226-5500
1138	1	212-998-4500
1139	1	212-998-0600
1140	1	212 998-1918
1141	1	803-321-5127
1142	1	617 730-7000
1143	1	985-448-4507
1144	1	508-213-2203
1145	1	612 832-6000
1146	1	336 334-7920
1147	1	252-985-5200
1148	1	630-637-5800
1149	1	785 738-2276
1150	1	785 625-2437
1151	1	231 348-6600
1152	1	518 891-2915, extension 2
1153	1	701-231-8643
1154	1	706-864-1800
1155	1	864-977-7001
1156	1	281 618-5400
1157	1	612 424-0702
1158	1	773-244-5500
1159	1	206 527-3600
1160	1	610 861-5300
1161	1	402 371-2020
1162	1	423 323-3191
1163	1	920 498-5400
1164	1	918 542-8441
1165	1	617-373-5992
1166	1	617-373-2395
1167	1	859-572-5220
1168	1	906-227-2650
1169	1	703 323-3000
1170	1	801-302-2835
1171	1	715-682-1224
1172	1	501 636-9222
1173	1	360 676-2772
1174	1	712 324-5061
1175	1	785 899-3641
1176	1	208-467-8000
1177	1	419 267-5511, extension 3
1178	1	501 751-8824
1179	1	210 348-2020
1180	1	256 331-5200
1181	1	860 738-6300
1182	1	847-491-3308
1183	1	318-357-6171
1184	1	847-491-7271
1185	1	312-503-8465
1186	1	989-837-4273
1187	1	615 851-1088
1188	1	574-631-6626
1189	1	952 944-0080
1190	1	845-358-1710
1191	1	212 263-5648
1192	1	212 998-5030
1193	1	812-749-4781
1194	1	248 341-2000
1195	1	248-370-3360
1196	1	847 635-1700
1197	1	732 240-6414
1198	1	915 335-6400
1199	1	801 627-8300
1200	1	419 627-8345
1201	1	216 447-9117
1202	1	877-452-9668
1203	1	330 264-3911
1204	1	740-725-6337
1205	1	216 881-1700
1206	1	740-368-3020
1207	1	912 287-6584
1208	1	800-654-3285
1209	1	405-208-5050
1210	1	580-349-1312
1211	1	757-683-3685
1212	1	716 372-7978
1213	1	856 663-4299
1214	1	845 344-6222
1215	1	407 246-7060
1216	1	407 622-2900
1217	1	803 536-0311
1218	1	310-665-6820
1219	1	785-242-5200
1220	1	501 332-3658
1221	1	504-398-2175
1222	1	504 768-1700
1223	1	419 661-7000
1224	1	270 686-4400
1225	1	270 926-4040
1226	1	870 368-7371
1227	1	417 895-7000
1228	1	610 758-6310
1229	1	212-346-1323
1230	1	253-535-7151
1231	1	323-731-2383
1232	1	800-862-7080
1233	1	503-352-2218
1234	1	270 554-9200
1235	1	561-803-2100
1236	1	760 744-1150
1237	1	252 249-1851
1238	1	602 212-0501
1239	1	217 351-2200
1240	1	877-528-3321
1241	1	973 684-6800
1242	1	757 569-6700
1243	1	757 925-2283
1244	1	214 630-0568
1245	1	601 795-6801
1246	1	360 452-9277
1247	1	856 232-0310
1248	1	610 892-1500
1249	1	724 773-3500
1250	1	610 892-1350
1251	1	724 430-4100
1252	1	570 450-3000
1253	1	412 675-9000
1254	1	717 749-6000
1255	1	814-865-5471
1256	1	570 963-2500
1257	1	717 771-4000
1258	1	310-506-4392
1259	1	501 354-2465
1260	1	336-725-8344
1261	1	706-776-0103
1262	1	253 964-6500
1263	1	573 485-2900
1264	1	520 206-4500
1265	1	520 806-6600
1266	1	505 881-1234
1267	1	727 538-7167
1268	1	503 682-3903
1269	1	919 355-4200
1270	1	620-235-4251
1271	1	412 462-9011
1272	1	909-621-8129
1273	1	562 809-5100
1274	1	714 833-2300
1275	1	863 297-1000
1276	1	718-260-3100
1277	1	860 741-2561
1278	1	404 351-5055
1279	1	503 977-4519
1280	1	202-686-0876
1281	1	936-261-1066
1282	1	316 672-5641
1283	1	864-833-8230
1284	1	928-350-2100
1285	1	800-437-6060
1286	1	606 886-3863
1287	1	301 322-0866
1288	1	334 271-1670
1289	1	609-258-3060
1290	1	618-374-5181
1291	1	770 729-8400
1292	1	401-865-2535
1293	1	719 549-3200
1294	1	970 565-8440
1295	1	501 771-1000
1296	1	765-494-0773
1297	1	219-785-5458
1298	1	765-494-1776
1299	1	613-533-2302
1300	1	718 631-6262
1301	1	203-582-8600
1302	1	508 853-2300
1303	1	540-831-5371
1304	1	218 285-7722
1305	1	201-684-7300
1306	1	336 633-0200
1307	1	254 647-3234
1308	1	804 758-6700
1309	1	320 251-5600
1310	1	503-777-7511
1311	1	781-768-7100
1312	1	251 578-1313
1313	1	770-720-5526
1314	1	518-276-6565
1315	1	518-276-6216
1316	1	206 235-2352
1317	1	937 433-3410
1318	1	401-456-8234
1319	1	901-843-3700
1320	1	909 484-4311
1321	1	888-844-4773
1322	1	713-348-7423
1323	1	804 862-6100
1324	1	609-652-4261
1325	1	740 245-5353
1326	1	480 517-8000
1327	1	920-748-8114
1328	1	603-897-8219
1329	1	865 354-3000
1330	1	540-375-2270
1331	1	252 862-1200
1332	1	301-405-2559
1333	1	602 243-1179
1334	1	585-594-6400
1335	1	507 285-7210
1336	1	585-475-6631
1337	1	815-226-4050
1338	1	816-501-4100
1339	1	845 574-4000
1340	1	406-657-1026
1341	1	573 458-0150
1342	1	407-646-2161
1343	1	407-646-2405
1344	1	312-341-3515
1345	1	405 733-7311
1346	1	812-877-8213
1347	1	610-526-2966
1348	1	732-978-5300
1349	1	732-978-5300
1350	1	856-256-4050
1351	1	704 637-0760
1352	1	011-31-10-4082222
1353	1	312-942-7100
1354	1	732-932-4636
1355	1	732-932-4636
1356	1	973-353-1234
1357	1	916 558-2111
1358	1	203-371-7880
1359	1	949 582-4500
1360	1	307 234-0242
1361	1	910-277-5555
1362	1	603-641-7500
1363	1	815-395-5100
1364	1	320 654-5000
1365	1	718-489-5200
1366	1	904 312-4200
1367	1	320-363-2196
1368	1	860-231-5216
1369	1	610-660-1300
1370	1	352-588-8283
1371	1	314 595-4200
1372	1	314-977-2500
1373	1	925-631-4224
1374	1	612 221-1300
1375	1	434-848-1856
1376	1	201-915-9213
1377	1	727 341-3600
1378	1	813 341-3600
1379	1	856 299-2100
1380	1	410-543-6161
1381	1	406-275-4866
1382	1	801 957-4111
1383	1	205-726-3673
1384	1	910 592-8081
1385	1	510-869-6576
1386	1	210 733-2000
1387	1	619 388-3400
1388	1	415-749-4500
1389	1	415-759-3431
1390	1	415-338-6486
1391	1	713 476-1501
1392	1	713 922-3431
1393	1	209 954-5151
1394	1	559 448-8282
1395	1	408-283-7500
1396	1	408-554-4539
1397	1	408-554-4700
1398	1	914-395-2510
1399	1	815 288-5511
1400	1	912 351-6362
1401	1	713 683-3817
1402	1	734 462-4400
1403	1	570 874-1034
1404	1	319 359-7531
1405	1	909-621-8149
1406	1	206-296-2000
1407	1	407 328-4722
1408	1	405 382-9950
1409	1	510 490-6900
1410	1	973-761-9332
1411	1	973 761-9668
1412	1	973 761-9306
1413	1	973 275-2800
1414	1	973-761-9575
1415	1	973-275-2515
1416	1	316 624-1951
1417	1	800-478-4556
1418	1	307 674-6446
1419	1	954 985-3220
1420	1	717-477-1231
1421	1	206 546-4101
1422	1	706-233-7319
1423	1	605 964-8011
1424	1	518-783-2423
1425	1	510 568-6100
1426	1	916 624-3333
1427	1	775-831-1314
1428	1	510 623-9966
1429	1	920-686-6175
1430	1	413-528-7312
1431	1	515-961-1624
1432	1	360 416-7600
1433	1	518-580-5570
1434	1	724-738-2015
1435	1	413-585-2500
1436	1	256 593-5120
1437	1	606 679-8501
1438	1	707-664-2778
1439	1	417 256-6152
1440	1	912-691-6000
1441	1	605-688-4121
1442	1	912 931-2394
1443	1	360 754-7711
1444	1	206 764-5300
1445	1	708 596-2000
1446	1	956 688-2105
1447	1	606 589-2145
1448	1	402 471-3333
1449	1	573-651-2590
1450	1	605 367-7624
1451	1	863-667-5081
1452	1	319 524-3221
1453	1	202-265-5343
1454	1	334-387-3877
1455	1	203-392-5656
1456	1	618-536-4405
1457	1	618-650-3705
1458	1	207 767-9500
1459	1	603-645-9611
1460	1	330 733-8766
1461	1	606 341-5627
1462	1	678-915-4188
1463	1	937 393-3431
1464	1	225-771-2430
1465	1	318 674-3300
1466	1	435-586-7740
1467	1	802-447-6304
1468	1	304 369-2952
1469	1	304 235-6046
1470	1	304 294-8346
1471	1	434 949-1000
1472	1	505 345-6800
1473	1	601 276-2000
1474	1	417 255-7255
1475	1	512 892-2640
1476	1	210 278-4401
1477	1	540 964-2555
1478	1	608 822-3262
1479	1	602-992-6101
1480	1	704 586-4091
1481	1	618 235-2700
1482	1	505 346-2347
1483	1	512-863-1200
1484	1	864 587-4000
1485	1	502 447-1000
1486	1	509 533-3500
1487	1	309 647-4645
1488	1	517-750-6458
1489	1	413 781-7822
1490	1	716-375-2400
1491	1	410-626-2522
1492	1	217-525-5628
1493	1	718-990-1345
1494	1	315-229-5261
1495	1	314 845-6100
1496	1	240-895-5000
1497	1	812-535-5106
1498	1	305-628-6546
1499	1	203 576-5235
1500	1	650-723-2766
1501	1	650-723-2766
1502	1	650-723-6861
1503	1	650-723-2091
1504	1	732 901-9710
1505	1	215 969-5877
1506	1	610 626-2700
1507	1	330 494-6170
1508	1	678-839-4000
1509	1	936-468-2504
1510	1	573-876-7207
1511	1	620-278-4275
1512	1	406 395-4313
1513	1	202-408-2400
1514	1	212 686-1944
1515	1	617-573-8460
1516	1	915-837-8050
1517	1	518 743-2200
1518	1	607 778-5000
1519	1	518 562-4200
1520	1	585-395-2751
1521	1	607-753-4712
1522	1	716-673-3251
1523	1	585-245-5571
1524	1	845-257-3200
1525	1	607-432-2524
1526	1	518-564-2040
1527	1	315-267-2180
1528	1	914-251-6300
1529	1	607 587-4215
1530	1	315 386-7123
1531	1	845 431-8000
1532	1	716-851-1655
1533	1	315-792-7500
1534	1	716 665-5220
1535	1	518 381-1200
1536	1	914 687-5000
1537	1	607-777-2317
1538	1	716-645-6900
1539	1	631-632-6868
1540	1	518-442-5435
1541	1	607-777-2171
1542	1	315-312-2250
1543	1	570-372-4293
1544	1	386 364-2750
1545	1	912 289-2200
1546	1	315-443-4039
1547	1	315-443-3611
1548	1	315-443-9214
1549	1	315 443-4492
1550	1	620-947-3121
1551	1	253 566-5190
1552	1	661 763-7700
1553	1	205-761-6235
1554	1	850 201-6200
1555	1	212 279-0510
1556	1	330 538-2216
1557	1	803 525-8324
1558	1	856 767-7002
1559	1	614 759-7700
1560	1	254 298-8282
1561	1	215-204-7200
1562	1	423 892-9882
1563	1	615-963-3101
1564	1	901 632-3393
1565	1	615 441-6220
1566	1	423 542-4174, 423 543-007
1567	1	615 374-2147
1568	1	931 796-5351
1569	1	423 566-9629
1570	1	901 424-0691
1571	1	931 823-5525
1572	1	423 586-5771
1573	1	615 898-8010
1574	1	931 685-5013
1575	1	901 254-8521
1576	1	423 663-4900
1577	1	423-745-7504
1578	1	410 644-6400
1579	1	301 937-8448
1580	1	410 296-5350
1581	1	703 354-1005
1582	1	903 838-4541
1583	1	979-845-4714
1584	1	979-845-3741
1585	1	361-825-2624
1586	1	817-257-7490
1587	1	817-257-7531
1588	1	830-372-8050
1589	1	281 443-8900
1590	1	713 975-7527
1591	1	956 4364-4000
1592	1	254 799-3611
1593	1	512-245-2364
1594	1	806-742-1480
1595	1	806 742-2787
1596	1	361 575-4768
1597	1	817-531-4422
1598	1	940-898-3188
1599	1	717 299-7730
1600	1	212 787-5300
1601	1	617-585-6710
1602	1	513 751-1206
1603	1	214 692-8080
1604	1	713 623-2040
1605	1	215 567-7080
1606	1	412-263-6600
1607	1	612 332-3361
1608	1	804 353-4458
1609	1	602 274-4300
1610	1	617 354-2020
1611	1	011-852-2609-7783
1612	1	856 755-4800
1613	1	610 338-2300
1614	1	212 266-5000
1615	1	732 448-2600
1616	1	973 682-4900
1617	1	843-953-5230
1618	1	609 520-8798
1619	1	773 278-0042
1620	1	413-592-3189
1621	1	218-723-6046
1622	1	402 898-1000
1623	1	404 607-8880
1624	1	800-285-4627
1625	1	707 967-2500
1626	1	360-867-6170
1627	1	563-242-4153
1628	1	202-994-6040
1629	1	202-994-1212
1630	1	860 246-2588
1631	1	502 582-2305
1632	1	727 541-5200
1633	1	973 808-1666
1634	1	202-462-2101
1635	1	212-799-5000
1636	1	301 649-4454
1637	1	661-259-3540
1638	1	617 951-2350
1639	1	518 438-7682
1640	1	281 530-0202
1641	1	610 789-6700
1642	1	727 821-9494
1643	1	310 377-0481
1644	1	801 375-5455
1645	1	604-822-3014
1646	1	319-335-1039
1647	1	318-342-5252
1648	1	406 243-7811
1649	1	406-683-7331
1650	1	260-434-3279
1651	1	605-677-5434
1652	1	813-258-7409
1653	1	903-566-7202
1654	1	610 566-1776
1655	1	724-589-2345
1656	1	805-525-4417
1657	1	215-503-8890
1658	1	859-344-3332
1659	1	717 564-4112
1660	1	215 387-1530
1661	1	860 886-0177
1662	1	602-978-7100
1663	1	757 549-2121
1664	1	757 363-2121
1665	1	216 485-0900
1666	1	888-424-2566
1667	1	410-704-2113
1668	1	808 377-5402
1669	1	713 266-6594
1670	1	603 880-7200; 800 945-222
1671	1	858 292-9755
1672	1	808 946-3535
1673	1	828 837-6810
1674	1	814 371-2090
1675	1	724 832-1050
1676	1	412 359-1000
1677	1	719 846-5621
1678	1	701-349-5403
1679	1	860-297-2180
1680	1	202-884-9400
1681	1	802-846-7030
1682	1	847-317-7000
1683	1	425-961-5510
1684	1	604-513-2019
1685	1	708 456-0300
1686	1	334-670-3179
1687	1	334-983-6556
1688	1	334-241-9506
1689	1	706 865-2134
1690	1	617 627-3040
1691	1	508 839-7920
1692	1	504 865-5314
1693	1	504-865-5410
1694	1	918 595-7000
1695	1	918 587-6789
1696	1	334-727-8500
1697	1	903 592-1291
1698	1	903 510-2200
1699	1	402-472-2338
1700	1	412-648-1700
1701	1	949-824-4622
1702	1	732 634-1131
1703	1	215 244-4906
1704	1	919-962-3236
1705	1	518-388-6148
1706	1	606-546-1657
1707	1	402-486-2504
1708	1	513-861-6400
1709	1	719-333-2520
1710	1	619-635-4772
1711	1	516-773-5391
1712	1	845-938-4041
1713	1	410-293-4361
1714	1	212 360-1210
1715	1	630 529-2662
1716	1	800-531-5494
1717	1	602-383-8228
1718	1	330-972-7077
1719	1	256-824-6070
1720	1	907-786-1480
1721	1	907-474-7500
1722	1	520-621-3237
1723	1	520-621-4008
1724	1	479-575-5346
1725	1	870 793-7581
1726	1	870-575-8000
1727	1	530-752-7658
1728	1	510-642-3175
1729	1	530-752-2971
1730	1	858-534-4831
1731	1	805-893-2881
1732	1	501-450-3128
1733	1	407-823-3000
1734	1	304-357-4750
1735	1	773-702-8650
1736	1	773-702-7369
1737	1	513-556-1100
1738	1	513 556-6567
1739	1	303-492-8397
1740	1	303-556-2704
1741	1	860-486-3137
1742	1	860-486-2872
1743	1	972-721-5174
1744	1	937-229-4411
1745	1	302-831-8123
1746	1	302-831-2221
1747	1	313-993-1245
1748	1	319-589-3200
1749	1	812-488-2468
1750	1	419 434-4538
1751	1	706-542-8776
1752	1	406-791-5200
1753	1	860-768-4296
1754	1	808-956-8266
1755	1	713-743-1010
1756	1	317-788-3216
1757	1	319-335-3847
1758	1	785-864-3911
1759	1	909-392-2800
1760	1	337-482-6553
1761	1	502-852-6531
1762	1	502-852-3969
1763	1	207-581-1561
1764	1	207-768-9532
1765	1	701-255-7500
1766	1	254-295-4520
1767	1	540-654-2000
1768	1	301-985-7000
1769	1	410-455-2291
1770	1	301-314-9395
1771	1	413-545-0222
1772	1	413-545-5608
1773	1	617-287-6100
1774	1	978-934-3931
1775	1	901-678-2911
1776	1	901-678-5403
1777	1	305-284-4323
1778	1	734-764-0537
1779	1	734-764-3309
1780	1	218-726-7171
1781	1	612-625-5555
1782	1	320-589-6035
1783	1	612-625-2008
1784	1	662-915-7226
1785	1	816-235-1111
1786	1	573-341-4165
1787	1	800-532-7639
1788	1	402-472-2023
1789	1	775-784-4700
1790	1	203-932-7319
1791	1	505 925-8500
1792	1	828-251-6481
1793	1	910-521-6262
1794	1	910-962-3243
1795	1	704-687-2213
1796	1	940-565-2681
1797	1	970-351-2881
1798	1	319-273-2281
1799	1	419 998-3141
1800	1	574-631-7505
1801	1	574-631-8488
1802	1	215-898-7507
1803	1	814 827-4400
1804	1	814-269-7050
1805	1	253-879-3211
1806	1	909-335-4074
1807	1	401-874-7000
1808	1	585-275-3221
1809	1	913-758-6118
1810	1	619-260-4506
1811	1	415-422-2089
1812	1	405-574-1357
1813	1	570-941-7540
1814	1	570 941-7600
1815	1	605-331-6600
1816	1	803-777-7700
1817	1	803 313-7471
1818	1	803 775-6341
1819	1	864-503-5246
1820	1	813-974-3350
1821	1	213-740-1111
1822	1	719-549-2461
1823	1	207-780-5670
1824	1	713-525-3500
1825	1	865-974-2184
1826	1	512-475-7440
1827	1	512-471-7612
1828	1	972-883-2270
1829	1	409-772-1215
1830	1	215-717-6049
1831	1	202-274-6110
1832	1	210-829-6005
1833	1	209-946-2211
1834	1	931-598-1238
1835	1	416-978-3499
1836	1	918-631-2307
1837	1	918-631-2242
1838	1	801-581-7281
1839	1	434-924-7281
1840	1	276-328-0102
1841	1	206-543-4661
1842	1	206-543-9686
1843	1	310-342-5254
1844	1	310-342-5210
1845	1	608 356-8351
1846	1	715 234-8176
1847	1	920 929-3600
1848	1	920 832-2600
1849	1	715 261-6100
1850	1	608 758-6565
1851	1	920 459-6600
1852	1	800-390-8043
1853	1	262 335-5200
1854	1	608 262-1783
1855	1	715-836-5415
1856	1	608-262-3961
1857	1	414-229-2222
1858	1	262-595-2355
1859	1	715-425-3500
1860	1	715-346-2441
1861	1	610-409-3200
1862	1	801 304-4224
1863	1	435-797-1079
1864	1	315-792-3006
1865	1	315 733-2307
1866	1	315 697-8200
1867	1	407 299-5000
1868	1	701-845-7101
1869	1	304 263-0979
1870	1	610 989-1200
1871	1	219-464-5011
1872	1	615-322-2561
1873	1	615-322-6452
1874	1	845-437-7300
1875	1	402 891-9411
1876	1	417 831-8116
1877	1	816 364-5399
1878	1	410-486-7001
1879	1	610-519-4000
1880	1	317 570-9365
1881	1	804-828-1222
1882	1	540 628-6094
1883	1	804-524-5902
1884	1	757-455-3208
1885	1	510 981-2800, 510 981-280
1886	1	615 452-8600
1887	1	765-361-6225
1888	1	214 637-3530
1889	1	718-390-3411
1890	1	509 522-2500
1891	1	334 876-9227
1892	1	334 774-5113
1893	1	205 352-8000
1894	1	423 585-2600
1895	1	319-352-8264
1896	1	785-231-1030
1897	1	724-223-6025
1898	1	301-552-1400
1899	1	410-778-7700
1900	1	614 374-8716
1901	1	509-335-5586
1902	1	314 935-6880
1903	1	314-935-7301
1904	1	314-935-4525
1905	1	313 973-3300
1906	1	615-383-4848
1907	1	708 466-4811
1908	1	262 691-5566
1909	1	313 496-2510
1910	1	402-375-7234
1911	1	313-577-3577
1912	1	817 594-5471, extension 2
1913	1	813 620-1446
1914	1	781-283-2270
1915	1	617-989-4000
1916	1	816 259-2221
1917	1	478-477-1110
1918	1	770 836-6800
1919	1	610-436-3411
1920	1	360 225-6787
1921	1	706 883-8324
1922	1	559 935-0801
1923	1	304-336-8076
1924	1	310 287-4200
1925	1	231 845-6211
1926	1	806-651-2020
1927	1	408 867-2200
1928	1	304 232-0361
1929	1	304 233-5900
1930	1	304-766-3033
1931	1	304-293-2121
1932	1	304-442-3167
1933	1	304-473-8510
1934	1	914 785-6600
1935	1	724 746-2890
1936	1	503-375-7005
1937	1	916 361-1660
1938	1	203-837-9000
1939	1	605 394-4034
1940	1	707 664-9267
1941	1	712 274-6400
1942	1	270-745-2551
1943	1	775 887-3000
1944	1	209 276-1220
1945	1	503 788-0203
1946	1	412 281-7083, extension 1
1947	1	413-572-5218
1948	1	800-962-4647
1949	1	724-946-7100
1950	1	724 925-4000
1951	1	407 905-2000
1952	1	310 337-4444
1953	1	708 832-1988
1954	1	303 426-7000
1955	1	303 934-1122
1956	1	909 931-7550
1957	1	303 466-1714
1958	1	409 532-4560
1959	1	630-752-5005
1960	1	508-286-8251
1961	1	509-527-5176
1962	1	316 943-2241
1963	1	610-499-4126
1964	1	800-367-8568
1965	1	336 838-6100
1966	1	570-408-4400
1967	1	503-370-6167
1968	1	503-370-6303
1969	1	601-318-6103
1970	1	973-720-2125
1971	1	901 726-1977
1972	1	800-483-0707
1973	1	573-592-4221
1974	1	803 354-2021
1975	1	937-382-6661
1976	1	808 235-7400
1977	1	704-233-8200
1978	1	507-457-5100
1979	1	336-750-2070
1980	1	803-323-2137
1981	1	715 682-4591
1982	1	715 234-7082
1983	1	715 246-6561
1984	1	800-677-7558
1985	1	662 263-8128
1986	1	212 686-9040
1987	1	802 229-0516
1988	1	508-831-5286
1989	1	540 223-4700
1990	1	504-520-7388
1991	1	509 574-4600
1992	1	203 432-4155
1993	1	203-432-9300
1994	1	203-432-5635
1995	1	520 445-7300
1996	1	717 741-0820
1997	1	416-736-5060
1998	1	717 846-5000
1999	1	706 379-3111
