university	matchcollege	phone
2000	2000	2000	1980
0000	1	(256) 372-5000
0001	1	(334) 844-4000
0002	1	(256) 782-5781
0003	1	(205) 348-6010
0004	1	(334) 670-3100
0005	1	(256) 824-6120
0006	1	(251) 460-6101
0007	1	(205) 652-3400
0008	1	(251) 575-3156 x8252
0009	1	(205) 648-3271 x5400
0010	1	(251) 405-7000
0011	1	(334) 291-4900
0012	1	(334) 347-2623
0013	1	(334) 983-3521
0014	1	(256) 352-8000
0015	1	(256) 539-8161
0016	1	(251) 580-2100
0017	1	(205) 853-1200
0018	1	(205) 925-2515
0019	1	(334) 222-6591
0020	1	(205) 638-4418 x234
0021	1	(205) 391-2347
0022	1	(256) 395-2211
0023	1	(334) 874-5700 x110
0024	1	(256) 766-6610
0025	1	(205) 916-2800
0026	1	(256) 539-0834
0027	1	(205) 929-1000
0028	1	(256) 726-7000
0029	1	(205) 726-2011
0030	1	(251) 380-4000
0031	1	(334) 727-8011
0032	1	(251) 675-5990
0033	1	(205) 802-1200
0034	1	(251) 344-1203
0035	1	(334) 271-1670
0036	1	(251) 473-2220
0037	1	(251) 970-1460
0038	1	(205) 323-1011
0039	1	(907) 277-1000
0040	1	(229) 391-5001
0041	1	(678) 466-4000
0042	1	(706) 272-4436
0043	1	(678) 717-3639
0044	1	(404) 413-2000
0045	1	(770) 358-5000
0046	1	(770) 423-6000
0047	1	(478) 471-2700
0048	1	(706) 721-0211
0049	1	(678) 915-7778
0050	1	(229) 333-5800
0051	1	(706) 355-5000
0052	1	(706) 771-4000
0053	1	(866) 825-1715
0054	1	(770) 528-4545
0055	1	(912) 279-5701
0056	1	(706) 649-1800
0057	1	(229) 468-2000
0058	1	(478) 289-2000
0059	1	(706) 646-6148
0060	1	(800) 332-2406
0061	1	(478) 445-2700
0062	1	(404) 616-3505
0063	1	(770) 228-7348
0064	1	(770) 962-7580
0065	1	(770) 975-4000
0066	1	(912) 681-5500
0067	1	(229) 931-2394
0068	1	(912) 538-3100
0069	1	(912) 449-7600
0070	1	(404) 965-6500 x8118
0071	1	(706) 774-8897
0072	1	(404) 237-7573
0073	1	(706) 323-5364 x259
0074	1	(404) 627-2681
0075	1	(770) 534-6299
0076	1	(912) 583-2241
0077	1	(706) 820-1560
0078	1	(404) 816-4533 x116
0079	1	(404) 527-7700
0080	1	(706) 880-8000
0081	1	(800) 543-3202
0082	1	(478) 301-2700
0083	1	(404) 681-2800
0084	1	(706) 778-3000
0085	1	(770) 720-5600
0086	1	(912) 525-5000
0087	1	(229) 226-1621
0088	1	(706) 865-2134
0089	1	(478) 477-1110
0090	1	(770) 576-4498
0091	1	(706) 738-5046
0092	1	(404) 607-8880
0093	1	(478) 314-4444
0094	1	(770) 242-7717 x14
0095	1	(770) 454-7167
0096	1	(706) 863-4799
0097	1	(404) 361-4098
0098	1	(570) 429-4321 x2414
0099	1	(770) 461-4669
0100	1	(706) 342-9673
0101	1	(404) 284-8121 x229
0102	1	(404) 299-5156
0103	1	(770) 457-2021
0104	1	(808) 956-7651
0105	1	(808) 974-7611
0106	1	(808) 845-9129
0107	1	(808) 734-9000
0108	1	(808) 245-8311
0109	1	(808) 455-0011
0110	1	(808) 235-7400
0111	1	(808) 735-4711
0112	1	(808) 544-0200
0113	1	(808) 949-1050
0114	1	(808) 527-2700
0115	1	(808) 524-3363
0116	1	(808) 591-2708
0117	1	(208) 426-1011
0118	1	(208) 733-9554
0119	1	(208) 524-3000 x3371
0120	1	(208) 769-3300
0121	1	(208) 376-7731
0122	1	(208) 322-8844
0123	1	(208) 467-8011
0124	1	(208) 459-5011
0125	1	(208) 377-8080
0126	1	(208) 356-0222
0127	1	(208) 743-1512
0128	1	(208) 465-7660
0129	1	(217) 581-5000
0130	1	(708) 534-5000
0131	1	(800) 892-3050
0132	1	(618) 453-2121
0133	1	(618) 650-2000
0134	1	(312) 996-7000
0135	1	(217) 333-1000
0136	1	(312) 553-5600
0137	1	(312) 850-7000
0138	1	(773) 777-7900
0139	1	(217) 443-3222
0140	1	(847) 697-1000
0141	1	(309) 268-8000
0142	1	(309) 694-5422
0143	1	(618) 393-2982
0144	1	(618) 393-2982
0145	1	(618) 985-3741
0146	1	(618) 545-3000
0147	1	(217) 234-5253
0148	1	(815) 455-3700
0149	1	(708) 656-8000
0150	1	(847) 635-1600
0151	1	(708) 709-3500
0152	1	(618) 252-5400
0153	1	(618) 235-2700
0154	1	(309) 647-4645
0155	1	(708) 456-0300
0156	1	(630) 466-7900 x2938
0157	1	(618) 473-2222
0158	1	(312) 201-5900
0159	1	(630) 892-6431
0160	1	(309) 676-7611
0161	1	(773) 752-5757
0162	1	(773) 929-8500
0163	1	(708) 366-2490
0164	1	(312) 755-2250
0165	1	(847) 570-1959
0166	1	(618) 664-2800
0167	1	(312) 939-4975
0168	1	(847) 982-2500
0169	1	(217) 245-3000
0170	1	(312) 567-3000
0171	1	(312) 726-8480
0172	1	(847) 628-2500
0173	1	(312) 752-2000
0174	1	(217) 732-3168
0175	1	(773) 256-3000 x251
0176	1	(309) 457-2311
0177	1	(800) 443-5522
0178	1	(630) 637-5100
0179	1	(773) 244-6200
0180	1	(312) 935-6800
0181	1	(815) 226-4000
0182	1	(312) 341-3500
0183	1	(312) 942-7100
0184	1	(815) 395-5091
0185	1	(312) 629-6100
0186	1	(312) 235-3500
0187	1	(312) 922-9012
0188	1	(217) 525-5628
0189	1	(309) 779-7700
0190	1	(773) 702-1234
0191	1	(312) 225-6288
0192	1	(630) 752-5000
0193	1	(773) 967-5292
0194	1	(773) 577-8100
0195	1	(708) 636-7700
0196	1	(847) 836-5900
0197	1	(203) 582-8200
0198	1	(312) 922-1884 x401
0199	1	(815) 772-7218 x201
0200	1	(217) 423-8173
0201	1	(217) 774-5112
0202	1	(773) 278-0042
0203	1	(312) 944-0882
0204	1	(773) 536-4441
0205	1	(708) 636-4660
0206	1	(630) 653-6630
0207	1	(217) 527-8324
0208	1	(847) 965-8061
0209	1	(217) 753-8990
0210	1	(765) 289-1241
0211	1	(812) 237-6311
0212	1	(765) 973-8200
0213	1	(765) 453-2000
0214	1	(317) 274-5555
0215	1	(574) 520-4872
0216	1	(812) 941-2000
0217	1	(219) 989-2400
0218	1	(812) 888-8888
0219	1	(317) 921-4800
0220	1	(812) 372-9925
0221	1	(765) 269-5000
0222	1	(260) 482-9171
0223	1	(219) 981-1111
0224	1	(812) 246-3301
0225	1	(812) 299-1121
0226	1	(765) 966-2656
0227	1	(765) 664-9091
0228	1	(765) 649-9071
0229	1	(574) 259-8511
0230	1	(574) 237-0774
0231	1	(317) 940-8000
0232	1	(219) 473-7770
0233	1	(317) 924-1331
0234	1	(765) 658-4800
0235	1	(765) 983-1200
0236	1	(812) 866-7000
0237	1	(260) 356-6000
0238	1	(317) 264-5656
0239	1	(260) 497-6200
0240	1	(317) 875-8640
0241	1	(260) 982-5000
0242	1	(574) 284-4000
0243	1	(812) 357-6611
0244	1	(260) 665-4100
0245	1	(812) 488-2000
0246	1	(219) 434-3100
0247	1	(765) 361-6100
0248	1	(574) 936-8898
0249	1	(219) 942-1459
0250	1	(317) 845-0100
0251	1	(765) 423-6400
0252	1	(812) 339-1117
0253	1	(812) 282-1371
0254	1	(765) 742-0068
0255	1	(317) 846-8999 x320
0256	1	(812) 429-0110 x2
0257	1	(219) 736-9999
0258	1	(319) 273-2311
0259	1	(515) 964-6241
0260	1	(563) 336-3309
0261	1	(800) 322-9235
0262	1	(319) 296-2320
0263	1	(515) 576-7201
0264	1	(641) 752-7106
0265	1	(515) 244-4221
0266	1	(563) 242-4023
0267	1	(563) 588-6300
0268	1	(319) 399-8000
0269	1	(319) 895-4000
0270	1	(712) 722-6000
0271	1	(563) 588-8000
0272	1	(515) 964-0601
0273	1	(319) 385-8021
0274	1	(563) 387-2000
0275	1	(515) 472-7000
0276	1	(563) 425-5200
0277	1	(641) 585-2450
0278	1	(319) 352-8200
0279	1	(563) 589-0200
0280	1	(319) 362-1488
0281	1	(515) 244-0971
0282	1	(319) 364-1541
0283	1	(563) 588-2379
0284	1	(563) 388-6642
0285	1	(319) 232-9995 x100
0286	1	(515) 241-6883
0287	1	(641) 684-6504
0288	1	(641) 752-4223
0289	1	(712) 274-9733
0290	1	(641) 424-2161
0291	1	(563) 441-7900
0292	1	(515) 278-2208
0293	1	(515) 309-9000
0294	1	(620) 341-1200
0295	1	(316) 978-3456
0296	1	(620) 365-5116 x100
0297	1	(316) 321-2222
0298	1	(620) 251-7700
0299	1	(620) 442-0430
0300	1	(620) 343-4600 x1301
0301	1	(620) 223-2700
0302	1	(620) 276-7611
0303	1	(620) 665-3500
0304	1	(620) 421-6700
0305	1	(785) 587-2800
0306	1	(785) 738-2276
0307	1	(785) 309-3100
0308	1	(316) 677-9400
0309	1	(785) 273-7140
0310	1	(800) 873-4282
0311	1	(785) 227-3311
0312	1	(316) 283-2500
0313	1	(913) 667-5700
0314	1	(620) 241-0723
0315	1	(913) 621-6070
0316	1	(316) 295-5000
0317	1	(620) 242-0400
0318	1	(913) 782-3750
0319	1	(785) 242-5200
0320	1	(620) 229-6000
0321	1	(620) 278-2173
0322	1	(620) 947-3121
0323	1	(785) 272-0889
0324	1	(785) 537-4750 x131
0325	1	(913) 649-3322
0326	1	(913) 321-0214
0327	1	(316) 265-2629
0328	1	(866) 263-1376
0329	1	(316) 943-5516
0330	1	(859) 622-1000
0331	1	(859) 257-9000
0332	1	(502) 852-5555
0333	1	(270) 745-0111
0334	1	(270) 901-1000
0335	1	(502) 213-4000
0336	1	(270) 821-2250
0337	1	(606) 759-7141 x0
0338	1	(606) 589-2145
0339	1	(859) 858-3581
0340	1	(859) 371-9393
0341	1	(270) 685-3131
0342	1	(859) 238-5200
0343	1	(502) 863-8000
0344	1	(606) 693-5000 x100
0345	1	(859) 252-0361
0346	1	(502) 895-3411
0347	1	(270) 247-8521
0348	1	(859) 846-4421
0349	1	(606) 218-5250
0350	1	(859) 336-5082
0351	1	(800) 626-5525
0352	1	(606) 546-4151
0353	1	(502) 410-6200
0354	1	(270) 444-9676
0355	1	(317) 846-8999 x320
0356	1	(502) 491-0077
0357	1	(502) 491-0077
0358	1	(502) 491-0077
0359	1	(859) 272-5225
0360	1	(318) 247-3811
0361	1	(318) 797-5000
0362	1	(225) 578-3202
0363	1	(318) 675-5408
0364	1	(877) 642-4655
0365	1	(225) 771-4500
0366	1	(504) 286-5000
0367	1	(318) 342-1000
0368	1	(504) 280-6000
0369	1	(504) 361-6410
0370	1	(985) 857-3655
0371	1	(337) 457-7311
0372	1	(225) 675-8270
0373	1	(337) 521-8896
0374	1	(318) 670-6000
0375	1	(337) 491-2698
0376	1	(318) 487-7011
0377	1	(504) 865-2011
0378	1	(504) 866-7426
0379	1	(504) 486-7411
0380	1	(225) 292-5464 x23
0381	1	(205) 928-3005
0382	1	(504) 821-5881
0383	1	(337) 439-5765 x1926
0384	1	(225) 752-4233
0385	1	(225) 248-1015
0386	1	(337) 981-4010
0387	1	(225) 647-6609
0388	1	(225) 295-1435
0389	1	(985) 892-6651
0390	1	(318) 636-6300
0391	1	(985) 876-9334
0392	1	(985) 873-8978
0393	1	(337) 474-0533
0394	1	(504) 368-6377
0395	1	(207) 581-1110
0396	1	(207) 255-1200
0397	1	(207) 755-5100
0398	1	(207) 768-2700
0399	1	(207) 646-9282
0400	1	(207) 859-4000
0401	1	(207) 288-5015
0402	1	(207) 941-7000
0403	1	(207) 892-6766
0404	1	(207) 948-3131
0405	1	(207) 947-4591
0406	1	(207) 647-5968
0407	1	(207) 774-6126
0408	1	(207) 879-3545
0409	1	(207) 985-7976
0410	1	(207) 774-9413
0411	1	(928) 523-9011
0412	1	(480) 732-7000
0413	1	(928) 724-6600
0414	1	(623) 935-8000
0415	1	(928) 757-4331
0416	1	(602) 279-9700
0417	1	(520) 795-0787
0418	1	(800) 800-9776
0419	1	(888) 327-2877
0420	1	(602) 274-1885
0421	1	(520) 325-0123
0422	1	(602) 331-7500
0423	1	(520) 318-2719
0424	1	(800) 776-4867
0425	1	(602) 943-2311
0426	1	(602) 222-9300
0427	1	(928) 526-0763
0428	1	(602) 548-1955
0429	1	(480) 898-7000
0430	1	(623) 869-9644
0431	1	(623) 245-4600
0432	1	(602) 233-2222
0433	1	(520) 885-4120
0434	1	(570) 429-4321 x2414
0435	1	(570) 429-4321 x2414
0436	1	(480) 945-9461
0437	1	(520) 623-2160
0438	1	(480) 820-9422
0439	1	(602) 243-1179
0440	1	(410) 951-3000
0441	1	(240) 895-2000
0442	1	(410) 837-4200
0443	1	(410) 455-1000
0444	1	(410) 651-2200
0445	1	(301) 784-5000
0446	1	(410) 777-2222
0447	1	(410) 822-5400
0448	1	(301) 766-4422
0449	1	(410) 772-4800
0450	1	(240) 567-5000
0451	1	(410) 682-6000
0452	1	(410) 435-0100
0453	1	(301) 739-2670 x0
0454	1	(410) 516-8000
0455	1	(410) 669-9200
0456	1	(301) 447-6122
0457	1	(410) 888-9048
0458	1	(410) 486-7000
0459	1	(301) 891-4000
0460	1	(410) 778-2800
0461	1	(410) 644-6400
0462	1	(301) 937-8448
0463	1	(301) 949-3000
0464	1	(301) 459-2509
0465	1	(301) 984-8182
0466	1	(410) 290-7100
0467	1	(410) 517-0442
0468	1	(410) 337-5155
0469	1	(301) 459-2509
0470	1	(508) 531-1000
0471	1	(978) 934-4000
0472	1	(413) 545-0111
0473	1	(508) 856-2000
0474	1	(413) 572-5300
0475	1	(508) 929-8000
0476	1	(508) 362-2131
0477	1	(413) 552-2001
0478	1	(781) 239-3000
0479	1	(508) 762-4000
0480	1	(617) 427-0060
0481	1	(413) 781-7822
0482	1	(781) 828-5800 x229
0483	1	(508) 238-1860
0484	1	(413) 737-7000
0485	1	(617) 964-1100 x212
0486	1	(508) 767-7000
0487	1	(781) 235-1200
0488	1	(413) 528-0771
0489	1	(413) 565-1000
0490	1	(617) 217-9000
0491	1	(508) 791-9241
0492	1	(617) 747-2222
0493	1	(617) 552-8000
0494	1	(617) 353-2000
0495	1	(781) 736-2000
0496	1	(617) 868-1000 x120
0497	1	(508) 793-7711
0498	1	(413) 594-2761
0499	1	(508) 793-2011
0500	1	(413) 369-4044
0501	1	(617) 824-8500
0502	1	(617) 735-9715
0503	1	(866) 266-6007
0504	1	(617) 495-1000
0505	1	(617) 731-3500
0506	1	(617) 243-2000
0507	1	(617) 732-2800
0508	1	(978) 681-0800
0509	1	(978) 837-5000
0510	1	(413) 538-2000
0511	1	(617) 928-4500
0512	1	(800) 838-2580 x509
0513	1	(617) 266-2030
0514	1	(617) 451-0010
0515	1	(617) 730-7000
0516	1	(617) 731-7000
0517	1	(781) 768-7000
0518	1	(617) 267-6100
0519	1	(508) 998-9600
0520	1	(413) 748-3116
0521	1	(617) 573-8000
0522	1	(617) 585-1100
0523	1	(617) 628-5000
0524	1	(781) 283-1000
0525	1	(508) 285-7722
0526	1	(617) 879-2000
0527	1	(781) 762-1211
0528	1	(617) 578-7100
0529	1	(617) 296-8300
0530	1	(781) 306-6600
0531	1	(617) 437-1868
0532	1	(617) 227-0155 x100
0533	1	(508) 757-7923
0534	1	(570) 429-4321 x2414
0535	1	(570) 429-4321 x2414
0536	1	(617) 783-9955
0537	1	(413) 863-2478
0538	1	(617) 776-3500
0539	1	(978) 453-3235
0540	1	(781) 397-6822
0541	1	(617) 580-4010
0542	1	(508) 822-1405
0543	1	(508) 584-9909
0544	1	(734) 487-1849
0545	1	(616) 331-2020
0546	1	(906) 632-6841
0547	1	(517) 355-1855
0548	1	(906) 487-1885
0549	1	(906) 227-1000
0550	1	(248) 370-2100
0551	1	(989) 964-4000
0552	1	(734) 764-1817
0553	1	(313) 593-5000
0554	1	(810) 762-3000
0555	1	(313) 577-2424
0556	1	(989) 356-9021
0557	1	(906) 786-5802
0558	1	(269) 467-9945 x0
0559	1	(269) 664-4461
0560	1	(989) 328-2111
0561	1	(810) 762-0200
0562	1	(734) 462-4400
0563	1	(734) 973-3543
0564	1	(231) 845-6211
0565	1	(989) 463-7111
0566	1	(800) 253-2874
0567	1	(616) 632-8900
0568	1	(734) 827-8040
0569	1	(616) 949-5300
0570	1	(616) 698-7111
0571	1	(313) 831-5200 x203
0572	1	(616) 406-1200
0573	1	(269) 337-7000
0574	1	(734) 432-5300
0575	1	(313) 927-1200
0576	1	(248) 414-6900 x100
0577	1	(248) 476-1122 x100
0578	1	(517) 432-6800
0579	1	(734) 207-9581
0580	1	(313) 883-8512
0581	1	(517) 263-0731
0582	1	(517) 750-1200
0583	1	(269) 660-8021
0584	1	(517) 371-5140
0585	1	(616) 392-8555
0586	1	(734) 483-3758
0587	1	(570) 429-4321 x2414
0588	1	(248) 548-5090
0589	1	(734) 285-5400
0590	1	(616) 364-8464
0591	1	(734) 241-8877
0592	1	(248) 358-4006
0593	1	(810) 733-7488
0594	1	(810) 227-0160
0595	1	(734) 427-3970
0596	1	(734) 729-9220
0597	1	(507) 389-1866
0598	1	(218) 477-4000
0599	1	(507) 537-7021
0600	1	(800) 862-6466
0601	1	(218) 726-8000
0602	1	(507) 457-5000
0603	1	(320) 762-0221
0604	1	(763) 433-1240
0605	1	(651) 770-3200
0606	1	(651) 423-8301
0607	1	(218) 879-0800
0608	1	(952) 995-1300
0609	1	(218) 262-7200
0610	1	(651) 450-8500
0611	1	(218) 327-4460
0612	1	(612) 659-6000
0613	1	(507) 453-2700
0614	1	(763) 424-0702
0615	1	(218) 683-8800
0616	1	(320) 629-5100
0617	1	(218) 285-7722
0618	1	(507) 433-0600
0619	1	(507) 285-7210
0620	1	(320) 308-5000
0621	1	(612) 861-7554
0622	1	(651) 690-6000
0623	1	(651) 224-3416
0624	1	(218) 299-4100
0625	1	(651) 641-8278
0626	1	(952) 446-4100
0627	1	(507) 933-8000
0628	1	(763) 535-3000
0629	1	(651) 641-3456
0630	1	(651) 696-6000
0631	1	(612) 861-2000
0632	1	(651) 631-5100
0633	1	(952) 888-4777
0634	1	(320) 251-5600
0635	1	(507) 457-1600
0636	1	(507) 786-2222
0637	1	(612) 332-3361
0638	1	(651) 633-4311
0639	1	(651) 227-9171
0640	1	(651) 636-7406
0641	1	(952) 944-0080 x0
0642	1	(218) 935-0417
0643	1	(651) 291-5088
0644	1	(320) 253-4222
0645	1	(601) 877-6100
0646	1	(662) 846-3000
0647	1	(601) 979-2121
0648	1	(662) 254-9041
0649	1	(662) 915-7211
0650	1	(601) 643-8306
0651	1	(601) 862-8000
0652	1	(601) 477-4000
0653	1	(601) 483-8241 x668
0654	1	(662) 246-6322
0655	1	(662) 728-7751
0656	1	(662) 562-3200
0657	1	(601) 276-2000
0658	1	(662) 289-2896
0659	1	(601) 974-1000
0660	1	(601) 925-3000
0661	1	(601) 252-8000
0662	1	(601) 977-7700
0663	1	(601) 366-8880
0664	1	(601) 845-2265
0665	1	(228) 864-2920
0666	1	(601) 362-6940
0667	1	(601) 583-1290
0668	1	(314) 340-3366
0669	1	(573) 681-5000
0670	1	(816) 271-4200
0671	1	(660) 562-1212
0672	1	(660) 785-4000
0673	1	(660) 543-4111
0674	1	(314) 516-5000
0675	1	(417) 451-3223
0676	1	(573) 392-8060
0677	1	(573) 221-4430
0678	1	(816) 671-4170 x141
0679	1	(573) 897-5000
0680	1	(573) 431-4593
0681	1	(660) 263-4110
0682	1	(573) 659-3100
0683	1	(660) 359-3948
0684	1	(417) 447-7500
0685	1	(660) 530-5800 x7217
0686	1	(573) 840-9600
0687	1	(660) 882-5306
0688	1	(573) 334-0826 x152
0689	1	(636) 231-2131
0690	1	(417) 659-4400
0691	1	(660) 646-3414
0692	1	(573) 717-1123
0693	1	(660) 665-2865
0694	1	(660) 259-2264
0695	1	(816) 858-5505
0696	1	(573) 785-2248
0697	1	(660) 886-6958
0698	1	(573) 472-2581
0699	1	(573) 774-6106
0700	1	(417) 268-1000
0701	1	(417) 833-2551
0702	1	(660) 248-3391
0703	1	(417) 334-6411
0704	1	(573) 875-8700
0705	1	(314) 505-7000
0706	1	(417) 873-7879
0707	1	(417) 865-2811
0708	1	(573) 221-3675
0709	1	(314) 434-2212 x125
0710	1	(314) 298-7800
0711	1	(417) 269-3401
0712	1	(636) 227-2100
0713	1	(800) 627-9855
0714	1	(636) 327-4645
0715	1	(816) 268-5400
0716	1	(816) 741-2000
0717	1	(314) 371-0236
0718	1	(816) 501-4000
0719	1	(314) 977-2222
0720	1	(800) 526-5859
0721	1	(314) 367-8700
0722	1	(573) 442-2211
0723	1	(314) 935-5000
0724	1	(573) 642-3361
0725	1	(816) 781-7700
0726	1	(417) 862-5700
0727	1	(417) 667-8181
0728	1	(573) 334-9181
0729	1	(314) 965-8363
0730	1	(816) 331-5700
0731	1	(573) 334-6825 x21
0732	1	(314) 652-0300
0733	1	(660) 827-3295
0734	1	(660) 646-4198
0735	1	(417) 451-7216
0736	1	(816) 468-6666
0737	1	(417) 863-7682
0738	1	(314) 533-3125
0739	1	(406) 994-0211
0740	1	(406) 657-2011
0741	1	(406) 496-4101
0742	1	(406) 243-0211
0743	1	(406) 683-7011
0744	1	(406) 353-2607 x222
0745	1	(406) 768-6300
0746	1	(800) 541-9281
0747	1	(406) 771-4300
0748	1	(406) 444-6800
0749	1	(406) 447-4300
0750	1	(406) 275-4800
0751	1	(406) 587-1264
0752	1	(406) 338-5441
0753	1	(308) 432-6000
0754	1	(402) 872-3815
0755	1	(402) 554-2800
0756	1	(402) 375-7000
0757	1	(800) 658-4308
0758	1	(402) 837-5078
0759	1	(402) 291-8100
0760	1	(402) 481-3801
0761	1	(402) 552-3100
0762	1	(402) 399-2400
0763	1	(402) 280-2700
0764	1	(402) 426-9000
0765	1	(402) 826-2161
0766	1	(402) 721-6394
0767	1	(402) 935-9400
0768	1	(402) 354-7000
0769	1	(402) 466-2371
0770	1	(402) 475-5385
0771	1	(402) 721-6500
0772	1	(402) 421-7410
0773	1	(402) 556-4456
0774	1	(402) 891-9411
0775	1	(702) 651-5000
0776	1	(702) 895-3011
0777	1	(775) 445-3000
0778	1	(775) 673-7000
0779	1	(775) 831-1314
0780	1	(702) 990-4433
0781	1	(702) 671-4242
0782	1	(702) 254-7577
0783	1	(603) 228-3000
0784	1	(603) 535-5000
0785	1	(603) 775-2215
0786	1	(603) 524-3207 x714
0787	1	(603) 882-6923
0788	1	(603) 542-7744
0789	1	(603) 887-4401
0790	1	(603) 526-3000
0791	1	(603) 577-6000
0792	1	(603) 228-1541
0793	1	(603) 899-4000
0794	1	(603) 668-6660
0795	1	(603) 456-2656
0796	1	(603) 641-7000
0797	1	(603) 889-1614
0798	1	(603) 524-8777
0799	1	(603) 224-2211
0800	1	(603) 357-3736
0801	1	(603) 298-5199
0802	1	(603) 436-7775
0803	1	(603) 594-2567
0804	1	(870) 235-4000
0805	1	(501) 450-5000
0806	1	(870) 762-1020 x1114
0807	1	(870) 584-4471
0808	1	(870) 633-4480
0809	1	(501) 760-4222
0810	1	(479) 636-9222
0811	1	(870) 338-6474
0812	1	(501) 812-2200
0813	1	(479) 394-7622
0814	1	(870) 612-2000
0815	1	(501) 977-2000
0816	1	(870) 633-5411
0817	1	(479) 248-7236
0818	1	(501) 279-4000
0819	1	(479) 979-1000
0820	1	(870) 886-6741
0821	1	(501) 202-6200
0822	1	(870) 541-7850
0823	1	(870) 246-6726
0824	1	(479) 521-3571
0825	1	(501) 758-2800
0826	1	(479) 782-5059
0827	1	(908) 737-5326
0828	1	(973) 596-3000
0829	1	(201) 684-7500 x7500
0830	1	(856) 256-4000
0831	1	(609) 771-1855
0832	1	(609) 984-1100
0833	1	(973) 972-4300
0834	1	(973) 720-2000
0835	1	(609) 894-9311
0836	1	(973) 328-5000
0837	1	(856) 691-8600
0838	1	(973) 877-3000
0839	1	(856) 468-5000
0840	1	(609) 570-4800
0841	1	(732) 548-6000
0842	1	(908) 526-1200
0843	1	(908) 526-8900 x7353
0844	1	(908) 835-9222
0845	1	(201) 692-2000
0846	1	(201) 559-6000
0847	1	(201) 761-6000
0848	1	(973) 761-9000
0849	1	(201) 216-5100
0850	1	(973) 543-6528
0851	1	(732) 548-6000 x3348
0852	1	(908) 757-7171
0853	1	(908) 851-7711
0854	1	(201) 216-9901 x15
0855	1	(908) 668-2400
0856	1	(732) 623-5740
0857	1	(201) 288-6300
0858	1	(800) 232-2774
0859	1	(732) 885-3400
0860	1	(973) 742-0009
0861	1	(908) 964-7800
0862	1	(732) 548-8798
0863	1	(856) 663-4299
0864	1	(201) 487-2203 x10
0865	1	(505) 424-2331
0866	1	(505) 425-7511
0867	1	(505) 747-2100
0868	1	(505) 224-3000
0869	1	(505) 454-2500
0870	1	(575) 461-4413
0871	1	(505) 492-2787
0872	1	(505) 622-6250
0873	1	(505) 326-3311
0874	1	(505) 428-1000
0875	1	(505) 346-2347
0876	1	(505) 471-5756 x10
0877	1	(505) 523-6811
0878	1	(212) 650-7000
0879	1	(718) 982-2000
0880	1	(212) 772-4000
0881	1	(718) 270-4900
0882	1	(631) 632-6000
0883	1	(315) 267-2000
0884	1	(518) 442-3300
0885	1	(716) 673-3111
0886	1	(585) 245-5211
0887	1	(607) 753-2011
0888	1	(516) 876-3000
0889	1	(607) 436-3500
0890	1	(914) 251-6000
0891	1	(315) 470-6500
0892	1	(800) 425-3733
0893	1	(315) 386-7011
0894	1	(518) 587-2100
0895	1	(516) 773-5000
0896	1	(845) 938-4011
0897	1	(518) 743-2200
0898	1	(518) 562-4200
0899	1	(212) 220-8000
0900	1	(718) 518-4444
0901	1	(718) 482-7200
0902	1	(718) 631-6262
0903	1	(716) 842-2770
0904	1	(315) 866-0300
0905	1	(716) 338-1000
0906	1	(315) 786-2200
0907	1	(585) 292-2000
0908	1	(516) 572-7501
0909	1	(716) 614-6222
0910	1	(631) 451-4110
0911	1	(607) 844-8211
0912	1	(845) 687-5000
0913	1	(631) 667-6000 x320
0914	1	(518) 862-4800
0915	1	(845) 486-8001
0916	1	(716) 549-4454 x4060
0917	1	(585) 344-7788
0918	1	(914) 245-2700
0919	1	(845) 331-6680
0920	1	(315) 332-7400
0921	1	(518) 445-2311
0922	1	(516) 918-3600
0923	1	(716) 883-7000
0924	1	(800) 654-3210
0925	1	(315) 268-6400
0926	1	(315) 228-1000
0927	1	(212) 854-1754
0928	1	(212) 353-4000
0929	1	(845) 452-9600
0930	1	(716) 829-8000
0931	1	(716) 839-3600
0932	1	(718) 817-1000
0933	1	(212) 624-1613 x1613
0934	1	(315) 859-4011
0935	1	(716) 649-7900
0936	1	(516) 463-6600
0937	1	(914) 633-2000
0938	1	(315) 279-5000
0939	1	(718) 862-8000
0940	1	(212) 749-2802
0941	1	(845) 575-3000
0942	1	(718) 933-6700
0943	1	(845) 561-0800
0944	1	(212) 241-8716
0945	1	(585) 389-2525
0946	1	(315) 568-3000
0947	1	(516) 686-7516
0948	1	(212) 998-1212
0949	1	(716) 285-1212
0950	1	(845) 358-1710
0951	1	(212) 346-1200
0952	1	(718) 260-3100
0953	1	(518) 276-6000
0954	1	(585) 594-6000
0955	1	(845) 398-4000
0956	1	(914) 337-0700
0957	1	(212) 592-2000
0958	1	(518) 783-2300
0959	1	(914) 632-5300
0960	1	(212) 463-0400
0961	1	(315) 792-3111
0962	1	(212) 757-1190
0963	1	(212) 686-9244
0964	1	(516) 561-0050
0965	1	(212) 307-0388
0966	1	(914) 361-6537
0967	1	(212) 616-7200
0968	1	(631) 691-8733
0969	1	(631) 370-3300
0970	1	(212) 867-9300
0971	1	(718) 939-5100
0972	1	(718) 780-1953
0973	1	(518) 438-3111
0974	1	(718) 234-4000
0975	1	(718) 658-0006
0976	1	(212) 725-9400
0977	1	(716) 372-7978
0978	1	(212) 226-7300
0979	1	(518) 271-3285
0980	1	(315) 475-5142
0981	1	(718) 818-6470
0982	1	(518) 786-0855
0983	1	(516) 731-8300 x305
0984	1	(212) 675-6655
0985	1	(516) 364-4344
0986	1	(800) 223-3271
0987	1	(212) 677-7580
0988	1	(716) 631-3878 x1
0989	1	(718) 793-2330
0990	1	(212) 659-2116
0991	1	(212) 431-0505
0992	1	(828) 262-2000
0993	1	(252) 328-6131
0994	1	(910) 672-1111
0995	1	(336) 334-7500
0996	1	(919) 530-6100
0997	1	(910) 962-3000
0998	1	(828) 251-6600
0999	1	(704) 687-2000
1000	1	(336) 334-5000
1001	1	(336) 578-2002
1002	1	(252) 946-6194
1003	1	(910) 879-5500
1004	1	(828) 694-1700
1005	1	(828) 726-2200
1006	1	(704) 330-2722
1007	1	(704) 484-4000
1008	1	(336) 249-8186
1009	1	(919) 536-7201 x1015
1010	1	(910) 678-8400
1011	1	(336) 723-0371
1012	1	(828) 286-3636 x239
1013	1	(919) 934-3051
1014	1	(828) 765-7351
1015	1	(252) 443-4011
1016	1	(336) 599-1181 x221
1017	1	(910) 410-1700
1018	1	(910) 272-3700
1019	1	(336) 342-4261
1020	1	(704) 216-3602
1021	1	(910) 592-8081 x2017
1022	1	(910) 642-7141 x270
1023	1	(336) 386-8121 x3264
1024	1	(252) 492-2061
1025	1	(919) 866-5500
1026	1	(828) 438-6141
1027	1	(336) 838-6100
1028	1	(704) 461-6700
1029	1	(910) 893-1200
1030	1	(336) 744-0900
1031	1	(919) 684-2813
1032	1	(704) 406-2361
1033	1	(336) 316-2000
1034	1	(336) 889-2262
1035	1	(828) 328-1741
1036	1	(704) 216-6000
1037	1	(828) 689-1307
1038	1	(910) 630-7000
1039	1	(919) 658-2502
1040	1	(336) 721-2600
1041	1	(919) 546-8200
1042	1	(828) 277-5521
1043	1	(910) 277-5000
1044	1	(336) 758-5000
1045	1	(919) 496-2521
1046	1	(919) 488-8500
1047	1	(919) 470-7348 x7344
1048	1	(704) 864-8723
1049	1	(800) 223-3271
1050	1	(336) 274-4601
1051	1	(252) 756-3050
1052	1	(919) 778-8200
1053	1	(252) 243-3158
1054	1	(910) 763-4418
1055	1	(704) 235-0185
1056	1	(701) 483-2507
1057	1	(701) 788-2301
1058	1	(701) 845-7990
1059	1	(701) 766-4415
1060	1	(701) 627-4738 x286
1061	1	(701) 671-2403
1062	1	(701) 277-3889
1063	1	(888) 822-2329
1064	1	(701) 772-2728
1065	1	(701) 235-0011
1066	1	(701) 223-8804
1067	1	(937) 376-6011
1068	1	(216) 687-2000
1069	1	(937) 778-8600
1070	1	(330) 325-2511
1071	1	(740) 354-3205
1072	1	(330) 972-7111
1073	1	(614) 364-2333
1074	1	(740) 753-3591
1075	1	(740) 264-5591
1076	1	(440) 774-1051
1077	1	(419) 267-5511
1078	1	(740) 867-6641 x202
1079	1	(937) 512-3000
1080	1	(937) 393-3431
1081	1	(419) 671-8700
1082	1	(419) 998-3000
1083	1	(513) 645-8205
1084	1	(330) 744-8710
1085	1	(614) 836-4541
1086	1	(937) 372-6941
1087	1	(740) 642-1200 x288
1088	1	(740) 259-5526
1089	1	(330) 847-0503 x1600
1090	1	(740) 389-4681 x700
1091	1	(937) 778-1980
1092	1	(740) 373-6283
1093	1	(513) 562-6262
1094	1	(419) 289-4142
1095	1	(513) 231-2223
1096	1	(614) 231-3095
1097	1	(216) 368-2000
1098	1	(513) 244-8100
1099	1	(614) 224-9101
1100	1	(216) 391-6937
1101	1	(740) 587-0810
1102	1	(740) 283-3771
1103	1	(513) 721-7944
1104	1	(330) 569-3211
1105	1	(330) 471-8100
1106	1	(419) 251-1313
1107	1	(740) 363-1146 x0
1108	1	(614) 234-5800
1109	1	(800) 992-6682
1110	1	(740) 826-8211
1111	1	(216) 381-1680
1112	1	(440) 775-8411
1113	1	(740) 474-8896
1114	1	(216) 231-3300
1115	1	(740) 368-2000
1116	1	(513) 851-3800
1117	1	(330) 263-2000
1118	1	(614) 235-4136
1119	1	(800) 486-3116
1120	1	(937) 229-1000
1121	1	(419) 998-3140
1122	1	(740) 245-7206
1123	1	(937) 376-2911
1124	1	(419) 434-4200
1125	1	(330) 724-1600
1126	1	(440) 255-9494 x212
1127	1	(513) 771-2424
1128	1	(937) 454-1200
1129	1	(330) 652-9919
1130	1	(937) 264-7700
1131	1	(330) 270-1600
1132	1	(937) 461-5174 x120
1133	1	(330) 923-9959 x1200
1134	1	(330) 385-1070
1135	1	(937) 224-0061
1136	1	(330) 369-3200
1137	1	(216) 391-8434
1138	1	(937) 294-6994
1139	1	(937) 332-5000
1140	1	(330) 499-5596
1141	1	(580) 332-8000
1142	1	(405) 466-3428
1143	1	(405) 947-4421
1144	1	(918) 582-1972
1145	1	(918) 343-7777
1146	1	(580) 745-2000
1147	1	(405) 974-2000
1148	1	(405) 325-0311
1149	1	(405) 224-3140
1150	1	(405) 390-9591
1151	1	(580) 371-2371
1152	1	(580) 628-6200
1153	1	(405) 733-7311
1154	1	(580) 327-0344
1155	1	(918) 333-2422
1156	1	(918) 828-1000
1157	1	(580) 562-3181
1158	1	(918) 683-4581 x7340
1159	1	(405) 273-5331
1160	1	(405) 691-3800
1161	1	(405) 425-5000
1162	1	(405) 208-5000
1163	1	(918) 610-8303
1164	1	(405) 789-6400
1165	1	(405) 789-7661
1166	1	(918) 496-0800
1167	1	(919) 610-0027
1168	1	(405) 631-3399
1169	1	(918) 587-6789
1170	1	(918) 251-9669
1171	1	(918) 748-9900
1172	1	(405) 799-1411
1173	1	(580) 355-4416
1174	1	(918) 682-9429
1175	1	(541) 552-7672
1176	1	(541) 346-1000
1177	1	(503) 399-5000
1178	1	(503) 657-6958 x2313
1179	1	(503) 325-0910
1180	1	(541) 917-4999
1181	1	(541) 888-2525
1182	1	(541) 881-8822
1183	1	(541) 485-1780
1184	1	(503) 255-6500
1185	1	(503) 636-8141
1186	1	(503) 845-3951
1187	1	(503) 552-1555
1188	1	(503) 297-5544
1189	1	(503) 253-3443
1190	1	(503) 226-4391
1191	1	(877) 722-8648
1192	1	(503) 682-3903
1193	1	(503) 228-6528
1194	1	(503) 649-1388
1195	1	(503) 588-5888
1196	1	(541) 753-6466
1197	1	(541) 479-6678
1198	1	(541) 772-6155
1199	1	(541) 265-3083
1200	1	(503) 239-0838
1201	1	(541) 746-4473
1202	1	(503) 223-2245
1203	1	(503) 245-5288
1204	1	(503) 363-9001
1205	1	(570) 389-4000
1206	1	(610) 399-2000
1207	1	(570) 422-3211
1208	1	(724) 357-2100
1209	1	(717) 872-3024
1210	1	(412) 624-4141
1211	1	(215) 968-8000
1212	1	(724) 775-8561
1213	1	(610) 359-5000
1214	1	(570) 740-0200
1215	1	(215) 641-6300
1216	1	(814) 262-6400
1217	1	(814) 946-8450 x1256
1218	1	(610) 384-6214
1219	1	(570) 988-6760
1220	1	(814) 765-4047
1221	1	(724) 437-2721
1222	1	(717) 263-5667
1223	1	(814) 643-0951
1224	1	(717) 464-7050
1225	1	(717) 248-3933
1226	1	(570) 874-1034 x4880
1227	1	(570) 822-6539
1228	1	(610) 921-2381
1229	1	(814) 332-3100
1230	1	(610) 796-8200
1231	1	(610) 526-1000
1232	1	(570) 586-2400
1233	1	(215) 368-5000
1234	1	(610) 902-8100
1235	1	(215) 368-7538
1236	1	(412) 578-6000
1237	1	(412) 268-2000
1238	1	(610) 606-4666 x3329
1239	1	(800) 759-2727
1240	1	(215) 345-1500
1241	1	(215) 895-2000
1242	1	(412) 396-6000
1243	1	(610) 341-5800
1244	1	(717) 866-5775 x107
1245	1	(717) 337-6000
1246	1	(215) 635-7300 x158
1247	1	(570) 208-5900
1248	1	(717) 867-6100
1249	1	(717) 334-6286
1250	1	(570) 348-6211
1251	1	(814) 824-2000
1252	1	(570) 674-6400
1253	1	(610) 861-1360
1254	1	(717) 396-7833
1255	1	(215) 780-1400
1256	1	(215) 752-5800
1257	1	(215) 871-6770
1258	1	(610) 667-3394
1259	1	(814) 472-3000
1260	1	(724) 539-9761
1261	1	(724) 834-2200
1262	1	(610) 328-8000
1263	1	(800) 275-2474
1264	1	(412) 291-6200
1265	1	(215) 893-5252
1266	1	(215) 717-6000
1267	1	(724) 266-3838
1268	1	(215) 898-5000
1269	1	(610) 519-4500
1270	1	(724) 503-1001
1271	1	(724) 627-8191
1272	1	(717) 846-7788
1273	1	(610) 521-1818 x226
1274	1	(570) 558-1818
1275	1	(570) 288-8400
1276	1	(610) 363-6716
1277	1	(610) 372-1722
1278	1	(412) 391-6710
1279	1	(215) 612-6600
1280	1	(724) 684-3684
1281	1	(814) 864-6666
1282	1	(412) 261-2647
1283	1	(570) 961-7810
1284	1	(215) 335-0800
1285	1	(610) 398-5300
1286	1	(610) 565-7900
1287	1	(412) 346-2100
1288	1	(412) 809-5100
1289	1	(610) 789-6700
1290	1	(814) 234-7755
1291	1	(814) 371-2090
1292	1	(412) 359-1000 x7198
1293	1	(215) 676-7700
1294	1	(215) 676-1200
1295	1	(800) 223-3271
1296	1	(800) 223-3271
1297	1	(800) 223-3271
1298	1	(800) 223-3271
1299	1	(800) 223-3271
1300	1	(215) 238-9998
1301	1	(412) 561-3381
1302	1	(610) 338-2300
1303	1	(814) 944-5643 x5612
1304	1	(401) 874-1000
1305	1	(401) 863-1000
1306	1	(401) 232-6000
1307	1	(401) 598-1000
1308	1	(401) 467-7744
1309	1	(401) 454-6100
1310	1	(401) 253-1040
1311	1	(401) 848-5777
1312	1	(401) 456-3050 x3050
1313	1	(401) 434-4840
1314	1	(401) 725-1220
1315	1	(401) 826-2022
1316	1	(805) 756-1111
1317	1	(909) 869-7659
1318	1	(661) 654-2782
1319	1	(805) 437-8400
1320	1	(310) 243-3300
1321	1	(657) 278-2011
1322	1	(323) 343-3000
1323	1	(818) 677-1200
1324	1	(760) 750-4000
1325	1	(209) 667-3122
1326	1	(619) 594-5200
1327	1	(415) 338-1111
1328	1	(408) 924-1000
1329	1	(530) 752-1011
1330	1	(310) 825-4321
1331	1	(858) 534-2230
1332	1	(415) 476-9000
1333	1	(805) 893-8000
1334	1	(831) 459-0111
1335	1	(415) 565-4600
1336	1	(805) 922-6966
1337	1	(661) 395-4011
1338	1	(562) 860-2451
1339	1	(415) 239-3000
1340	1	(661) 259-7800
1341	1	(916) 688-7344
1342	1	(714) 484-7000
1343	1	(925) 685-1230
1344	1	(323) 265-8650
1345	1	(650) 949-7777
1346	1	(559) 442-4600
1347	1	(818) 240-1000
1348	1	(619) 644-7000
1349	1	(562) 938-4111
1350	1	(323) 953-4000
1351	1	(818) 947-2600
1352	1	(209) 575-6550
1353	1	(805) 378-1400
1354	1	(760) 744-1150
1355	1	(562) 692-0921
1356	1	(951) 222-8000 x8979
1357	1	(916) 558-2111
1358	1	(619) 388-3400
1359	1	(619) 388-2604
1360	1	(209) 954-5151
1361	1	(714) 564-6000
1362	1	(916) 624-3333
1363	1	(619) 482-6550
1364	1	(805) 654-6400
1365	1	(626) 856-4101
1366	1	(626) 933-3914
1367	1	(909) 469-2333
1368	1	(831) 438-3800
1369	1	(805) 966-3888
1370	1	(951) 689-5771
1371	1	(510) 594-3600
1372	1	(415) 575-6100
1373	1	(805) 492-2411
1374	1	(909) 621-8000
1375	1	(909) 621-8000
1376	1	(858) 499-0202
1377	1	(510) 654-2934
1378	1	(626) 584-5200
1379	1	(760) 603-4000
1380	1	(415) 442-7800
1381	1	(714) 879-3901
1382	1	(650) 493-4430
1383	1	(909) 971-2300
1384	1	(818) 364-5151
1385	1	(818) 779-8040
1386	1	(951) 785-2000
1387	1	(310) 338-2700
1388	1	(800) 556-3656
1389	1	(323) 259-2500
1390	1	(619) 574-6909 x104
1391	1	(805) 969-3626 x101
1392	1	(909) 621-8000
1393	1	(619) 849-2200
1394	1	(909) 621-8131
1395	1	(925) 631-4000
1396	1	(619) 441-2200
1397	1	(415) 771-7020
1398	1	(408) 554-4000
1399	1	(562) 947-8755
1400	1	(661) 259-3540
1401	1	(909) 593-3511 x4900
1402	1	(415) 422-5555
1403	1	(209) 946-2011
1404	1	(877) 505-4928
1405	1	(909) 623-6116
1406	1	(213) 739-9999
1407	1	(310) 525-1258
1408	1	(562) 907-4205
1409	1	(916) 577-2200
1410	1	(818) 767-0888
1411	1	(213) 484-8850
1412	1	(714) 437-9697
1413	1	(818) 785-2726
1414	1	(707) 455-0557
1415	1	(909) 777-3300
1416	1	(925) 288-5800
1417	1	(510) 783-2100
1418	1	(916) 638-1616 x2325
1419	1	(408) 934-4900
1420	1	(559) 297-4500
1421	1	(209) 543-7000
1422	1	(818) 763-2563 x221
1423	1	(818) 672-3000
1424	1	(916) 649-8168
1425	1	(858) 279-4500
1426	1	(310) 377-5501 x100
1427	1	(714) 550-8000
1428	1	(626) 814-2080
1429	1	(800) 877-4380
1430	1	(559) 651-2500
1431	1	(714) 867-5009
1432	1	(916) 361-1660
1433	1	(800) 248-8585
1434	1	(714) 530-2131
1435	1	(714) 635-6585
1436	1	(562) 861-8702
1437	1	(626) 979-4940
1438	1	(818) 956-4915 x220
1439	1	(323) 464-5200
1440	1	(818) 729-9420
1441	1	(559) 733-4040
1442	1	(562) 404-4295 x0
1443	1	(714) 662-4402
1444	1	(909) 980-4474
1445	1	(818) 894-9550
1446	1	(864) 656-4636
1447	1	(843) 661-1362
1448	1	(843) 792-2300
1449	1	(803) 536-7000
1450	1	(803) 777-7000
1451	1	(803) 323-2211
1452	1	(803) 593-9231
1453	1	(843) 921-6900
1454	1	(803) 536-0311
1455	1	(864) 646-1500
1456	1	(843) 574-6111
1457	1	(803) 775-8727
1458	1	(864) 429-8728
1459	1	(803) 327-8000
1460	1	(803) 254-4165
1461	1	(803) 256-4220
1462	1	(864) 242-5100
1463	1	(843) 383-8000
1464	1	(864) 294-2000
1465	1	(800) 795-7151 x0
1466	1	(803) 934-3200
1467	1	(864) 833-2820
1468	1	(803) 534-7826
1469	1	(864) 644-5000
1470	1	(803) 780-1234
1471	1	(864) 225-7653 x201
1472	1	(864) 322-0300
1473	1	(843) 552-3670
1474	1	(843) 762-7727
1475	1	(803) 278-1200
1476	1	(803) 648-6181
1477	1	(803) 425-8449
1478	1	(843) 747-1279
1479	1	(843) 467-2397
1480	1	(803) 773-7311
1481	1	(605) 256-5111
1482	1	(605) 394-2511
1483	1	(605) 995-3023
1484	1	(605) 225-1634
1485	1	(605) 336-6588
1486	1	(605) 331-5000
1487	1	(605) 668-8158
1488	1	(605) 336-2775 x3
1489	1	(931) 221-7011
1490	1	(423) 439-1000
1491	1	(615) 898-2300
1492	1	(901) 678-2000
1493	1	(931) 540-2722
1494	1	(731) 286-3200
1495	1	(931) 393-1500
1496	1	(615) 353-3333
1497	1	(865) 354-3000
1498	1	(901) 333-5000
1499	1	(931) 484-7502
1500	1	(615) 441-6220
1501	1	(731) 352-5364
1502	1	(931) 473-5587
1503	1	(901) 543-6100
1504	1	(615) 898-8010
1505	1	(615) 425-5500 x5500
1506	1	(731) 644-7365
1507	1	(931) 685-5013
1508	1	(423) 585-2600
1509	1	(615) 256-1463
1510	1	(615) 297-7545
1511	1	(423) 775-2041
1512	1	(865) 471-2000
1513	1	(901) 321-3000
1514	1	(423) 478-1131
1515	1	(901) 320-9700
1516	1	(615) 444-2562
1517	1	(865) 688-9422
1518	1	(615) 844-5000
1519	1	(615) 232-7384 x4676
1520	1	(731) 425-2500
1521	1	(423) 614-8000
1522	1	(865) 981-8000
1523	1	(615) 327-6111
1524	1	(901) 334-5800
1525	1	(615) 851-1088
1526	1	(423) 236-2000
1527	1	(615) 771-7821
1528	1	(615) 361-7555
1529	1	(423) 442-2001
1530	1	(615) 327-3927
1531	1	(615) 279-8300
1532	1	(800) 228-6232
1533	1	(423) 476-3742
1534	1	(731) 632-9533
1535	1	(901) 774-9699
1536	1	(901) 323-6100
1537	1	(615) 868-2963
1538	1	(901) 323-6100
1539	1	(901) 323-2100
1540	1	(615) 248-1927
1541	1	(901) 757-4166
1542	1	(931) 388-7717
1543	1	(325) 942-2555
1544	1	(979) 230-3000
1545	1	(940) 397-4000
1546	1	(936) 261-3311
1547	1	(936) 294-1111
1548	1	(979) 458-7200
1549	1	(956) 326-2001
1550	1	(903) 886-5081
1551	1	(940) 898-2000
1552	1	(956) 381-2011
1553	1	(956) 882-8200
1554	1	(972) 883-2111
1555	1	(210) 458-4011
1556	1	(713) 743-1000
1557	1	(281) 283-7600
1558	1	(713) 221-8000
1559	1	(940) 565-2000
1560	1	(817) 735-2000
1561	1	(214) 648-3606
1562	1	(806) 651-4636
1563	1	(281) 756-3500
1564	1	(806) 371-5000
1565	1	(512) 223-7000
1566	1	(979) 830-4000
1567	1	(972) 860-4700
1568	1	(972) 860-8258
1569	1	(409) 938-1211
1570	1	(361) 698-1255
1571	1	(214) 860-2037
1572	1	(915) 831-2000
1573	1	(903) 465-6030
1574	1	(281) 427-5611
1575	1	(903) 874-6501
1576	1	(432) 335-6400
1577	1	(210) 531-3200
1578	1	(817) 515-5100
1579	1	(956) 364-4000
1580	1	(800) 792-8784
1581	1	(903) 510-2200
1582	1	(940) 552-6291
1583	1	(361) 573-3291
1584	1	(817) 594-5471
1585	1	(979) 532-4560
1586	1	(713) 780-9777
1587	1	(903) 813-2000
1588	1	(512) 472-6736
1589	1	(713) 798-4951
1590	1	(512) 313-3000
1591	1	(972) 241-3371
1592	1	(214) 824-3094
1593	1	(903) 935-7963
1594	1	(512) 472-4133
1595	1	(281) 649-3000
1596	1	(325) 646-2502
1597	1	(512) 505-3000
1598	1	(903) 769-5700
1599	1	(210) 341-1366
1600	1	(210) 434-6711
1601	1	(713) 348-0000
1602	1	(512) 448-8400
1603	1	(830) 896-5411
1604	1	(214) 768-2000
1605	1	(888) 937-4010
1606	1	(817) 923-1921
1607	1	(817) 257-7000
1608	1	(903) 593-8311 x2270
1609	1	(512) 444-8082
1610	1	(817) 531-4444
1611	1	(214) 692-8080
1612	1	(817) 923-8459
1613	1	(210) 999-7011
1614	1	(972) 721-5000
1615	1	(713) 522-7911
1616	1	(806) 291-1000
1617	1	(903) 927-3300
1618	1	(972) 647-1607 x223
1619	1	(281) 873-0262
1620	1	(915) 779-8031
1621	1	(806) 797-0955 x228
1622	1	(713) 692-0077
1623	1	(210) 690-9000 x244
1624	1	(903) 586-2518
1625	1	(214) 638-0484
1626	1	(512) 443-7286
1627	1	(713) 266-6594
1628	1	(281) 899-1240 x205
1629	1	(512) 837-2665
1630	1	(214) 637-3530
1631	1	(915) 351-8100
1632	1	(817) 284-1141
1633	1	(214) 333-9711
1634	1	(512) 444-3257
1635	1	(915) 595-1935
1636	1	(210) 366-2701
1637	1	(972) 660-5701
1638	1	(817) 460-8181
1639	1	(214) 630-0568
1640	1	(972) 385-1446
1641	1	(281) 443-8900
1642	1	(915) 533-8274
1643	1	(435) 652-7500
1644	1	(435) 797-1000
1645	1	(801) 863-4636
1646	1	(801) 626-6000
1647	1	(435) 753-6780
1648	1	(801) 627-8300
1649	1	(801) 863-7605 x7605
1650	1	(801) 840-4800
1651	1	(801) 263-3313
1652	1	(801) 394-7791
1653	1	(801) 484-7651
1654	1	(801) 561-2244
1655	1	(435) 752-3599
1656	1	(801) 302-8801 x1021
1657	1	(801) 486-0101
1658	1	(801) 561-5610
1659	1	(801) 394-5718
1660	1	(801) 627-8227
1661	1	(801) 292-8515
1662	1	(802) 468-5611
1663	1	(802) 635-2356
1664	1	(802) 864-8436
1665	1	(802) 442-5401
1666	1	(802) 862-9616
1667	1	(802) 860-2700
1668	1	(802) 773-5900 x0
1669	1	(802) 287-8000
1670	1	(802) 257-4333
1671	1	(802) 485-2000
1672	1	(802) 442-5427
1673	1	(800) 227-1395
1674	1	(757) 594-7000
1675	1	(434) 395-2000
1676	1	(757) 683-3000
1677	1	(540) 831-5000
1678	1	(276) 328-0100
1679	1	(804) 524-5000
1680	1	(540) 234-9261
1681	1	(540) 863-2815
1682	1	(540) 674-3600
1683	1	(276) 656-0311
1684	1	(434) 977-3900
1685	1	(804) 862-6100
1686	1	(757) 825-2700
1687	1	(757) 822-1122
1688	1	(276) 223-4700
1689	1	(757) 934-4826
1690	1	(276) 676-1948
1691	1	(540) 332-7265
1692	1	(276) 935-4349
1693	1	(540) 828-8000
1694	1	(540) 432-4000
1695	1	(757) 446-8422
1696	1	(757) 671-7171
1697	1	(276) 944-4121
1698	1	(703) 556-8888
1699	1	(757) 727-5000
1700	1	(888) 985-8483
1701	1	(434) 582-2000
1702	1	(434) 544-8100
1703	1	(540) 887-7000
1704	1	(804) 752-7200
1705	1	(757) 226-4127
1706	1	(540) 375-2500
1707	1	(800) 444-0804
1708	1	(434) 381-6100
1709	1	(757) 340-2121
1710	1	(804) 355-0671
1711	1	(804) 289-8000
1712	1	(276) 669-6101
1713	1	(804) 257-5600
1714	1	(757) 455-3200
1715	1	(703) 527-6660
1716	1	(804) 627-5300
1717	1	(757) 873-1111
1718	1	(434) 200-3070
1719	1	(804) 521-0400
1720	1	(757) 240-2200
1721	1	(757) 499-5447
1722	1	(703) 759-2200
1723	1	(800) 869-9322 x100
1724	1	(434) 385-7722
1725	1	(757) 858-8324
1726	1	(425) 564-1000
1727	1	(509) 963-1111
1728	1	(509) 359-6200
1729	1	(360) 452-9277
1730	1	(360) 867-6000
1731	1	(509) 335-3564
1732	1	(360) 650-3430
1733	1	(425) 352-8000
1734	1	(360) 992-2000
1735	1	(253) 589-5800
1736	1	(425) 640-1459
1737	1	(206) 878-3710
1738	1	(253) 964-6500
1739	1	(360) 596-5241
1740	1	(509) 533-8020
1741	1	(509) 533-3500
1742	1	(253) 566-5000
1743	1	(509) 522-2500
1744	1	(509) 682-6800
1745	1	(360) 383-3000
1746	1	(509) 574-4600
1747	1	(425) 425-3110
1748	1	(206) 726-5016
1749	1	(425) 558-0299
1750	1	(253) 752-2020 x29
1751	1	(509) 865-8500
1752	1	(425) 822-8266
1753	1	(206) 281-2000
1754	1	(425) 249-4800
1755	1	(253) 879-3100
1756	1	(509) 624-3244 x1
1757	1	(509) 453-0374 x218
1758	1	(206) 440-3090
1759	1	(206) 783-5542
1760	1	(360) 473-1120
1761	1	(206) 368-0210
1762	1	(360) 695-2500
1763	1	(425) 353-8193
1764	1	(509) 747-8810
1765	1	(360) 636-2720
1766	1	(304) 367-4000
1767	1	(304) 336-5000
1768	1	(304) 260-4380
1769	1	(304) 442-3071
1770	1	(304) 348-6195
1771	1	(304) 696-6282
1772	1	(304) 896-7420
1773	1	(304) 233-5900
1774	1	(304) 469-2911 x7104
1775	1	(304) 291-9240 x223
1776	1	(304) 372-7335
1777	1	(304) 457-1700
1778	1	(304) 877-6428
1779	1	(304) 637-1900
1780	1	(304) 253-7351
1781	1	(304) 326-1109
1782	1	(304) 357-4800
1783	1	(304) 598-4251
1784	1	(304) 243-2000
1785	1	(304) 624-6475
1786	1	(304) 776-6290
1787	1	(304) 697-7550
1788	1	(304) 292-8475 x0
1789	1	(304) 485-5487
1790	1	(304) 425-2323
1791	1	(304) 263-0979
1792	1	(304) 232-0361
1793	1	(304) 296-8282
1794	1	(304) 926-8822
1795	1	(304) 366-8142
1796	1	(715) 836-2637
1797	1	(608) 785-8000
1798	1	(414) 229-1122
1799	1	(920) 424-1234
1800	1	(262) 595-2573
1801	1	(715) 425-3913
1802	1	(715) 346-4301
1803	1	(715) 232-1431
1804	1	(262) 472-1234
1805	1	(608) 758-6900
1806	1	(920) 693-1000
1807	1	(715) 422-5500
1808	1	(414) 297-6370
1809	1	(920) 922-8611
1810	1	(715) 365-4410
1811	1	(715) 675-3331
1812	1	(715) 468-2815
1813	1	(920) 433-3560
1814	1	(608) 663-4861
1815	1	(414) 282-9494
1816	1	(920) 261-9300 x2320
1817	1	(262) 554-2010
1818	1	(414) 847-3200
1819	1	(414) 277-7300
1820	1	(262) 646-6500
1821	1	(715) 324-6900
1822	1	(920) 748-8115
1823	1	(920) 337-3181
1824	1	(608) 796-3000
1825	1	(414) 464-9777
1826	1	(920) 223-0136
1827	1	(414) 747-4330
1828	1	(920) 433-3497
1829	1	(715) 799-5600
1830	1	(608) 663-2000
1831	1	(920) 684-3028
1832	1	(920) 684-3028
1833	1	(715) 835-2345
1834	1	(719) 587-7011
1835	1	(719) 549-2100
1836	1	(970) 248-1020
1837	1	(303) 556-3876
1838	1	(719) 333-6481
1839	1	(303) 492-1411
1840	1	(970) 351-1890
1841	1	(303) 797-4222
1842	1	(970) 945-8691
1843	1	(303) 556-2600
1844	1	(970) 874-7671
1845	1	(303) 344-4910 x27734
1846	1	(970) 565-8457
1847	1	(303) 963-3000
1848	1	(303) 761-2482
1849	1	(303) 288-4488
1850	1	(800) 811-5663
1851	1	(719) 884-5000
1852	1	(303) 369-5151
1853	1	(303) 753-6046
1854	1	(303) 837-0825
1855	1	(303) 426-7000
1856	1	(303) 751-8700
1857	1	(303) 530-2100 x100
1858	1	(303) 861-1151
1859	1	(719) 638-6580
1860	1	(970) 223-9943
1861	1	(303) 477-7240
1862	1	(719) 632-7626
1863	1	(303) 752-1560
1864	1	(970) 352-1181
1865	1	(800) 735-8418
1866	1	(307) 674-6446 x0
1867	1	(307) 382-1600
1868	1	(307) 632-3059
1869	1	(860) 832-3800
1870	1	(203) 392-5200
1871	1	(860) 444-8444
1872	1	(860) 486-2000
1873	1	(860) 253-3000
1874	1	(203) 332-5000
1875	1	(860) 512-3000
1876	1	(860) 343-5701
1877	1	(203) 857-7060
1878	1	(860) 886-0177
1879	1	(860) 255-3500
1880	1	(203) 773-8550
1881	1	(860) 447-1911
1882	1	(203) 254-4000
1883	1	(860) 509-9500
1884	1	(860) 632-3010
1885	1	(203) 287-3031
1886	1	(203) 371-7999
1887	1	(860) 232-4571
1888	1	(203) 576-4000
1889	1	(860) 685-2000
1890	1	(860) 528-4111
1891	1	(860) 456-6871
1892	1	(203) 294-9496 x0
1893	1	(860) 627-4300
1894	1	(203) 384-3205
1895	1	(860) 528-7178 x100
1896	1	(860) 739-2466
1897	1	(203) 315-1060
1898	1	(800) 243-3544
1899	1	(203) 985-0222 x10
1900	1	(203) 744-0900
1901	1	(203) 288-7474
1902	1	(203) 335-0364
1903	1	(302) 857-6060
1904	1	(302) 831-2000
1905	1	(302) 857-1000
1906	1	(302) 736-2300
1907	1	(202) 274-5000
1908	1	(202) 319-5000
1909	1	(202) 639-1800
1910	1	(202) 686-0876
1911	1	(202) 478-8200
1912	1	(202) 408-2400
1913	1	(202) 726-8800
1914	1	(202) 885-8600
1915	1	(386) 506-3000
1916	1	(239) 489-9300
1917	1	(904) 632-3000
1918	1	(239) 590-1000
1919	1	(850) 644-2525
1920	1	(772) 462-4772
1921	1	(305) 237-8888
1922	1	(850) 678-5111
1923	1	(727) 341-4772
1924	1	(352) 392-3261
1925	1	(904) 620-1000
1926	1	(813) 974-2011
1927	1	(754) 321-5100
1928	1	(813) 276-5448
1929	1	(941) 255-7500
1930	1	(904) 824-4401
1931	1	(352) 787-3747
1932	1	(239) 334-4544
1933	1	(239) 574-4440
1934	1	(305) 324-6070 x7005
1935	1	(727) 847-2727
1936	1	(850) 484-1000
1937	1	(727) 538-7167 x2106
1938	1	(850) 983-5700
1939	1	(863) 419-3060
1940	1	(305) 253-9920
1941	1	(386) 312-4200
1942	1	(941) 924-1365
1943	1	(754) 321-5400 x2053
1944	1	(850) 747-5500
1945	1	(407) 299-2187
1946	1	(850) 638-1180
1947	1	(904) 966-6764
1948	1	(305) 445-7731
1949	1	(407) 317-3431
1950	1	(352) 726-2430
1951	1	(954) 763-9840 x208
1952	1	(239) 280-2500
1953	1	(800) 756-6000
1954	1	(352) 787-7660
1955	1	(954) 492-5353
1956	1	(941) 355-9080 x106
1957	1	(727) 867-1166
1958	1	(904) 470-8000
1959	1	(954) 783-7339
1960	1	(813) 879-6000 x176
1961	1	(561) 912-1211
1962	1	(904) 829-6481
1963	1	(305) 553-6065
1964	1	(407) 847-8966
1965	1	(904) 680-7700
1966	1	(813) 988-5131
1967	1	(407) 628-5870 x104
1968	1	(863) 680-4111
1969	1	(239) 513-1122
1970	1	(813) 881-0007
1971	1	(813) 885-2244
1972	1	(904) 256-8000
1973	1	(904) 743-1122
1974	1	(954) 776-4476
1975	1	(561) 237-7000
1976	1	(954) 262-7300
1977	1	(813) 935-5700
1978	1	(407) 646-2000
1979	1	(352) 588-8200
1980	1	(727) 736-5082
1981	1	(850) 263-3261
1982	1	(863) 638-1426
1983	1	(305) 653-8770 x2001
1984	1	(407) 831-9816
1985	1	(305) 273-4499 x1100
1986	1	(305) 644-1171
1987	1	(386) 267-0565
1988	1	(305) 949-9500
1989	1	(305) 893-0005
1990	1	(407) 275-9696
1991	1	(407) 438-6000
1992	1	(561) 683-1400
1993	1	(813) 654-4529
1994	1	(305) 362-9003
1995	1	(727) 848-8415
1996	1	(407) 657-5033
1997	1	(407) 331-3900 x1209
1998	1	(305) 642-4104
1999	1	(239) 278-1311
