book	bookdepository	isbn_13
2000	2000	2000	1965
0000	1	9780312370848
0001	1	9781439177785
0002	1	9781848877993
0003	1	9781433805615
0004	1	9780099537540
0005	1	9781434768513
0006	1	9780817439392
0007	1	9780141047706
0008	1	9780091929114
0009	1	9781439196830
0010	1	9781607063605
0011	1	9781603290241
0012	1	9781600061400
0013	1	9781595143105
0014	1	9781408701669
0015	1	9781401322434
0016	1	9780984426416
0017	1	9780805350869
0018	1	9780762415984
0019	1	9780761156789
0020	1	9780744555721
0021	1	9780714859026
0022	1	9780451463838
0023	1	9780446548601
0024	1	9780393978629
0025	1	9780380811960
0026	1	9780142403877
0027	1	9780141324913
0028	1	9780140620481
0029	1	9780007288007
0030	1	9781934964385
0031	1	9781932664089
0032	1	9781931498234
0033	1	9781907410116
0034	1	9781857230277
0035	1	9781841497976
0036	1	9781595620156
0037	1	9781593592943
0038	1	9781451617702
0039	1	9781444901986
0040	1	9781439183519
0041	1	9780857080097
0042	1	9780811822909
0043	1	9780810993136
0044	1	9780805448856
0045	1	9780752227405
0046	1	9780747599777
0047	1	9780747545187
0048	1	9780701184179
0049	1	9780451230546
0050	1	9780446541466
0051	1	9780446310789
0052	1	9780440240990
0053	1	9780393933857
0054	1	9780340980507
0055	1	9780321474049
0056	1	9780312362911
0057	1	9780141321271
0058	1	9780140285604
0059	1	9780859537278
0060	1	9780571258093
0061	1	9780307465351
0062	1	9781423101505
0063	1	9780385343671
0064	1	9780061566165
0065	1	9780061438295
0066	1	9781934030479
0067	1	9781932664492
0068	1	9781906021788
0069	1	9781858945361
0070	1	9781853262401
0071	1	9781845433956
0072	1	9781841959313
0073	1	9781841215655
0074	1	9781615190126
0075	1	9781607060765
0076	1	9781603424776
0077	1	9781582437026
0078	1	9781579822750
0079	1	9781579654269
0080	1	9781578514373
0081	1	9781568989693
0082	1	9781451600056
0083	1	9781439149089
0084	1	9781439128299
0085	1	9781416938743
0086	1	9781416550556
0087	1	9781408809211
0088	1	9780898652604
0089	1	9780876120798
0090	1	9780778303619
0091	1	9780761563235
0092	1	9780761137993
0093	1	9780751537512
0094	1	9780751529814
0095	1	9780736092265
0096	1	9780670919994
0097	1	9780670032617
0098	1	9780618829255
0099	1	9780553819113
0100	1	9780553578553
0101	1	9781439136805
0102	1	9780891419198
0103	1	9780345525222
0104	1	9780545259088
0105	1	9780500500217
0106	1	9780470913024
0107	1	9780470185490
0108	1	9780451413024
0109	1	9780451227195
0110	1	9780440244400
0111	1	9780425239162
0112	1	9780385094023
0113	1	9780373285945
0114	1	9780340999158
0115	1	9780340999141
0116	1	9780321703569
0117	1	9780312664800
0118	1	9780312429980
0119	1	9780307120007
0120	1	9780273733652
0121	1	9780230747722
0122	1	9780199232178
0123	1	9780141321264
0124	1	9780140620139
0125	1	9780099520276
0126	1	9780099307204
0127	1	9780091912680
0128	1	9780071752039
0129	1	9780061537967
0130	1	9780060589462
0131	1	9782070391653
0132	1	9781933339078
0133	1	9781931282604
0134	1	9781906768294
0135	1	9781878424310
0136	1	9781863968560
0137	1	9781856696722
0138	1	9781853264696
0139	1	9781849920438
0140	1	9780140621808
0141	1	9780061783180
0142	1	9781400049622
0143	1	9780553582024
0144	1	9780545261241
0145	1	9780061583254
0146	1	9781849340410
0147	1	9781849163682
0148	1	9781849162302
0149	1	9781848871755
0150	1	9781847678607
0151	1	9781847673497
0152	1	9781846881114
0153	1	9781844163700
0154	1	9781840220766
0155	1	9781742660424
0156	1	9781742200958
0157	1	9781741795912
0158	1	9781741047394
0159	1	9781741047219
0160	1	9781607063292
0161	1	9781605296937
0162	1	9781604680171
0163	1	9781604592016
0164	1	9781600106958
0165	1	9781595141972
0166	1	9781595141750
0167	1	9781594481710
0168	1	9781594153204
0169	1	9781593072988
0170	1	9781591843634
0171	1	9781585421466
0172	1	9781580176255
0173	1	9781580174640
0174	1	9781580081306
0175	1	9781552100721
0176	1	9781440203572
0177	1	9781439171219
0178	1	9781439167342
0179	1	9781421525815
0180	1	9781421501680
0181	1	9781416576778
0182	1	9781416547075
0183	1	9781416509882
0184	1	9781416059516
0185	1	9781408810446
0186	1	9781408807064
0187	1	9781406328677
0188	1	9781405332996
0189	1	9781401918330
0190	1	9781401229115
0191	1	9780060555665
0192	1	9781741792355
0193	1	9780755348831
0194	1	9780715336243
0195	1	9780439858052
0196	1	9780373210183
0197	1	9781741964332
0198	1	9781590305843
0199	1	9781401323950
0200	1	9781400079148
0201	1	9780810970687
0202	1	9780399533464
0203	1	9780385474542
0204	1	9780307387943
0205	1	9780140264074
0206	1	9780099549482
0207	1	9780099539520
0208	1	9780061767593
0209	1	9780061247828
0210	1	9781932664225
0211	1	9781862305274
0212	1	9781853261589
0213	1	9781845298227
0214	1	9781401323950
0215	1	9780312370848
0216	1	9780330533973
0217	1	9780230755154
0218	1	9781933372952
0219	1	9780091939526
0220	1	9781442336391
0221	1	9780061767623
0222	1	9781601422217
0223	1	9781434768513
0224	1	9781848877993
0225	1	9781848873551
0226	1	9781408227992
0227	1	9781400052172
0228	1	9780230748699
0229	1	9788862930048
0230	1	9781594132001
0231	1	9780817463014
0232	1	9780060098919
0233	1	9780140621808
0234	1	9780140620641
0235	1	9780307716514
0236	1	9780547328560
0237	1	9780333710937
0238	1	9781444710359
0239	1	9781857883701
0240	1	9780060988470
0241	1	9780425240137
0242	1	9780152632243
0243	1	9781853262715
0244	1	9780671315283
0245	1	9780743272452
0246	1	9780091906818
0247	1	9780887307287
0248	1	9780439829113
0249	1	9780307473479
0250	1	9780545265355
0251	1	9781440302633
0252	1	9780310321910
0253	1	9781439173138
0254	1	9780752227405
0255	1	9780061767937
0256	1	9781605295398
0257	1	9781592403356
0258	1	9780240813479
0259	1	9781599218830
0260	1	9780739382851
0261	1	9780345505347
0262	1	9781590305959
0263	1	9781582405940
0264	1	9781603290692
0265	1	9781576839898
0266	1	9781596916104
0267	1	9780674013476
0268	1	9781608193943
0269	1	9781439171219
0270	1	9781595141972
0271	1	9780525950790
0272	1	9781565125964
0273	1	9780743298032
0274	1	9780060828394
0275	1	9780385523219
0276	1	9780316078917
0277	1	9780316777216
0278	1	9780375842207
0279	1	9780443069529
0280	1	9780307406262
0281	1	9780805350869
0282	1	9780765360038
0283	1	9780140449150
0284	1	9780729539395
0285	1	9780143118824
0286	1	9781740668620
0287	1	9780747598404
0288	1	9780385721912
0289	1	9780307913074
0290	1	9780385468862
0291	1	9780500287330
0292	1	9780441009237
0293	1	9780679405481
0294	1	9780380799008
0295	1	9781439168745
0296	1	9781586217198
0297	1	9780312659417
0298	1	9780385532358
0299	1	9781406325492
0300	1	9780415092340
0301	1	9781400106998
0302	1	9781407015569
0303	1	9780143118435
0304	1	9780143113997
0305	1	9780803731097
0306	1	9780142501122
0307	1	9780141324913
0308	1	9780679428015
0309	1	9780140620481
0310	1	9780140620115
0311	1	9780140620108
0312	1	9780140621198
0313	1	9780140274097
0314	1	9780099524182
0315	1	9780091912697
0316	1	9780061238536
0317	1	9780061900655
0318	1	9780060876326
0319	1	9780061987410
0320	1	9780007377176
0321	1	9780007136926
0322	1	9780815732150
0323	1	9784770027818
0324	1	9780198603825
0325	1	9781934964101
0326	1	9781932416824
0327	1	9781933392592
0328	1	9781410410214
0329	1	9781907410093
0330	1	9781863968560
0331	1	9780312854287
0332	1	9781593976835
0333	1	9781841491837
0334	1	9781593974336
0335	1	9781857230765
0336	1	9781856697057
0337	1	9780801984969
0338	1	9780312656737
0339	1	9780330519472
0340	1	9780061965708
0341	1	9780802139306
0342	1	9781847081414
0343	1	9780312366056
0344	1	9781846042416
0345	1	9781844086825
0346	1	9780441019960
0347	1	9780715338650
0348	1	9781584798583
0349	1	9781423131601
0350	1	9780525423645
0351	1	9781595620156
0352	1	9781595620255
0353	1	9780522850307
0354	1	9780380784301
0355	1	9780060730550
0356	1	9780340999165
0357	1	9780848733704
0358	1	9781439183519
0359	1	9780811876377
0360	1	9781847736468
0361	1	9781423134541
0362	1	9780553819120
0363	1	9780821780770
0364	1	9780380789030
0365	1	9781408810477
0366	1	9781408810101
0367	1	9781408815106
0368	1	9780723435099
0369	1	9780340815717
0370	1	9781400033461
0371	1	9781585422197
0372	1	9780099469544
0373	1	9780199564675
0374	1	9780811851596
0375	1	9781584796343
0376	1	9780811826020
0377	1	9780679809012
0378	1	9780689835605
0379	1	9780811822909
0380	1	9780978715373
0381	1	9780785148142
0382	1	9780785146384
0383	1	9780778302650
0384	1	9780778303077
0385	1	9780734411389
0386	1	9780330457309
0387	1	9781437707922
0388	1	9780679882817
0389	1	9780575094444
0390	1	9780441018512
0391	1	9783898138529
0392	1	9780451191144
0393	1	9780575085527
0394	1	9780553579901
0395	1	9781420917024
0396	1	9780451526342
0397	1	9780451231550
0398	1	9780451225726
0399	1	9780451191151
0400	1	9780451205360
0401	1	9780443069116
0402	1	9780553281743
0403	1	9780441020577
0404	1	9780241951712
0405	1	9780399157219
0406	1	9780316069489
0407	1	9781409116011
0408	1	9780393051131
0409	1	9780756912840
0410	1	9780751536140
0411	1	9780340980507
0412	1	9780335242399
0413	1	9780333982235
0414	1	9785551843610
0415	1	9780330507431
0416	1	9780345490124
0417	1	9781570671043
0418	1	9780330343473
0419	1	9780321524768
0420	1	9780316056632
0421	1	9780765318411
0422	1	9780307716866
0423	1	9780007281435
0424	1	9780385738385
0425	1	9780142402511
0426	1	9781405052290
0427	1	9780141319148
0428	1	9780140274158
0429	1	9780140285604
0430	1	9780586090459
0431	1	9780137072064
0432	1	9781934137222
0433	1	9780099533214
0434	1	9780141184845
0435	1	9780062002327
0436	1	9780061684388
0437	1	9781439180914
0438	1	9780061857805
0439	1	9781433261817
0440	1	9781595143976
0441	1	9780061726828
0442	1	9781577314806
0443	1	9781577314172
0444	1	9781577311959
0445	1	9780061566165
0446	1	9781848544789
0447	1	9780763647605
0448	1	9780393337457
0449	1	9780805083392
0450	1	9780061374968
0451	1	9780061020711
0452	1	9780007265008
0453	1	9780007259700
0454	1	9781850787655
0455	1	9780751529814
0456	1	9781405320368
0457	1	9780871319852
0458	1	9781934030516
0459	1	9780413715609
0460	1	9781931282925
0461	1	9781935274056
0462	1	9780739367674
0463	1	9780316038379
0464	1	9781741966183
0465	1	9780545078863
0466	1	9781421525747
0467	1	9781905654437
0468	1	9780316015844
0469	1	9781858944623
0470	1	9781593975319
0471	1	9781853260155
0472	1	9789626341339
0473	1	9781590201282
0474	1	9781401921521
0475	1	9781576759202
0476	1	9780307387943
0477	1	9780375702327
0478	1	9781847671615
0479	1	9780307269461
0480	1	9780330455725
0481	1	9781844007066
0482	1	9781416989424
0483	1	9781847386960
0484	1	9781441739414
0485	1	9781849169578
0486	1	9781847245724
0487	1	9781847241054
0488	1	9781847247636
0489	1	9781846943911
0490	1	9781845433956
0491	1	9781845432669
0492	1	9781844484782
0493	1	9780715330050
0494	1	9781590587997
0495	1	9780140622171
0496	1	9780811868716
0497	1	9781741049886
0498	1	9781741791778
0499	1	9781741967128
0500	1	9781607063278
0501	1	9781888963144
0502	1	9780141186672
0503	1	9781583333396
0504	1	9780857204103
0505	1	9780091816971
0506	1	9780811858366
0507	1	9780811871617
0508	1	9781600595110
0509	1	9781601252470
0510	1	9781615190195
0511	1	9780979439117
0512	1	9781906525811
0513	1	9781594488887
0514	1	9780743530248
0515	1	9781604131994
0516	1	9781593858384
0517	1	9781606238769
0518	1	9781606238776
0519	1	9781572307063
0520	1	9781556437304
0521	1	9781401902100
0522	1	9781592766154
0523	1	9780547408569
0524	1	9781564779342
0525	1	9781604680171
0526	1	9781568989693
0527	1	9782940373772
0528	1	9781416580942
0529	1	9781444900637
0530	1	9780340996621
0531	1	9781439167557
0532	1	9781416548546
0533	1	9780425235447
0534	1	9780061783166
0535	1	9781439102817
0536	1	9781442336209
0537	1	9781416938743
0538	1	9780806534442
0539	1	9780374128951
0540	1	9781416509882
0541	1	9781416509875
0542	1	9781933231600
0543	1	9780330503723
0544	1	9780345502834
0545	1	9781416549192
0546	1	9780743582452
0547	1	9781416525660
0548	1	9781594134449
0549	1	9780752890524
0550	1	9781742201023
0551	1	9780007292516
0552	1	9781401381769
0553	1	9781401307455
0554	1	9781401228880
0555	1	9781582404592
0556	1	9781845767723
0557	1	9781401220341
0558	1	9781400068920
0559	1	9780753522691
0560	1	9780978845315
0561	1	9780393061024
0562	1	9780979777714
0563	1	9781579652418
0564	1	9783037780046
0565	1	9780929837444
0566	1	9780898652604
0567	1	9780897501705
0568	1	9780897501125
0569	1	9780809231942
0570	1	9780876120958
0571	1	9785551361145
0572	1	9785551361138
0573	1	9780876121504
0574	1	9780876124697
0575	1	9780765354303
0576	1	9780738710181
0577	1	9780312383695
0578	1	9780786951444
0579	1	9780786955619
0580	1	9781556528293
0581	1	9780778327608
0582	1	9780778329138
0583	1	9780778303855
0584	1	9780778303602
0585	1	9780778303763
0586	1	9785551460800
0587	1	9780763778569
0588	1	9780307469694
0589	1	9780761137993
0590	1	9780689834998
0591	1	9780755359424
0592	1	9780099479314
0593	1	9780736059725
0594	1	9780199236107
0595	1	9781846077166
0596	1	9780340994979
0597	1	9780715322901
0598	1	9780715325506
0599	1	9780715329610
0600	1	9780786886814
0601	1	9780670919659
0602	1	9780385522007
0603	1	9780007263844
0604	1	9780670032631
0605	1	9780609607046
0606	1	9780198321668
0607	1	9780571212965
0608	1	9781841953304
0609	1	9780758236425
0610	1	9780758216427
0611	1	9780553589917
0612	1	9781400160518
0613	1	9780440338079
0614	1	9780553565690
0615	1	9780552561808
0616	1	9780385618083
0617	1	9780385618090
0618	1	9781400109746
0619	1	9780547247991
0620	1	9780007320400
0621	1	9780330322690
0622	1	9780330412582
0623	1	9780316034388
0624	1	9780714844657
0625	1	9781570671036
0626	1	9781583333006
0627	1	9781845130824
0628	1	9780330493109
0629	1	9780553593310
0630	1	9780300148787
0631	1	9780747560593
0632	1	9780763625481
0633	1	9780545123280
0634	1	9780520239333
0635	1	9780385094023
0636	1	9780451463623
0637	1	9781593350505
0638	1	9780515128543
0639	1	9789056627416
0640	1	9780191570483
0641	1	9780465056538
0642	1	9781859840542
0643	1	9780743268097
0644	1	9780451463913
0645	1	9780451462879
0646	1	9780765343260
0647	1	9780451224637
0648	1	9780451229731
0649	1	9781416516934
0650	1	9780451166890
0651	1	9780451228376
0652	1	9781400096893
0653	1	9781607886532
0654	1	9780446198981
0655	1	9780446608817
0656	1	9780446611213
0657	1	9781600247286
0658	1	9781565117723
0659	1	9780312323110
0660	1	9780441020188
0661	1	9780441019458
0662	1	9780440245261
0663	1	9780440244493
0664	1	9780440244448
0665	1	9785551892281
0666	1	9780440242406
0667	1	9780440241898
0668	1	9780440241812
0669	1	9780440241911
0670	1	9787770943331
0671	1	9780440236528
0672	1	9780060009267
0673	1	9780425233351
0674	1	9780425226926
0675	1	9780425226735
0676	1	9780413776891
0677	1	9780099494140
0678	1	9781847921253
0679	1	9780393072235
0680	1	9780061854149
0681	1	9780385739139
0682	1	9785551940449
0683	1	9780375857683
0684	1	9780375851568
0685	1	9780609608449
0686	1	9780679755333
0687	1	9780375701214
0688	1	9780374508043
0689	1	9780374515362
0690	1	9780807014271
0691	1	9789562915304
0692	1	9780263889376
0693	1	9780373285938
0694	1	9780061582707
0695	1	9780099911708
0696	1	9780099278252
0697	1	9780385337502
0698	1	9780345512758
0699	1	9780345458940
0700	1	9780345476982
0701	1	9780553807042
0702	1	9780340897980
0703	1	9780316131612
0704	1	9780890879672
0705	1	9780230704169
0706	1	9780321647252
0707	1	9780321637284
0708	1	9780321718198
0709	1	9780240522005
0710	1	9781586217457
0711	1	9780316043663
0712	1	9780425239780
0713	1	9780312485733
0714	1	9780805080681
0715	1	9780310266631
0716	1	9780785263708
0717	1	9780310243144
0718	1	9780310247456
0719	1	9780310243151
0720	1	9780307592286
0721	1	9780307748645
0722	1	9780631195382
0723	1	9780273716945
0724	1	9780230747722
0725	1	9781586171667
0726	1	9780826469007
0727	1	9781594201929
0728	1	9780140240849
0729	1	9780517548233
0730	1	9780142415245
0731	1	9780142413401
0732	1	9780440867401
0733	1	9780141441443
0734	1	9780316077033
0735	1	9780679410430
0736	1	9780571226160
0737	1	9780718154837
0738	1	9780718157623
0739	1	9780061456381
0740	1	9780141032436
0741	1	9780140622218
0742	1	9780140620634
0743	1	9781400160785
0744	1	9780140620757
0745	1	9781906694722
0746	1	9780061655517
0747	1	9781856866552
0748	1	9780749305796
0749	1	9780671733353
0750	1	9780071752039
0751	1	9780062011947
0752	1	9780691146836
0753	1	9780195373196
0754	1	9780312605384
0755	1	9780552152990
0756	1	9780060989156
0757	1	9780062014955
0758	1	9780330513005
0759	1	9780312427597
0760	1	9780007425662
0761	1	9780007150366
0762	1	9780007182329
0763	1	9781592533459
0764	1	9788862935661
0765	1	9788862935623
0766	1	9783865214843
0767	1	9783836508056
0768	1	9782266126304
0769	1	9782290311783
0770	1	9780785139799
0771	1	9781594860522
0772	1	9780875167343
0773	1	9781933339290
0774	1	9781843101376
0775	1	9781932565355
0776	1	9781906964566
0777	1	9781569475737
0778	1	9781906768416
0779	1	9780141181530
0780	1	9781906502355
0781	1	9780863153136
0782	1	9781878424426
0783	1	9781402784804
0784	1	9781853260360
0785	1	9780330510943
0786	1	9781592247837
0787	1	9781853261107
0788	1	9781853260902
0789	1	9780679412694
0790	1	9781853260568
0791	1	9781595142610
0792	1	9781856867887
0793	1	9780739380727
0794	1	9781901768770
0795	1	9781599869957
0796	1	9780739384190
0797	1	9780307595577
0798	1	9780307406392
0799	1	9780802456007
0800	1	9780099519478
0801	1	9780688171629
0802	1	9780375420528
0803	1	9780375703768
0804	1	9781847375247
0805	1	9780374139629
0806	1	9781849163675
0807	1	9780547229898
0808	1	9781849162364
0809	1	9781849162302
0810	1	9780470046388
0811	1	9780471788997
0812	1	9780863156465
0813	1	9780385501125
0814	1	9781594488849
0815	1	9780345487520
0816	1	9781416593409
0817	1	9781416594178
0818	1	9781416563723
0819	1	9781847374585
0820	1	9781847394644
0821	1	9780007147298
0822	1	9780007271085
0823	1	9781846683015
0824	1	9780141044668
0825	1	9781845763565
0826	1	9781401225759
0827	1	9781576870990
0828	1	9781844168859
0829	1	9781844168699
0830	1	9781604860603
0831	1	9780756406400
0832	1	9780756404710
0833	1	9780007150939
0834	1	9781400033393
0835	1	9780007149827
0836	1	9780571229116
0837	1	9781840225501
0838	1	9781596541108
0839	1	9780812979916
0840	1	9781423379065
0841	1	9781588368379
0842	1	9785551885924
0843	1	9781742660424
0844	1	9781742482927
0845	1	9781742200958
0846	1	9781742200941
0847	1	9781742200903
0848	1	9781742200767
0849	1	9781741797114
0850	1	9781741795912
0851	1	9781741792263
0852	1	9781741047134
0853	1	9781741040500
0854	1	9788497643467
0855	1	9780736060325
0856	1	9781605295909
0857	1	9781603420792
0858	1	9780715331514
0859	1	9781572305632
0860	1	9780091894818
0861	1	9780871162816
0862	1	9781600107689
0863	1	9781600104831
0864	1	9781848567924
0865	1	9780844242507
0866	1	9781595823274
0867	1	9781595822062
0868	1	9780312590987
0869	1	9781594712272
0870	1	9781593272791
0871	1	9781570548307
0872	1	9781593272111
0873	1	9781570629082
0874	1	9781570629051
0875	1	9780300140187
0876	1	9781570542572
0877	1	9780875845852
0878	1	9780385512466
0879	1	9781597563628
0880	1	9781585428557
0881	1	9781600610820
0882	1	9780330343589
0883	1	9781584794851
0884	1	9780262632553
0885	1	9780060834371
0886	1	9781847734617
0887	1	9781580081269
0888	1	9780671679927
0889	1	9780738213279
0890	1	9780387896427
0891	1	9780452272040
0892	1	9781572242524
0893	1	9781569757192
0894	1	9781906217051
0895	1	9781861055460
0896	1	9781569705964
0897	1	9781569701201
0898	1	9781569701843
0899	1	9781565078574
0900	1	9781564779922
0901	1	9781563899423
0902	1	9781401204860
0903	1	9781556437977
0904	1	9780373892242
0905	1	9780553590081
0906	1	9780061720796
0907	1	9781444901504
0908	1	9780340963081
0909	1	9780340963050
0910	1	9781589234734
0911	1	9780312971236
0912	1	9781416577584
0913	1	9781416572831
0914	1	9780307278777
0915	1	9780330321259
0916	1	9781860492594
0917	1	9780312428471
0918	1	9781416055181
0919	1	9780764542800
0920	1	9781421518886
0921	1	9781421523651
0922	1	9781421523446
0923	1	9781421501680
0924	1	9781421506265
0925	1	9781420104677
0926	1	9780821780008
0927	1	9780821780053
0928	1	9780062004994
0929	1	9781416963967
0930	1	9781582346182
0931	1	9781416505075
0932	1	9781416549727
0933	1	9781414336848
0934	1	9781414336794
0935	1	9780842300520
0936	1	9780310266266
0937	1	9780778303695
0938	1	9781590204597
0939	1	9781400063734
0940	1	9780312421977
0941	1	9780007353118
0942	1	9780545207072
0943	1	9780439977180
0944	1	9781407107097
0945	1	9781407107158
0946	1	9780545157612
0947	1	9781407108827
0948	1	9781405337465
0949	1	9781426205262
0950	1	9781405235204
0951	1	9781401922733
0952	1	9781401229665
0953	1	9781607063353
0954	1	9781600107627
0955	1	9781401223458
0956	1	9781401225728
0957	1	9781593079789
0958	1	9780061433047
0959	1	9780061161728
0960	1	9780060793838
0961	1	9780071592536
0962	1	9781740592413
0963	1	9781881273806
0964	1	9780715337578
0965	1	9780241144251
0966	1	9780316010665
0967	1	9781905113088
0968	1	9781847394071
0969	1	9781741049152
0970	1	9781592172603
0971	1	9781593074494
0972	1	9781595825582
0973	1	9781580082679
0974	1	9780273730934
0975	1	9780385343138
0976	1	9781401229009
0977	1	9780811874700
0978	1	9780810988224
0979	1	9780747594062
0980	1	9780571252671
0981	1	9780349114170
0982	1	9780060852580
0983	1	9780739344262
0984	1	9780553907070
0985	1	9781565115156
0986	1	9780230753754
0987	1	9780525951650
0988	1	9780312346553
0989	1	9780312346577
0990	1	9781422124826
0991	1	9781599180410
0992	1	9782940411283
0993	1	9780345518569
0994	1	9780739368435
0995	1	9780425230152
0996	1	9781848311961
0997	1	9780141043531
0998	1	9780029212912
0999	1	9780307743855
1000	1	9780764586477
1001	1	9781600240058
1002	1	9780312330538
1003	1	9780739383582
1004	1	9781594200823
1005	1	9780143114963
1006	1	9780895297686
1007	1	9780099302421
1008	1	9780061963155
1009	1	9780795300004
1010	1	9780060850524
1011	1	9781853261077
1012	1	9781853261282
1013	1	9780679600848
1014	1	9781408809938
1015	1	9781400078615
1016	1	9780330464697
1017	1	9780547247762
1018	1	9780812971835
1019	1	9781594483295
1020	1	9781615730322
1021	1	9780140276626
1022	1	9781578516445
1023	1	9780142429303
1024	1	9781601423221
1025	1	9781433506161
1026	1	9780761973836
1027	1	9780840031723
1028	1	9781423126904
1029	1	9780060898779
1030	1	9780062009975
1031	1	9780060554736
1032	1	9781841957869
1033	1	9780781403221
1034	1	9780817453916
1035	1	9780747566014
1036	1	9780521883665
1037	1	9780684830469
1038	1	9780521402309
1039	1	9780393966404
1040	1	9789626343531
1041	1	9780140621587
1042	1	9780689848186
1043	1	9780060987114
1044	1	9780399250392
1045	1	9781405054119
1046	1	9780898753035
1047	1	9780809596812
1048	1	9781929494170
1049	1	9780307269751
1050	1	9780307577580
1051	1	9781416975861
1052	1	9780753512852
1053	1	9780743582056
1054	1	9781846881008
1055	1	9780812971415
1056	1	9780762433209
1057	1	9781600611896
1058	1	9781590304716
1059	1	9781590307175
1060	1	9781590306499
1061	1	9781582407517
1062	1	9780140422153
1063	1	9780875526003
1064	1	9780787901318
1065	1	9781594202537
1066	1	9782759404346
1067	1	9781441830814
1068	1	9781581345100
1069	1	9781410417381
1070	1	9780393333091
1071	1	9781400032419
1072	1	9780099452140
1073	1	9780060790950
1074	1	9780349113913
1075	1	9780748632985
1076	1	9780786868698
1077	1	9780471257509
1078	1	9781556437816
1079	1	9780811865487
1080	1	9780811860352
1081	1	9780765320308
1082	1	9781595479709
1083	1	9780872202849
1084	1	9780486406633
1085	1	9784770026125
1086	1	9780141502526
1087	1	9780071410243
1088	1	9780813829340
1089	1	9780060933845
1090	1	9785551460602
1091	1	9781879960749
1092	1	9780141184883
1093	1	9780571209132
1094	1	9780749399573
1095	1	9780802143570
1096	1	9780952280866
1097	1	9781600610646
1098	1	9780273682981
1099	1	9780451461636
1100	1	9780451460578
1101	1	9785551314172
1102	1	9781568497235
1103	1	9781853260742
1104	1	9780141439549
1105	1	9781176832763
1106	1	9780393304459
1107	1	9780060741259
1108	1	9780380711345
1109	1	9780321552976
1110	1	9780321704481
1111	1	9780316316965
1112	1	9780316075848
1113	1	9780316076203
1114	1	9781591843191
1115	1	9781400044924
1116	1	9780375423765
1117	1	9785551469049
1118	1	9781409103257
1119	1	9780470067369
1120	1	9780415372695
1121	1	9780141040370
1122	1	9780486415895
1123	1	9780140620290
1124	1	9780141439792
1125	1	9781853260728
1126	1	9789626341940
1127	1	9780393312836
1128	1	9780316168816
1129	1	9783540722434
1130	1	9780393337808
1131	1	9780140505511
1132	1	9780060548933
1133	1	9780140620863
1134	1	9780140620870
1135	1	9781401308209
1136	1	9781856178051
1137	1	9780486290492
1138	1	9780486406480
1139	1	9780486275574
1140	1	9781433215308
1141	1	9780385342797
1142	1	9781433215322
1143	1	9785551626862
1144	1	9781400164370
1145	1	9785551282204
1146	1	9780007196203
1147	1	9781585676156
1148	1	9780719063718
1149	1	9782894506578
1150	1	9784770020680
1151	1	9780834802223
1152	1	9784770027993
1153	1	9780804820370
1154	1	9780804819657
1155	1	9781932416312
1156	1	9780393326765
1157	1	9781592403448
1158	1	9780141031880
1159	1	9780882667034
1160	1	9781592577712
1161	1	9781410419514
1162	1	9780263887679
1163	1	9780716022213
1164	1	9780563522997
1165	1	9780563521143
1166	1	9780812517729
1167	1	9781593974329
1168	1	9781561584963
1169	1	9780713489576
1170	1	9781596680944
1171	1	9781856695756
1172	1	9780871137371
1173	1	9782920932210
1174	1	9781401925802
1175	1	9781848501270
1176	1	9781851687404
1177	1	9780062002495
1178	1	9780226667867
1179	1	9781608190850
1180	1	9781856352208
1181	1	9780787997885
1182	1	9780876125076
1183	1	9781400202829
1184	1	9781423373445
1185	1	9780812571332
1186	1	9781584798378
1187	1	9781606840658
1188	1	9781606841174
1189	1	9780441016808
1190	1	9780441013111
1191	1	9781595620279
1192	1	9780071446525
1193	1	9781595620033
1194	1	9781592402496
1195	1	9781597166270
1196	1	9780262195249
1197	1	9781572840980
1198	1	9780325003108
1199	1	9781844568253
1200	1	9781444901665
1201	1	9781440506383
1202	1	9780316113076
1203	1	9780312595128
1204	1	9780739380338
1205	1	9780758232007
1206	1	9780060515195
1207	1	9780755331147
1208	1	9781407434605
1209	1	9780756677060
1210	1	9780729538763
1211	1	9781400144259
1212	1	9781439168578
1213	1	9781847383020
1214	1	9780226320557
1215	1	9780982184103
1216	1	9780071613644
1217	1	9780443069222
1218	1	9781405139113
1219	1	9780874774191
1220	1	9781401307929
1221	1	9780823002818
1222	1	9781455807222
1223	1	9781455807246
1224	1	9780099494171
1225	1	9781849161527
1226	1	9780749924799
1227	1	9780199558469
1228	1	9780811865760
1229	1	9780470497814
1230	1	9780811842457
1231	1	9780064430180
1232	1	9780689823220
1233	1	9780689826634
1234	1	9780761139898
1235	1	9780978715380
1236	1	9780785129509
1237	1	9781582406947
1238	1	9781426838767
1239	1	9787770819070
1240	1	9785551943747
1241	1	9780571251827
1242	1	9781907803192
1243	1	9780061238987
1244	1	9780684801377
1245	1	9780734411464
1246	1	9780395870822
1247	1	9780143116608
1248	1	9780330492867
1249	1	9780763742317
1250	1	9780375857942
1251	1	9781407468112
1252	1	9781400167111
1253	1	9780575084933
1254	1	9780230706804
1255	1	9781400160525
1256	1	9780553903584
1257	1	9785551658559
1258	1	9785551342380
1259	1	9780765348791
1260	1	9780765348814
1261	1	9780316066990
1262	1	9780061958038
1263	1	9780451529558
1264	1	9780451163967
1265	1	9780441018130
1266	1	9781439109656
1267	1	9780425231975
1268	1	9781416598145
1269	1	9785551361640
1270	1	9785551325635
1271	1	9780465026562
1272	1	9780446508940
1273	1	9780195334760
1274	1	9781576754641
1275	1	9780373605156
1276	1	9780425158647
1277	1	9780812550702
1278	1	9780553287899
1279	1	9780440237556
1280	1	9781441829412
1281	1	9781426847806
1282	1	9780345454942
1283	1	9780752817002
1284	1	9781416514985
1285	1	9781848373211
1286	1	9781402747670
1287	1	9781405500661
1288	1	9781401388881
1289	1	9780747561620
1290	1	9780141188768
1291	1	9780375507250
1292	1	9781403328212
1293	1	9781444711226
1294	1	9780141439730
1295	1	9780141439747
1296	1	9781405047302
1297	1	9780285631946
1298	1	9780965987301
1299	1	9788433968081
1300	1	9781590173022
1301	1	9780811218016
1302	1	9781843547167
1303	1	9780312942595
1304	1	9781597801584
1305	1	9780312984298
1306	1	9780747589327
1307	1	9781408801857
1308	1	9780307409034
1309	1	9780307461292
1310	1	9785551553090
1311	1	9780307592804
1312	1	9781740667982
1313	1	9780545096324
1314	1	9780142406250
1315	1	9780142401767
1316	1	9780743299411
1317	1	9780253210906
1318	1	9781433269721
1319	1	9780684865133
1320	1	9780385333498
1321	1	9780061054884
1322	1	9780099842705
1323	1	9780273730262
1324	1	9780273710196
1325	1	9781594489587
1326	1	9780434020843
1327	1	9780802131935
1328	1	9780099512332
1329	1	9780981269535
1330	1	9780679720201
1331	1	9780141183022
1332	1	9780802150899
1333	1	9781405359788
1334	1	9780007289943
1335	1	9780007232062
1336	1	9780312338152
1337	1	9785551132271
1338	1	9781602858817
1339	1	9780446525534
1340	1	9780312649913
1341	1	9781577315094
1342	1	9780525948025
1343	1	9781577314196
1344	1	9781577314004
1345	1	9780230712584
1346	1	9780571225392
1347	1	9781400078776
1348	1	9781441737564
1349	1	9780749939755
1350	1	9780738211701
1351	1	9781409112341
1352	1	9781416562597
1353	1	9781417813377
1354	1	9780062059871
1355	1	9781406331493
1356	1	9781856696319
1357	1	9780606122733
1358	1	9780062009548
1359	1	9780553804720
1360	1	9780786174652
1361	1	9780739384176
1362	1	9780717138982
1363	1	9780716020783
1364	1	9781846077661
1365	1	9785551838128
1366	1	9781846571404
1367	1	9780415466868
1368	1	9780415467087
1369	1	9780871319869
1370	1	9780736075879
1371	1	9781408110218
1372	1	9781579542702
1373	1	9780399152924
1374	1	9781932907513
1375	1	9780826480378
1376	1	9781843102229
1377	1	9780781771443
1378	1	9780781748025
1379	1	9780750652735
1380	1	9780345490117
1381	1	9783551356901
1382	1	9781421529233
1383	1	9780316053464
1384	1	9781889140131
1385	1	9781889140124
1386	1	9780684838656
1387	1	9781572307407
1388	1	9780345442864
1389	1	9781596435933
1390	1	9781580082082
1391	1	9781580087865
1392	1	9782819931232
1393	1	9780439888141
1394	1	9780679405740
1395	1	9780141183411
1396	1	9781849028370
1397	1	9780141192499
1398	1	9780679443735
1399	1	9781853262647
1400	1	9780679641353
1401	1	9780199537822
1402	1	9780674995611
1403	1	9780548252338
1404	1	9780199280759
1405	1	9780140447897
1406	1	9780091825614
1407	1	9781878424341
1408	1	9780307452337
1409	1	9780345386571
1410	1	9781561705320
1411	1	9781841959719
1412	1	9785551388722
1413	1	9780713667653
1414	1	9781580817318
1415	1	9785551083771
1416	1	9785551170556
1417	1	9780307456274
1418	1	9780374116347
1419	1	9781742141848
1420	1	9781441872135
1421	1	9780307706478
1422	1	9780804768986
1423	1	9781844091447
1424	1	9780684832401
1425	1	9780393325423
1426	1	9781845830373
1427	1	9781906417291
1428	1	9781592333998
1429	1	9780715336311
1430	1	9781594742323
1431	1	9781844484829
1432	1	9780312538347
1433	1	9780893469405
1434	1	9780143115007
1435	1	9780142001431
1436	1	9780520253971
1437	1	9780470226971
1438	1	9781740459099
1439	1	9781741048773
1440	1	9781740597302
1441	1	9781741792270
1442	1	9781740592970
1443	1	9781740595292
1444	1	9780007178605
1445	1	9780762430741
1446	1	9785552047000
1447	1	9781410417817
1448	1	9781907448010
1449	1	9780224063975
1450	1	9781401216542
1451	1	9780977731541
1452	1	9780140621396
1453	1	9781569757918
1454	1	9780743582858
1455	1	9781600613203
1456	1	9781934429372
1457	1	9780757313806
1458	1	9780738212548
1459	1	9781556437496
1460	1	9781890001155
1461	1	9780785826125
1462	1	9785551494478
1463	1	9781409059196
1464	1	9780715332863
1465	1	9780801013737
1466	1	9780334028567
1467	1	9781441766052
1468	1	9781598956474
1469	1	9780199536559
1470	1	9780061120084
1471	1	9780684833392
1472	1	9781401307783
1473	1	9780061137853
1474	1	9781848311510
1475	1	9781569756249
1476	1	9781558580091
1477	1	9780060214166
1478	1	9781416985136
1479	1	9781921272394
1480	1	9780746037782
1481	1	9780547366203
1482	1	9781840247121
1483	1	9781847240088
1484	1	9781847249869
1485	1	9781847240095
1486	1	9780753813591
1487	1	9781576753439
1488	1	9780312361983
1489	1	9781591397755
1490	1	9781594770807
1491	1	9781572248427
1492	1	9780781734769
1493	1	9780713685794
1494	1	9782940373284
1495	1	9782940373925
1496	1	9781408129913
1497	1	9781600940569
1498	1	9781577315544
1499	1	9780425237823
1500	1	9780425236888
1501	1	9780380797479
1502	1	9781420119794
1503	1	9781420119800
1504	1	9781420103755
1505	1	9780425235959
1506	1	9780714652627
1507	1	9780275985356
1508	1	9781423614883
1509	1	9781434381996
1510	1	9781427210517
1511	1	9781933231273
1512	1	9781933231563
1513	1	9780810949744
1514	1	9781845979676
1515	1	9785551841609
1516	1	9780425185506
1517	1	9780340836729
1518	1	9780434014651
1519	1	9781846571336
1520	1	9780743566162
1521	1	9780743453035
1522	1	9780434010387
1523	1	9781408806005
1524	1	9780007100033
1525	1	9781600610493
1526	1	9781405905831
1527	1	9780785147572
1528	1	9781845769833
1529	1	9781845762278
1530	1	9780253214218
1531	1	9780847832408
1532	1	9781876991203
1533	1	9780893815936
1534	1	9781401224301
1535	1	9780979777769
1536	1	9780950706238
1537	1	9781401922085
1538	1	9781401904012
1539	1	9781401902957
1540	1	9781879181212
1541	1	9781879181311
1542	1	9780897500517
1543	1	9780809228317
1544	1	9781565892125
1545	1	9781410430113
1546	1	9780452270831
1547	1	9781593356873
1548	1	9781441886699
1549	1	9780802720856
1550	1	9781416520405
1551	1	9780316051583
1552	1	9780142411551
1553	1	9780786939534
1554	1	9780786952335
1555	1	9780786954179
1556	1	9781426853968
1557	1	9781441739490
1558	1	9780756671105
1559	1	9780785140238
1560	1	9780785128380
1561	1	9781563054426
1562	1	9780760321652
1563	1	9781876720025
1564	1	9781859609460
1565	1	9780830604142
1566	1	9781588500700
1567	1	9780061927324
1568	1	9780575081413
1569	1	9780515148787
1570	1	9780399157028
1571	1	9785551599043
1572	1	9781593357030
1573	1	9780061579233
1574	1	9781404339569
1575	1	9780860685241
1576	1	9781420909104
1577	1	9780671797485
1578	1	9780892817641
1579	1	9780007145164
1580	1	9781405179706
1581	1	9780340906156
1582	1	9780563522133
1583	1	9780811869430
1584	1	9780007182336
1585	1	9780552154932
1586	1	9780143104407
1587	1	9780199208272
1588	1	9780140440447
1589	1	9785551316428
1590	1	9781402700040
1591	1	9780435232900
1592	1	9781412157698
1593	1	9781847673657
1594	1	9781841956190
1595	1	9780425225912
1596	1	9780307386762
1597	1	9780007304998
1598	1	9780553582444
1599	1	9780393706420
1600	1	9780060924836
1601	1	9780060964085
1602	1	9780060924843
1603	1	9780061575426
1604	1	9781932714470
1605	1	9781847673510
1606	1	9781433268151
1607	1	9780226458083
1608	1	9780330349420
1609	1	9781596592797
1610	1	9780393324815
1611	1	9780470474808
1612	1	9780330412629
1613	1	9781741967494
1614	1	9780719565564
1615	1	9781592333745
1616	1	9780470228784
1617	1	9781897178447
1618	1	9781580052689
1619	1	9780736921077
1620	1	9780062513274
1621	1	9780764807138
1622	1	9780062507945
1623	1	9780061906282
1624	1	9781595821652
1625	1	9781593079635
1626	1	9780760337332
1627	1	9780307346605
1628	1	9780752897851
1629	1	9781561582709
1630	1	9781561585694
1631	1	9781423324454
1632	1	9780761148258
1633	1	9781416916598
1634	1	9780606146098
1635	1	9780807064733
1636	1	9780521525763
1637	1	9780521597302
1638	1	9781400167647
1639	1	9780425228647
1640	1	9781441856630
1641	1	9780749908294
1642	1	9780515147995
1643	1	9780763617127
1644	1	9780763610845
1645	1	9781434101372
1646	1	9780486258102
1647	1	9781595580511
1648	1	9780826498847
1649	1	9780521703147
1650	1	9780674021891
1651	1	9781851682348
1652	1	9780451528810
1653	1	9781584350804
1654	1	9780765348753
1655	1	9780425213445
1656	1	9780606001366
1657	1	9780330450867
1658	1	9785551048954
1659	1	9780141320861
1660	1	9780446605236
1661	1	9780446606189
1662	1	9780446605489
1663	1	9780316004312
1664	1	9780446601245
1665	1	9780316693233
1666	1	9782866425685
1667	1	9781586212223
1668	1	9780061834011
1669	1	9781401341473
1670	1	9781599215235
1671	1	9780750685931
1672	1	9780553811889
1673	1	9780440334989
1674	1	9780385340571
1675	1	9785551304906
1676	1	9780515143072
1677	1	9780553589399
1678	1	9781410422729
1679	1	9785551474128
1680	1	9781846579059
1681	1	9785551768043
1682	1	9780060009243
1683	1	9780425229040
1684	1	9780739314173
1685	1	9780330371964
1686	1	9780307750877
1687	1	9780425212691
1688	1	9780312383282
1689	1	9780449221501
1690	1	9781400117154
1691	1	9780425212868
1692	1	9781420102970
1693	1	9780803977679
1694	1	9780312358730
1695	1	9781847920027
1696	1	9780156027816
1697	1	9780571225460
1698	1	9780451227980
1699	1	9780061920783
1700	1	9780061655555
1701	1	9781586485634
1702	1	9780470192733
1703	1	9780471478898
1704	1	9782070355617
1705	1	9780140135718
1706	1	9785551572084
1707	1	9781840233025
1708	1	9781563890116
1709	1	9780435233198
1710	1	9780099448563
1711	1	9789626343388
1712	1	9789626344187
1713	1	9785551626909
1714	1	9781400096084
1715	1	9780786180400
1716	1	9780805210538
1717	1	9780809073641
1718	1	9780738203546
1719	1	9780349100470
1720	1	9781566632713
1721	1	9781433204074
1722	1	9780440244462
1723	1	9780205291199
1724	1	9780061238574
1725	1	9780440215622
1726	1	9781428156791
1727	1	9780440241485
1728	1	9785551619703
1729	1	9780451457431
1730	1	9780765346414
1731	1	9785551883548
1732	1	9780967875514
1733	1	9781906735708
1734	1	9780330521260
1735	1	9780679778509
1736	1	9780321523990
1737	1	9780702044526
1738	1	9780132104616
1739	1	9780321700933
1740	1	9780240522012
1741	1	9780307272409
1742	1	9781433215643
1743	1	9785551403012
1744	1	9780311121151
1745	1	9780736913508
1746	1	9780736916103
1747	1	9780310219231
1748	1	9780310219040
1749	1	9780310214366
1750	1	9781844743094
1751	1	9780762421022
1752	1	9780310278085
1753	1	9780310270799
1754	1	9781905264131
1755	1	9785551439530
1756	1	9781412949064
1757	1	9780471398790
1758	1	9780273714736
1759	1	9780826468987
1760	1	9780486432540
1761	1	9780143102083
1762	1	9780152057152
1763	1	9781400110605
1764	1	9780060928209
1765	1	9781591399124
1766	1	9780140275230
1767	1	9780140293333
1768	1	9780470068250
1769	1	9780399244544
1770	1	9780399255007
1771	1	9781607757085
1772	1	9781608125036
1773	1	9781404327542
1774	1	9785551343974
1775	1	9780141441382
1776	1	9780099273936
1777	1	9780151009985
1778	1	9781402557569
1779	1	9780571229154
1780	1	9780316042673
1781	1	9780679772552
1782	1	9780141805153
1783	1	9780060878771
1784	1	9780582461468
1785	1	9782070370436
1786	1	9780241950265
1787	1	9780349114460
1788	1	9780393978506
1789	1	9781904633013
1790	1	9781904633020
1791	1	9785551318897
1792	1	9781407090887
1793	1	9780007254002
1794	1	9780061655500
1795	1	9780684841175
1796	1	9781856865227
1797	1	9787770747656
1798	1	9781416029731
1799	1	9781857756401
1800	1	9781406314700
1801	1	9780316236539
1802	1	9780061767609
1803	1	9780816646159
1804	1	9780060773175
1805	1	9780312949822
1806	1	9780061537936
1807	1	9780007281190
1808	1	9781569473900
1809	1	9780061056925
1810	1	9780552153171
1811	1	9780811215350
1812	1	9780060849719
1813	1	9780872860179
1814	1	9780061284441
1815	1	9781616576103
1816	1	9780061341045
1817	1	9781905294770
1818	1	9780399245039
1819	1	9780521675437
1820	1	9780521614030
1821	1	9780385522403
1822	1	9780739343715
1823	1	9781409103424
1824	1	9783932565533
1825	1	9780192880932
1826	1	9780297844297
1827	1	9784770030764
1828	1	9781580089814
1829	1	9783865213099
1830	1	9780974690865
1831	1	9780972598804
1832	1	9782290343715
1833	1	9781421536750
1834	1	9781607060925
1835	1	9781606900826
1836	1	9780736083713
1837	1	9781741040449
1838	1	9780395816592
1839	1	9780099266594
1840	1	9780613284431
1841	1	9780064432276
1842	1	9781416989387
1843	1	9781408301999
1844	1	9781853029783
1845	1	9781931282208
1846	1	9781885477941
1847	1	9780590449229
1848	1	9781843108764
1849	1	9781603580007
1850	1	9780895260130
1851	1	9780877456049
1852	1	9780394584041
1853	1	9780140299748
1854	1	9780439099400
1855	1	9781904633402
1856	1	9780393927542
1857	1	9780715321416
1858	1	9780863153518
1859	1	9780863156137
1860	1	9780863157219
1861	1	9780600617846
1862	1	9781883319694
1863	1	9780091906542
1864	1	9781591810261
1865	1	9781870946971
1866	1	9781558672116
1867	1	9780449910283
1868	1	9781856696838
1869	1	9780747595106
1870	1	9781844566723
1871	1	9781596449626
1872	1	9780679602866
1873	1	9780099511786
1874	1	9781905432776
1875	1	9789626349946
1876	1	9781557426666
1877	1	9781554490486
1878	1	9781421847269
1879	1	9781421849201
1880	1	9785551362715
1881	1	9781420909883
1882	1	9780554366593
1883	1	9788498720013
1884	1	9782819919728
1885	1	9780199535538
1886	1	9780141195872
1887	1	9780099511144
1888	1	9781595142108
1889	1	9780500284360
1890	1	9780060793548
1891	1	9781609420635
1892	1	9780712610704
1893	1	9781845501891
1894	1	9780966378603
1895	1	9780141330143
1896	1	9780099470434
1897	1	9781407404776
1898	1	9781846570742
1899	1	9781400096350
1900	1	9785551261711
1901	1	9780375850868
1902	1	9781441802422
1903	1	9781410422156
1904	1	9780307710659
1905	1	9780679410034
1906	1	9780393976120
1907	1	9780393092141
1908	1	9781840220995
1909	1	9780061245084
1910	1	9780307476319
1911	1	9780739384152
1912	1	9781857036626
1913	1	9780415374101
1914	1	9781412910842
1915	1	9780335210916
1916	1	9780761969419
1917	1	9781402759000
1918	1	9781600240362
1919	1	9780375421761
1920	1	9781417709045
1921	1	9780465030798
1922	1	9780670451494
1923	1	9780679755418
1924	1	9781400033621
1925	1	9781932183931
1926	1	9780312605254
1927	1	9780857382566
1928	1	9780471269335
1929	1	9780471686132
1930	1	9780471095705
1931	1	9780755382170
1932	1	9780470224533
1933	1	9781405092739
1934	1	9780143114642
1935	1	9780385720977
1936	1	9781608126576
1937	1	9780061015717
1938	1	9780446513050
1939	1	9780446515047
1940	1	9781848120501
1941	1	9781906307523
1942	1	9781416590880
1943	1	9781416563686
1944	1	9780743582292
1945	1	9781841953922
1946	1	9780140566604
1947	1	9781859857526
1948	1	9781592332311
1949	1	9785551324546
1950	1	9780872201927
1951	1	9780872204027
1952	1	9780486280417
1953	1	9780486434452
1954	1	9780486445632
1955	1	9780140446364
1956	1	9780712673327
1957	1	9781849700153
1958	1	9780500515068
1959	1	9780876853900
1960	1	9780345498670
1961	1	9780886774806
1962	1	9780440862291
1963	1	9780385614320
1964	1	9780765354068
1965	1	9780571160808
1966	1	9780511206733
1967	1	9781400169436
1968	1	9780553904192
1969	1	9781853262500
1970	1	9781593080402
1971	1	9781897299760
1972	1	9781741047851
1973	1	9781741797084
1974	1	9781740598361
1975	1	9781741045901
1976	1	9781741791617
1977	1	9781741796810
1978	1	9781848365575
1979	1	9781854584564
1980	1	9781844282883
1981	1	9781740597883
1982	1	9781742200897
1983	1	9781741048926
1984	1	9781741791884
1985	1	9783406578816
1986	1	9783423345231
1987	1	9780141187013
1988	1	9788497643474
1989	1	9788497643566
1990	1	9780486270524
1991	1	9781582408835
1992	1	9780740792601
1993	1	9781583333297
1994	1	9781600940576
1995	1	9789562913492
1996	1	9789562913690
1997	1	9780761128182
1998	1	9781600617683
1999	1	9781401226725
