book	deepdiscount	isbn_13
2000	2000	2000	2000
0000	1	9780312361983
0001	1	9780756635206
0002	1	9780375764332
0003	1	9781423106449
0004	1	9781560277415
0005	1	9780316159722
0006	1	9781421534749
0007	1	9781931599863
0008	1	9780829738711
0009	1	9781931257145
0010	1	9780446577366
0011	1	9780801013003
0012	1	9781933164885
0013	1	9780470497432
0014	1	9780618342488
0015	1	9780060987343
0016	1	9780312370848
0017	1	9781416543077
0018	1	9780878466795
0019	1	9780345397812
0020	1	9780307473714
0021	1	9781439148105
0022	1	9781423121718
0023	1	9780805070866
0024	1	9780345518163
0025	1	9786071100337
0026	1	9781423105169
0027	1	9780756633608
0028	1	9780451213471
0029	1	9781932100662
0030	1	9780882848976
0031	1	9780316084604
0032	1	9780143038801
0033	1	9781606992876
0034	1	9780449213940
0035	1	9782080301239
0036	1	9781563893421
0037	1	9780446407410
0038	1	9781423113386
0039	1	9781427816924
0040	1	9780345458926
0041	1	9780800719029
0042	1	9780140177398
0043	1	9781402765506
0044	1	9781933784571
0045	1	9781414304502
0046	1	9780899423203
0047	1	9780810965676
0048	1	9780007318971
0049	1	9780380792757
0050	1	9780060598754
0051	1	9780758229014
0052	1	9781890926021
0053	1	9780380018178
0054	1	9780307463494
0055	1	9780375832550
0056	1	9780061161704
0057	1	9780399156243
0058	1	9781401907723
0059	1	9780310291466
0060	1	9780446538466
0061	1	9781401900595
0062	1	9780451451088
0063	1	9780761561378
0064	1	9781596913691
0065	1	9780312141370
0066	1	9780399155345
0067	1	9780470402962
0068	1	9781439176672
0069	1	9781593541965
0070	1	9781426300448
0071	1	9781421534688
0072	1	9780312376536
0073	1	9781889392332
0074	1	9781603090445
0075	1	9780948390593
0076	1	9780849921339
0077	1	9780440993711
0078	1	9780982207703
0079	1	9780974237916
0080	1	9781401918330
0081	1	9781595546302
0082	1	9780452264014
0083	1	9780399142550
0084	1	9780553593334
0085	1	9781427802453
0086	1	9780849946967
0087	1	9780671023201
0088	1	9780880884259
0089	1	9781590201152
0090	1	9780764597961
0091	1	9780786891269
0092	1	9781416900597
0093	1	9780312312619
0094	1	9780425200452
0095	1	9780740779305
0096	1	9780345496089
0097	1	9781591162926
0098	1	9781416509264
0099	1	9781593074494
0100	1	9781931128032
0101	1	9780446559805
0102	1	9781594133558
0103	1	9780064406239
0104	1	9780849906336
0105	1	9781401307455
0106	1	9781565076372
0107	1	9780451214522
0108	1	9780553583175
0109	1	9780071441193
0110	1	9780698113749
0111	1	9780873896375
0112	1	9780345458841
0113	1	9780061137648
0114	1	9780618494880
0115	1	9780071469036
0116	1	9781557091840
0117	1	9780515144314
0118	1	9780801064852
0119	1	9780307718211
0120	1	9781593080303
0121	1	9781441808103
0122	1	9780375758263
0123	1	9780843950502
0124	1	9780385315142
0125	1	9780452295957
0126	1	9780810995574
0127	1	9780425208847
0128	1	9780345497499
0129	1	9780345485311
0130	1	9781421511344
0131	1	9780307275653
0132	1	9780618354054
0133	1	9780805448856
0134	1	9781421528236
0135	1	9780061056925
0136	1	9781414316857
0137	1	9780794514976
0138	1	9781421506135
0139	1	9780440416791
0140	1	9780841603851
0141	1	9781600104459
0142	1	9780786888337
0143	1	9780756645755
0144	1	9780756657970
0145	1	9781401309664
0146	1	9780061900662
0147	1	9780375424489
0148	1	9780811836555
0149	1	9780553263220
0150	1	9780307353085
0151	1	9781421515144
0152	1	9781439133620
0153	1	9780316048958
0154	1	9781582407722
0155	1	9781593079338
0156	1	9780380754373
0157	1	9780938317357
0158	1	9780823017249
0159	1	9780061863134
0160	1	9780471752844
0161	1	9780061478789
0162	1	9780140439243
0163	1	9780786020843
0164	1	9781598634488
0165	1	9780786838851
0166	1	9781878424426
0167	1	9780307277244
0168	1	9781584762645
0169	1	9780765343437
0170	1	9781595822543
0171	1	9780735204317
0172	1	9781582380919
0173	1	9780375834097
0174	1	9780061189241
0175	1	9780684187129
0176	1	9780515139259
0177	1	9781551669151
0178	1	9780345492593
0179	1	9780714847580
0180	1	9781561707225
0181	1	9780765316844
0182	1	9780440412106
0183	1	9780970002341
0184	1	9780425140987
0185	1	9780804113083
0186	1	9781932319835
0187	1	9780689848919
0188	1	9780515109740
0189	1	9780970312594
0190	1	9781595548122
0191	1	9781891369377
0192	1	9780765315946
0193	1	9780670035304
0194	1	9780553283310
0195	1	9781400053285
0196	1	9780316024976
0197	1	9780811868341
0198	1	9781402214714
0199	1	9780974082158
0200	1	9780307388193
0201	1	9781585364565
0202	1	9781600104541
0203	1	9780761117193
0204	1	9780345512260
0205	1	9781555661861
0206	1	9780843957778
0207	1	9780441015818
0208	1	9781401903961
0209	1	9781929242092
0210	1	9780739005088
0211	1	9780375846212
0212	1	9780393732146
0213	1	9780312588892
0214	1	9780310259640
0215	1	9780553593495
0216	1	9780316779142
0217	1	9780440117438
0218	1	9780553289428
0219	1	9780312375362
0220	1	9780316002578
0221	1	9780345348104
0222	1	9780312369811
0223	1	9781598169829
0224	1	9780778801634
0225	1	9781591843016
0226	1	9780140449044
0227	1	9780449910283
0228	1	9781929631902
0229	1	9780679882831
0230	1	9780151015443
0231	1	9780310233251
0232	1	9781844165346
0233	1	9780345522399
0234	1	9780385340854
0235	1	9780446570961
0236	1	9780531187692
0237	1	9780312324902
0238	1	9781421501123
0239	1	9780684801544
0240	1	9780199539130
0241	1	9780762429417
0242	1	9780553584721
0243	1	9780976518105
0244	1	9781591164371
0245	1	9781423333401
0246	1	9780061987380
0247	1	9781421534671
0248	1	9780195392289
0249	1	9781421527543
0250	1	9780060889579
0251	1	9780778329022
0252	1	9780765319647
0253	1	9780785219132
0254	1	9781423363651
0255	1	9781421510446
0256	1	9780446675154
0257	1	9780425230176
0258	1	9780061237898
0259	1	9780525420774
0260	1	9780299230241
0261	1	9780974960906
0262	1	9781580628556
0263	1	9780761554080
0264	1	9780670032624
0265	1	9780312994464
0266	1	9780061340321
0267	1	9780465016907
0268	1	9780553289312
0269	1	9780152051600
0270	1	9780307394668
0271	1	9780762424931
0272	1	9781934781531
0273	1	9780441009305
0274	1	9780307277992
0275	1	9780440238577
0276	1	9781421534640
0277	1	9781599692616
0278	1	9781400067541
0279	1	9781416599111
0280	1	9780316067812
0281	1	9780830834129
0282	1	9780399229435
0283	1	9781421533070
0284	1	9781581170917
0285	1	9781582380353
0286	1	9780312385187
0287	1	9780446195188
0288	1	9780843963168
0289	1	9780345499394
0290	1	9781581822984
0291	1	9781595142733
0292	1	9780596520861
0293	1	9780470243800
0294	1	9781602837294
0295	1	9780805081985
0296	1	9780439436595
0297	1	9781844166961
0298	1	9780152052607
0299	1	9780440940005
0300	1	9780060097929
0301	1	9780307268969
0302	1	9780152026141
0303	1	9780553583618
0304	1	9780393068573
0305	1	9780142414330
0306	1	9780312945350
0307	1	9781401918668
0308	1	9780312304355
0309	1	9781897376829
0310	1	9780060160104
0311	1	9780821779354
0312	1	9781420104318
0313	1	9780743451772
0314	1	9780195395341
0315	1	9780071637886
0316	1	9780451209481
0317	1	9780670861941
0318	1	9780812975291
0319	1	9780312425845
0320	1	9780759531260
0321	1	9780764586019
0322	1	9780385344074
0323	1	9780312263744
0324	1	9780679781370
0325	1	9780060584825
0326	1	9780307739582
0327	1	9780451219336
0328	1	9780765318626
0329	1	9780152051280
0330	1	9780060834159
0331	1	9781416586586
0332	1	9781427817785
0333	1	9780345427588
0334	1	9781416503460
0335	1	9781904871378
0336	1	9780061960581
0337	1	9780743228381
0338	1	9780670877782
0339	1	9780470241844
0340	1	9780618109418
0341	1	9780440422624
0342	1	9781893441170
0343	1	9780807842423
0344	1	9781402737633
0345	1	9781595548221
0346	1	9780446400107
0347	1	9780446564748
0348	1	9780767911108
0349	1	9780525463269
0350	1	9781421534428
0351	1	9781401921606
0352	1	9780395900239
0353	1	9780446695626
0354	1	9780071508643
0355	1	9780743277112
0356	1	9780743583510
0357	1	9781401211349
0358	1	9780553808001
0359	1	9781416505488
0360	1	9780156787338
0361	1	9780385342469
0362	1	9783909596164
0363	1	9780394800752
0364	1	9780786809271
0365	1	9781563925634
0366	1	9781401900496
0367	1	9781416542742
0368	1	9780312239510
0369	1	9780446613842
0370	1	9781421529950
0371	1	9780446672993
0372	1	9780375839702
0373	1	9780847832200
0374	1	9780671023379
0375	1	9781421507484
0376	1	9780935278408
0377	1	9780753462539
0378	1	9789706270634
0379	1	9780439929646
0380	1	9781891724152
0381	1	9780373248674
0382	1	9780806525785
0383	1	9781930097308
0384	1	9780060567187
0385	1	9780140282030
0386	1	9780142401118
0387	1	9780761138280
0388	1	9780451169518
0389	1	9781416914051
0390	1	9780939460878
0391	1	9780515137200
0392	1	9780966064544
0393	1	9780553584899
0394	1	9780061020612
0395	1	9780141304663
0396	1	9780312595616
0397	1	9781579126384
0398	1	9780764553790
0399	1	9780805080513
0400	1	9780553576450
0401	1	9780967224961
0402	1	9780316006811
0403	1	9781405495301
0404	1	9781605298610
0405	1	9780553591347
0406	1	9781933648279
0407	1	9781583941294
0408	1	9781580230223
0409	1	9780812931228
0410	1	9780441014910
0411	1	9781600092107
0412	1	9781401222918
0413	1	9780812980530
0414	1	9780942893007
0415	1	9781592762699
0416	1	9781580053150
0417	1	9780793525447
0418	1	9780762424016
0419	1	9781439150351
0420	1	9781591863991
0421	1	9780312946067
0422	1	9780765305220
0423	1	9781416586654
0424	1	9781569706121
0425	1	9780345481740
0426	1	9780061795176
0427	1	9781401209278
0428	1	9781893858527
0429	1	9781401225728
0430	1	9780679785897
0431	1	9780060555597
0432	1	9781421534657
0433	1	9781934506998
0434	1	9780553582925
0435	1	9780064403825
0436	1	9780451463173
0437	1	9780345407276
0438	1	9780671880606
0439	1	9780688064174
0440	1	9781402762079
0441	1	9780425223185
0442	1	9780312868857
0443	1	9780929589060
0444	1	9780307408884
0445	1	9780393329018
0446	1	9780786818617
0447	1	9780345402882
0448	1	9781421503219
0449	1	9780425206188
0450	1	9780470448557
0451	1	9780812973990
0452	1	9780312992620
0453	1	9780375760372
0454	1	9780545090247
0455	1	9780764134289
0456	1	9780553588552
0457	1	9780842382694
0458	1	9780425199862
0459	1	9780515144611
0460	1	9780973865226
0461	1	9780345513397
0462	1	9780825625565
0463	1	9780753462140
0464	1	9780425158630
0465	1	9781401226107
0466	1	9781421526157
0467	1	9780425148297
0468	1	9788466368605
0469	1	9780310278085
0470	1	9780807127995
0471	1	9780618531196
0472	1	9780679885566
0473	1	9780394800387
0474	1	9780060542689
0475	1	9780307405869
0476	1	9780060585631
0477	1	9780515147391
0478	1	9781591164364
0479	1	9780813330853
0480	1	9780071449823
0481	1	9780307455871
0482	1	9781421522548
0483	1	9780061712999
0484	1	9780446581011
0485	1	9781578069613
0486	1	9780393065671
0487	1	9780316010764
0488	1	9781421515113
0489	1	9780802170774
0490	1	9781561486090
0491	1	9780882849683
0492	1	9780932813145
0493	1	9780764201660
0494	1	9781600092961
0495	1	9781416915287
0496	1	9780843949940
0497	1	9780375857386
0498	1	9780299179748
0499	1	9780553591590
0500	1	9780977326402
0501	1	9780823007233
0502	1	9780061719547
0503	1	9780440508830
0504	1	9780312602383
0505	1	9780394827193
0506	1	9780811831970
0507	1	9781416521495
0508	1	9781897376690
0509	1	9780672325670
0510	1	9781601252166
0511	1	9781423409281
0512	1	9780061558238
0513	1	9780060541934
0514	1	9780470537749
0515	1	9780312386986
0516	1	9780061121760
0517	1	9780140549058
0518	1	9780553259209
0519	1	9781418505981
0520	1	9780809325528
0521	1	9780415977692
0522	1	9780778328544
0523	1	9781592239436
0524	1	9780758228390
0525	1	9780843955972
0526	1	9780755303380
0527	1	9781595824424
0528	1	9780345509055
0529	1	9780425222898
0530	1	9780060001506
0531	1	9780739004852
0532	1	9780061567544
0533	1	9780471793311
0534	1	9780140714630
0535	1	9780758613752
0536	1	9780553585476
0537	1	9780307451019
0538	1	9780380815920
0539	1	9780307591197
0540	1	9781423604631
0541	1	9781416955559
0542	1	9780345303066
0543	1	9781423453628
0544	1	9780060833015
0545	1	9780446544597
0546	1	9780061963865
0547	1	9780670061051
0548	1	9780787970819
0549	1	9780794514433
0550	1	9780679875970
0551	1	9780810120938
0552	1	9780449216415
0553	1	9780440245421
0554	1	9781569707067
0555	1	9780761159933
0556	1	9780689716690
0557	1	9781571745774
0558	1	9780375839849
0559	1	9780812538953
0560	1	9781608190645
0561	1	9781887137348
0562	1	9780553213409
0563	1	9780451205230
0564	1	9780156013864
0565	1	9781401600990
0566	1	9780451223203
0567	1	9780765351494
0568	1	9780061020667
0569	1	9780140280197
0570	1	9780064404655
0571	1	9780142407806
0572	1	9780425166802
0573	1	9780739006672
0574	1	9781421532448
0575	1	9780786954834
0576	1	9781439164617
0577	1	9781416507680
0578	1	9780505527844
0579	1	9780743270755
0580	1	9780671019556
0581	1	9780452282155
0582	1	9780736920544
0583	1	9780312949815
0584	1	9780553212471
0585	1	9781416589440
0586	1	9780973983005
0587	1	9781421530543
0588	1	9780385420174
0589	1	9781580172431
0590	1	9780822217602
0591	1	9780061336980
0592	1	9780375840890
0593	1	9780060741877
0594	1	9780312605384
0595	1	9780821228906
0596	1	9781593762728
0597	1	9781892213761
0598	1	9781427816207
0599	1	9780156028790
0600	1	9781427815804
0601	1	9781595822444
0602	1	9780345386823
0603	1	9780374444839
0604	1	9780553572988
0605	1	9781421509907
0606	1	9781593077020
0607	1	9780618120697
0608	1	9780688012670
0609	1	9780785142959
0610	1	9780061719813
0611	1	9780071623285
0612	1	9780553808018
0613	1	9780515121841
0614	1	9780316557887
0615	1	9781416995463
0616	1	9780312555139
0617	1	9780060535261
0618	1	9780375765759
0619	1	9781421528434
0620	1	9780142414866
0621	1	9780140374490
0622	1	9781584761006
0623	1	9780769275505
0624	1	9780380814800
0625	1	9780743269513
0626	1	9781586172794
0627	1	9780253220615
0628	1	9780684869773
0629	1	9780765351487
0630	1	9780553580198
0631	1	9780152022020
0632	1	9780060591816
0633	1	9780793518227
0634	1	9780060590147
0635	1	9780590623827
0636	1	9783858817044
0637	1	9781420106565
0638	1	9780786015498
0639	1	9781427812766
0640	1	9780060854096
0641	1	9780446693370
0642	1	9780785115243
0643	1	9780061857805
0644	1	9780840762078
0645	1	9781400304271
0646	1	9780375831966
0647	1	9781598833973
0648	1	9780805448894
0649	1	9780373775217
0650	1	9780553572940
0651	1	9780316038874
0652	1	9780310719038
0653	1	9780470401385
0654	1	9780671796662
0655	1	9780791802892
0656	1	9780740759987
0657	1	9788952744777
0658	1	9780380822232
0659	1	9780800717889
0660	1	9780345520906
0661	1	9780470371985
0662	1	9781572840782
0663	1	9789687149134
0664	1	9781421534480
0665	1	9780061020643
0666	1	9781402767159
0667	1	9780060591793
0668	1	9780812541717
0669	1	9780618894994
0670	1	9780385343169
0671	1	9780778327608
0672	1	9781885071330
0673	1	9781400065455
0674	1	9781421513898
0675	1	9780375830099
0676	1	9781421511603
0677	1	9780785260431
0678	1	9780446401197
0679	1	9780140143508
0680	1	9780881030198
0681	1	9783865218360
0682	1	9780061245084
0683	1	9780756653668
0684	1	9780425227992
0685	1	9781440203848
0686	1	9780944875568
0687	1	9780380851188
0688	1	9780452281325
0689	1	9780307386830
0690	1	9780312354282
0691	1	9780794419998
0692	1	9780061441646
0693	1	9780679881292
0694	1	9781421527574
0695	1	9780446618489
0696	1	9780300104660
0697	1	9781933308081
0698	1	9781880656181
0699	1	9781590771280
0700	1	9781416520528
0701	1	9780800732882
0702	1	9780944875513
0703	1	9780062731432
0704	1	9780895292148
0705	1	9781427802958
0706	1	9780972497374
0707	1	9781422202746
0708	1	9780091816797
0709	1	9781602704497
0710	1	9781896764818
0711	1	9780470277645
0712	1	9780525477891
0713	1	9780764331480
0714	1	9780312377649
0715	1	9780521589888
0716	1	9780915793334
0717	1	9780393058000
0718	1	9781564779038
0719	1	9780470477250
0720	1	9781933372891
0721	1	9781607271130
0722	1	9780810946477
0723	1	9781848000162
0724	1	9781401323189
0725	1	9780060269456
0726	1	9781846031984
0727	1	9781556526978
0728	1	9781412963602
0729	1	9780333999264
0730	1	9780778327752
0731	1	9780781808460
0732	1	9780299162344
0733	1	9781403964243
0734	1	9781863514033
0735	1	9781422203019
0736	1	9781401604127
0737	1	9781405139588
0738	1	9780060892951
0739	1	9781897120712
0740	1	9780805015287
0741	1	9781846072840
0742	1	9780785137207
0743	1	9781585679065
0744	1	9780060269890
0745	1	9780805862645
0746	1	9780448060194
0747	1	9781441186850
0748	1	9780874623116
0749	1	9780262511919
0750	1	9781416535034
0751	1	9780312381165
0752	1	9780892553211
0753	1	9780807514450
0754	1	9780316727228
0755	1	9780156004794
0756	1	9789812834874
0757	1	9780781808514
0758	1	9780596002756
0759	1	9781403964373
0760	1	9780804837408
0761	1	9788492452255
0762	1	9780826484963
0763	1	9780091865122
0764	1	9780981961507
0765	1	9780944031803
0766	1	9781905693122
0767	1	9780915811052
0768	1	9780399533501
0769	1	9781602821606
0770	1	9781590201350
0771	1	9781557090614
0772	1	9780385493000
0773	1	9780316789820
0774	1	9781564779083
0775	1	9780756658076
0776	1	9781401604189
0777	1	9781405139724
0778	1	9780879755584
0779	1	9781844483419
0780	1	9781423371083
0781	1	9780805016048
0782	1	9781896764856
0783	1	9780531159613
0784	1	9780805444841
0785	1	9781592534609
0786	1	9780842353083
0787	1	9780470277935
0788	1	9780470385494
0789	1	9780899974415
0790	1	9781893062177
0791	1	9781885167583
0792	1	9781597020114
0793	1	9780521874618
0794	1	9780440227052
0795	1	9780470403723
0796	1	9780143113591
0797	1	9780766030725
0798	1	9781441187376
0799	1	9780061234972
0800	1	9780312565862
0801	1	9780882890821
0802	1	9780471748298
0803	1	9780385313612
0804	1	9780061232176
0805	1	9780471678915
0806	1	9780807871096
0807	1	9780735822399
0808	1	9781891270239
0809	1	9780895581617
0810	1	9780768425161
0811	1	9780830745951
0812	1	9780792279372
0813	1	9781423374572
0814	1	9780470160442
0815	1	9780822319672
0816	1	9781889786162
0817	1	9781601404008
0818	1	9781604731019
0819	1	9781432907006
0820	1	9780881928662
0821	1	9780312384685
0822	1	9781558592292
0823	1	9781423373544
0824	1	9780944031834
0825	1	9781591862505
0826	1	9780745914541
0827	1	9780470777800
0828	1	9781412915489
0829	1	9780470986448
0830	1	9781602821613
0831	1	9781602705517
0832	1	9780759529397
0833	1	9780803613621
0834	1	9780060088767
0835	1	9781585679225
0836	1	9780335217021
0837	1	9780316796415
0838	1	9780061031847
0839	1	9781550379594
0840	1	9780789457288
0841	1	9780979291838
0842	1	9780545214179
0843	1	9780441002177
0844	1	9780345492067
0845	1	9780470259344
0846	1	9781582344621
0847	1	9781897120743
0848	1	9781403992475
0849	1	9780805016260
0850	1	9781594483516
0851	1	9780842305075
0852	1	9780810950450
0853	1	9780934252973
0854	1	9781897187265
0855	1	9780810948198
0856	1	9788466637817
0857	1	9780385733519
0858	1	9781592534616
0859	1	9780803218604
0860	1	9781930819566
0861	1	9781402763021
0862	1	9781888472189
0863	1	9780879756413
0864	1	9780843961232
0865	1	9781587319204
0866	1	9781400080670
0867	1	9781412964159
0868	1	9780970075017
0869	1	9780874170528
0870	1	9782915239874
0871	1	9780761908272
0872	1	9780471668268
0873	1	9780805862799
0874	1	9780738565378
0875	1	9780316021418
0876	1	9780972925884
0877	1	9780415409735
0878	1	9781556527074
0879	1	9781597562362
0880	1	9781427803207
0881	1	9780500202494
0882	1	9780739338766
0883	1	9781412963657
0884	1	9780874173628
0885	1	9781847970480
0886	1	9780841603479
0887	1	9780767915588
0888	1	9780471738060
0889	1	9780471679004
0890	1	9780980438628
0891	1	9780743489089
0892	1	9780394410500
0893	1	9781427803016
0894	1	9781588903471
0895	1	9780143113416
0896	1	9780809144914
0897	1	9781556527333
0898	1	9783865219251
0899	1	9780321647153
0900	1	9781432901790
0901	1	9781933662718
0902	1	9781893905313
0903	1	9781601250803
0904	1	9781599900063
0905	1	9780807515600
0906	1	9780778327783
0907	1	9780316729154
0908	1	9780156004817
0909	1	9780812935226
0910	1	9780781808576
0911	1	9780763741310
0912	1	9780764551963
0913	1	9780307339430
0914	1	9780716711865
0915	1	9781590786567
0916	1	9781599901022
0917	1	9780977191383
0918	1	9781846861109
0919	1	9781570914430
0920	1	9780470476376
0921	1	9781422202852
0922	1	9780415454674
0923	1	9780596002886
0924	1	9780415953009
0925	1	9780794502881
0926	1	9780881036749
0927	1	9780822319689
0928	1	9780781765268
0929	1	9780818407215
0930	1	9780743292092
0931	1	9780253205667
0932	1	9780781809047
0933	1	9781551113838
0934	1	9780826485168
0935	1	9780881928679
0936	1	9780609804131
0937	1	9780425207079
0938	1	9780826218803
0939	1	9781848851924
0940	1	9781403966025
0941	1	9780974702537
0942	1	9780340946572
0943	1	9780307582300
0944	1	9781423373759
0945	1	9780688154691
0946	1	9780299169244
0947	1	9780761563389
0948	1	9780091900816
0949	1	9780756657529
0950	1	9780321080592
0951	1	9788408047568
0952	1	9781606235294
0953	1	9781554701599
0954	1	9781400157709
0955	1	9780915811373
0956	1	9781741049152
0957	1	9780373774029
0958	1	9781608701025
0959	1	9780941022651
0960	1	9780812565355
0961	1	9780794822286
0962	1	9780230221604
0963	1	9781930865921
0964	1	9780738552804
0965	1	9780335217038
0966	1	9781422208342
0967	1	9780836242249
0968	1	9780385493628
0969	1	9780425225899
0970	1	9780785824497
0971	1	9781564779106
0972	1	9780321246615
0973	1	9780756534776
0974	1	9780520261563
0975	1	9781400109692
0976	1	9781587991493
0977	1	9780393058567
0978	1	9781906307929
0979	1	9780800758608
0980	1	9780756659165
0981	1	9780803729391
0982	1	9780060815387
0983	1	9781608700837
0984	1	9780553272116
0985	1	9780470264355
0986	1	9780300065602
0987	1	9780814409824
0988	1	9781402766633
0989	1	9780375758829
0990	1	9780786720637
0991	1	9780415365741
0992	1	9780761320920
0993	1	9781577315629
0994	1	9781441825568
0995	1	9780679757948
0996	1	9789774162459
0997	1	9786074320091
0998	1	9781897330623
0999	1	9780810948204
1000	1	9781400071432
1001	1	9780740750083
1002	1	9780761442493
1003	1	9780791467732
1004	1	9780387765648
1005	1	9780415991612
1006	1	9781603420266
1007	1	9780754818991
1008	1	9781592535132
1009	1	9781566891882
1010	1	9781861892973
1011	1	9780760330791
1012	1	9780879756451
1013	1	9780500051443
1014	1	9788498004489
1015	1	9781879737600
1016	1	9780689879135
1017	1	9781412964166
1018	1	9780340809846
1019	1	9780671751173
1020	1	9780500092927
1021	1	9780310325024
1022	1	9780743228367
1023	1	9781606232699
1024	1	9780415544818
1025	1	9780393320312
1026	1	9780778748076
1027	1	9780143112570
1028	1	9780545108768
1029	1	9781933865126
1030	1	9780262512435
1031	1	9780226306735
1032	1	9780810988903
1033	1	9781550748772
1034	1	9781885167613
1035	1	9780071441339
1036	1	9780425205709
1037	1	9781605093512
1038	1	9780152474768
1039	1	9780750666350
1040	1	9781878823212
1041	1	9780888997029
1042	1	9780813537337
1043	1	9780809145287
1044	1	9781405181822
1045	1	9780471754794
1046	1	9781853677052
1047	1	9781427807281
1048	1	9781402766923
1049	1	9781427803214
1050	1	9780385509336
1051	1	9780757994531
1052	1	9780816667697
1053	1	9780767912273
1054	1	9781606233405
1055	1	9780060275655
1056	1	9780201702255
1057	1	9780061235054
1058	1	9781577311201
1059	1	9780500200728
1060	1	9780415373265
1061	1	9781400041343
1062	1	9781400145546
1063	1	9781412963664
1064	1	9780974563701
1065	1	9780764331961
1066	1	9780140348804
1067	1	9780826495563
1068	1	9781885008206
1069	1	9781574630756
1070	1	9780809146291
1071	1	9780061430701
1072	1	9780470684153
1073	1	9780609609491
1074	1	9781600141027
1075	1	9781846342905
1076	1	9781581154153
1077	1	9780762725670
1078	1	9780060757366
1079	1	9781441811738
1080	1	9780805863628
1081	1	9780896047143
1082	1	9780938317432
1083	1	9780971049338
1084	1	9781412912563
1085	1	9780679772545
1086	1	9780470195635
1087	1	9780300164183
1088	1	9780735822412
1089	1	9780761349822
1090	1	9780515147261
1091	1	9780345428646
1092	1	9781412930079
1093	1	9781421504896
1094	1	9780787976798
1095	1	9781605621197
1096	1	9780764550355
1097	1	9783642019647
1098	1	9780736826099
1099	1	9780547255279
1100	1	9780310252900
1101	1	9780691136370
1102	1	9780321375728
1103	1	9780743497374
1104	1	9780071449052
1105	1	9780812696462
1106	1	9781580891318
1107	1	9780812935264
1108	1	9781580422291
1109	1	9780394717760
1110	1	9780763741525
1111	1	9780977090662
1112	1	9781400138845
1113	1	9781885586582
1114	1	9781584156741
1115	1	9780786927067
1116	1	9781842228388
1117	1	9780895873705
1118	1	9780830745999
1119	1	9780195369021
1120	1	9781423374633
1121	1	9780596002916
1122	1	9780745642963
1123	1	9780824829186
1124	1	9780765799937
1125	1	9781593633974
1126	1	9780375759857
1127	1	9781577314479
1128	1	9780831133474
1129	1	9780807522813
1130	1	9780345518514
1131	1	9781889786346
1132	1	9781871082906
1133	1	9781601404657
1134	1	9780312423827
1135	1	9780470061961
1136	1	9780761424284
1137	1	9780972860383
1138	1	9780805418590
1139	1	9780817355081
1140	1	9780375707292
1141	1	9780061935169
1142	1	9789707840942
1143	1	9780791442272
1144	1	9781933662046
1145	1	9780881928693
1146	1	9780826218810
1147	1	9780449704165
1148	1	9789004160989
1149	1	9781403966049
1150	1	9781931543934
1151	1	9781439109311
1152	1	9780812521269
1153	1	9780521618731
1154	1	9780415375269
1155	1	9781600595233
1156	1	9780071424622
1157	1	9780071469029
1158	1	9780345461537
1159	1	9780980006780
1160	1	9781410410184
1161	1	9780671447489
1162	1	9780143117285
1163	1	9780230006324
1164	1	9780307338549
1165	1	9781592238149
1166	1	9781843833536
1167	1	9780516278322
1168	1	9780385339667
1169	1	9781905264179
1170	1	9781594151774
1171	1	9781598201284
1172	1	9788448047795
1173	1	9781606235300
1174	1	9780745936994
1175	1	9781593851606
1176	1	9780789465207
1177	1	9780786718771
1178	1	9780743280662
1179	1	9781740596428
1180	1	9780385492676
1181	1	9780825427923
1182	1	9780310266846
1183	1	9781572930117
1184	1	9781400021123
1185	1	9789685960984
1186	1	9781556525094
1187	1	9780826414465
1188	1	9780982410035
1189	1	9781407527338
1190	1	9780142003541
1191	1	9780758216236
1192	1	9780634062858
1193	1	9781592123506
1194	1	9780310271949
1195	1	9780863418242
1196	1	9780803945838
1197	1	9780312379445
1198	1	9781602705531
1199	1	9781573244008
1200	1	9780873896986
1201	1	9781573229722
1202	1	9781579500733
1203	1	9780080964508
1204	1	9780385495240
1205	1	9781596690127
1206	1	9781566991773
1207	1	9780871319579
1208	1	9780374300043
1209	1	9781932453324
1210	1	9780878467174
1211	1	9780316985598
1212	1	9780345437105
1213	1	9780425226070
1214	1	9780060755546
1215	1	9780944142615
1216	1	9781439101117
1217	1	9780415271554
1218	1	9781597162708
1219	1	9780345485274
1220	1	9780393323337
1221	1	9780516249483
1222	1	9781591827436
1223	1	9781421500898
1224	1	9781844766642
1225	1	9781589194083
1226	1	9780425225905
1227	1	9780689712135
1228	1	9780316076401
1229	1	9780785824503
1230	1	9780520221109
1231	1	9780439756662
1232	1	9780521769198
1233	1	9780822529477
1234	1	9780385736640
1235	1	9780756658137
1236	1	9780735558564
1237	1	9780520261570
1238	1	9781400109708
1239	1	9781605045139
1240	1	9781587991509
1241	1	9780759528604
1242	1	9781550379662
1243	1	9780789457356
1244	1	9781593079055
1245	1	9781416520603
1246	1	9780070063761
1247	1	9780813191591
1248	1	9780590379809
1249	1	9781582346502
1250	1	9780762742240
1251	1	9780415552172
1252	1	9781608701230
1253	1	9780440416913
1254	1	9781608700844
1255	1	9780300121124
1256	1	9780878935345
1257	1	9781598867428
1258	1	9781596436121
1259	1	9780825634062
1260	1	9780805065312
1261	1	9780470392171
1262	1	9780441013197
1263	1	9780882823041
1264	1	9780262162456
1265	1	9780786720798
1266	1	9781578512546
1267	1	9789681649722
1268	1	9780739348901
1269	1	9781402238314
1270	1	9781427200945
1271	1	9780848731434
1272	1	9781933372945
1273	1	9780945582984
1274	1	9780843959093
1275	1	9780545054751
1276	1	9780521897907
1277	1	9780736848442
1278	1	9781594483554
1279	1	9780810954496
1280	1	9780618133499
1281	1	9788466638821
1282	1	9780760328040
1283	1	9780811869096
1284	1	9781853395215
1285	1	9780876145258
1286	1	9781592288571
1287	1	9780470471951
1288	1	9780760328378
1289	1	9781402722882
1290	1	9780802797315
1291	1	9780764585531
1292	1	9780810957343
1293	1	9780441627400
1294	1	9781403144188
1295	1	9780470825280
1296	1	9780762748013
1297	1	9780829416480
1298	1	9780890873274
1299	1	9780764504501
1300	1	9780345496027
1301	1	9780415488112
1302	1	9781433255397
1303	1	9780929005935
1304	1	9780140502022
1305	1	9781934824061
1306	1	9780061992681
1307	1	9780805446531
1308	1	9780803218727
1309	1	9780786283583
1310	1	9781847251596
1311	1	9781880834879
1312	1	9780738535456
1313	1	9780811733717
1314	1	9781402771521
1315	1	9781402763069
1316	1	9780805087741
1317	1	9781888472240
1318	1	9780879512484
1319	1	9780071440424
1320	1	9780817354497
1321	1	9780142406885
1322	1	9780071484824
1323	1	9780470129494
1324	1	9781563682919
1325	1	9780448446660
1326	1	9780516252803
1327	1	9780874626452
1328	1	9780582772229
1329	1	9780816670178
1330	1	9780672330131
1331	1	9781879737693
1332	1	9780976205647
1333	1	9780142410318
1334	1	9781894154475
1335	1	9781845231552
1336	1	9781897278260
1337	1	9780440237082
1338	1	9780425207468
1339	1	9780156031790
1340	1	9780766032514
1341	1	9780874171266
1342	1	9780140437546
1343	1	9780802842183
1344	1	9780061239212
1345	1	9781422201374
1346	1	9780743228404
1347	1	9780764331794
1348	1	9781599202556
1349	1	9780761908944
1350	1	9781441915009
1351	1	9780393320336
1352	1	9780764333590
1353	1	9780143112587
1354	1	9780449909294
1355	1	9781591976295
1356	1	9781439060186
1357	1	9781563683107
1358	1	9780451222329
1359	1	9780765623478
1360	1	9788498670479
1361	1	9781599285962
1362	1	9780385733205
1363	1	9781410927491
1364	1	9781432940669
1365	1	9780425220818
1366	1	9781400139217
1367	1	9780375758249
1368	1	9780684832463
1369	1	9781597840699
1370	1	9781407517384
1371	1	9780415872010
1372	1	9781859956786
1373	1	9780691127859
1374	1	9781582974033
1375	1	9780300164466
1376	1	9780230203143
1377	1	9781848132283
1378	1	9780789208675
1379	1	9781604537543
1380	1	9781555831189
1381	1	9781402766930
1382	1	9780787969585
1383	1	9780767912303
1384	1	9780743463621
1385	1	9780787959678
1386	1	9780470319369
1387	1	9780687646890
1388	1	9780981946306
1389	1	9780060275730
1390	1	9780201702453
1391	1	9781596980112
1392	1	9780060583989
1393	1	9781903221549
1394	1	9780470154724
1395	1	9781403991157
1396	1	9780874625806
1397	1	9780262083485
1398	1	9781404847880
1399	1	9780553579826
1400	1	9781600245404
1401	1	9780787981082
1402	1	9780689843983
1403	1	9780757301230
1404	1	9781931721806
1405	1	9788425342653
1406	1	9780140348934
1407	1	9781421520056
1408	1	9781885477941
1409	1	9781400078172
1410	1	9780415545259
1411	1	9781569700983
1412	1	9782215066347
1413	1	9781885008220
1414	1	9780826341143
1415	1	9780385904353
1416	1	9781416939290
1417	1	9781890951511
1418	1	9780230553439
1419	1	9780972927673
1420	1	9780778323624
1421	1	9780792241867
1422	1	9780750665445
1423	1	9780425206928
1424	1	9781893905948
1425	1	9780823417629
1426	1	9780807871133
1427	1	9781583882566
1428	1	9781905177165
1429	1	9781441811776
1430	1	9780387787022
1431	1	9780440228431
1432	1	9781410928184
1433	1	9780553592863
1434	1	9781594930508
1435	1	9780521875165
1436	1	9780060841829
1437	1	9781893183421
1438	1	9781585363087
1439	1	9780830837083
1440	1	9780689852404
1441	1	9780789495952
1442	1	9781413000467
1443	1	9780312531584
1444	1	9780778329077
1445	1	9780471484844
1446	1	9781421510590
1447	1	9780809144952
1448	1	9789626343357
1449	1	9780735822429
1450	1	9781441195500
1451	1	9780883686508
1452	1	9781591821540
1453	1	9780515147278
1454	1	9780451412744
1455	1	9780664230371
1456	1	9780471150466
1457	1	9780761426806
1458	1	9781586171551
1459	1	9780831133160
1460	1	9780316007054
1461	1	9780801064838
1462	1	9780470440858
1463	1	9781570763946
1464	1	9780634067051
1465	1	9780830817917
1466	1	9781932425680
1467	1	9780375844546
1468	1	9781604729559
1469	1	9780787977641
1470	1	9780934860567
1471	1	9780764550409
1472	1	9783527311750
1473	1	9781560977100
1474	1	9780674013773
1475	1	9781585426836
1476	1	9780743273213
1477	1	9780743296489
1478	1	9781605298634
1479	1	9780941711043
1480	1	9780061240881
1481	1	9781601250834
1482	1	9781599900094
1483	1	9780743497398
1484	1	9780571191291
1485	1	9781932802450
1486	1	9789812835932
1487	1	9781402711305
1488	1	9781842654828
1489	1	9780325017273
1490	1	9780879837303
1491	1	9781402725982
1492	1	9780325070308
1493	1	9781434219107
1494	1	9780375725463
1495	1	9781592136629
1496	1	9780778706878
1497	1	9780812935592
1498	1	9781580422307
1499	1	9780745644042
1500	1	9780394717814
1501	1	9780393700985
1502	1	9780516253541
1503	1	9780131852914
1504	1	9780071700962
1505	1	9781400110483
1506	1	9780060851804
1507	1	9780470038628
1508	1	9781422204528
1509	1	9780893814212
1510	1	9781419553257
1511	1	9780553282108
1512	1	9781843833000
1513	1	9780896087798
1514	1	9781842228975
1515	1	9781599532936
1516	1	9780316902281
1517	1	9780307473318
1518	1	9781422202883
1519	1	9780333964620
1520	1	9781566914147
1521	1	9780441006151
1522	1	9780804837460
1523	1	9781573245692
1524	1	9781433229183
1525	1	9780451227218
1526	1	9780915368587
1527	1	9780761112051
1528	1	9780881036961
1529	1	9780976645634
1530	1	9780470117705
1531	1	9780974934488
1532	1	9780807129524
1533	1	9781400146260
1534	1	9781593633981
1535	1	9780071466615
1536	1	9788445071212
1537	1	9781590594704
1538	1	9781933164793
1539	1	9780520230262
1540	1	9789004176508
1541	1	9781595581068
1542	1	9788492452293
1543	1	9780829751833
1544	1	9789812835451
1545	1	9780691122625
1546	1	9781741047752
1547	1	9780807553626
1548	1	9780143037057
1549	1	9780791097052
1550	1	9781556523021
1551	1	9780470245873
1552	1	9780393000450
1553	1	9780890244142
1554	1	9781573442893
1555	1	9780316146333
1556	1	9789058563378
1557	1	9780312311537
1558	1	9780375805622
1559	1	9781849350068
1560	1	9789708160308
1561	1	9781580536004
1562	1	9781893757646
1563	1	9781846432477
1564	1	9780815758983
1565	1	9780743290081
1566	1	9781403944276
1567	1	9780794503666
1568	1	9781422101179
1569	1	9780778737766
1570	1	9780974844121
1571	1	9780439893930
1572	1	9780679748311
1573	1	9781843680321
1574	1	9780778749936
1575	1	9781402751240
1576	1	9780307385949
1577	1	9780340947432
1578	1	9780226730745
1579	1	9780747584032
1580	1	9781591023548
1581	1	9780399242229
1582	1	9780822321415
1583	1	9781593083564
1584	1	9780778325697
1585	1	9788881587421
1586	1	9781598871012
1587	1	9781934964125
1588	1	9781591824572
1589	1	9780471787389
1590	1	9781599792149
1591	1	9780345514264
1592	1	9788475068428
1593	1	9780768426250
1594	1	9780737740370
1595	1	9780763734558
1596	1	9780300122930
1597	1	9781600595240
1598	1	9780071424691
1599	1	9780439878807
1600	1	9780786018949
1601	1	9783642114915
1602	1	9781410410191
1603	1	9780689818141
1604	1	9780671447540
1605	1	9780761440888
1606	1	9780824816766
1607	1	9780387336077
1608	1	9780547243009
1609	1	9781592576081
1610	1	9781592238200
1611	1	9780516278384
1612	1	9780415571425
1613	1	9780142410219
1614	1	9781584300410
1615	1	9780778732969
1616	1	9780310279327
1617	1	9781594417269
1618	1	9780689865510
1619	1	9780060084066
1620	1	9780938045656
1621	1	9780877880677
1622	1	9780446403016
1623	1	9780817316457
1624	1	9781593851613
1625	1	9781418514211
1626	1	9780470743843
1627	1	9780974867700
1628	1	9781400310890
1629	1	9780156030434
1630	1	9781585712502
1631	1	9780756658540
1632	1	9781400157761
1633	1	9780910413756
1634	1	9780825428203
1635	1	9781405147064
1636	1	9780071446433
1637	1	9781593092214
1638	1	9780743274036
1639	1	9780761139805
1640	1	9781579223663
1641	1	9780393730036
1642	1	9780824914356
1643	1	9781550027501
1644	1	9780802138408
1645	1	9780071381567
1646	1	9780345367426
1647	1	9780470721711
1648	1	9783540214939
1649	1	9780736821810
1650	1	9781400136940
1651	1	9781599203164
1652	1	9780824967864
1653	1	9782080305367
1654	1	9780872598621
1655	1	9781844571314
1656	1	9780876637487
1657	1	9781552095201
1658	1	9780822218678
1659	1	9780335218271
1660	1	9781590302774
1661	1	9780915864553
1662	1	9788496473959
1663	1	9780802817310
1664	1	9781591827726
1665	1	9781421500645
1666	1	9780802083371
1667	1	9781930865976
1668	1	9780060090579
1669	1	9781405195850
1670	1	9780156332255
1671	1	9781590130285
1672	1	9781602705548
1673	1	9780764526398
1674	1	9780415393393
1675	1	9781590201428
1676	1	9781579500801
1677	1	9780800733216
1678	1	9780230600645
1679	1	9780471752127
1680	1	9781569761489
1681	1	9781590202418
1682	1	9781440302626
1683	1	9781554071548
1684	1	9780374300104
1685	1	9781932453348
1686	1	9781602707153
1687	1	9780156027526
1688	1	9780743236690
1689	1	9780979200632
1690	1	9780345437396
1691	1	9780745640969
1692	1	9780325002828
1693	1	9780061626890
1694	1	9780833586230
1695	1	9780316010672
1696	1	9781889108902
1697	1	9781891830365
1698	1	9780060915186
1699	1	9780538728287
1700	1	9781603090339
1701	1	9780385499286
1702	1	9780979692840
1703	1	9781595544780
1704	1	9780931759703
1705	1	9789889839536
1706	1	9780071400657
1707	1	9780230542877
1708	1	9780984226061
1709	1	9780810113169
1710	1	9780802036414
1711	1	9780451529442
1712	1	9781581210194
1713	1	9780804757430
1714	1	9781590202180
1715	1	9780393330205
1716	1	9780822587613
1717	1	9780815410720
1718	1	9780600614807
1719	1	9780689712265
1720	1	9781579993139
1721	1	9780292719989
1722	1	9780195325263
1723	1	9780812219692
1724	1	9780470520727
1725	1	9780753458648
1726	1	9780470015438
1727	1	9780375949760
1728	1	9780778706892
1729	1	9780785214038
1730	1	9781566081603
1731	1	9780714837123
1732	1	9782759404063
1733	1	9780446698870
1734	1	9781400109715
1735	1	9780061032059
1736	1	9780545035231
1737	1	9780071486019
1738	1	9781933784137
1739	1	9781403479082
1740	1	9780738577784
1741	1	9781606236000
1742	1	9781580932455
1743	1	9781416593065
1744	1	9781416520641
1745	1	9789622018518
1746	1	9780060997007
1747	1	9788489756441
1748	1	9780873388788
1749	1	9781564777034
1750	1	9781426303760
1751	1	9781418064020
1752	1	9780764134074
1753	1	9781600781827
1754	1	9780821416723
1755	1	9781844765584
1756	1	9780152045708
1757	1	9780870714177
1758	1	9780471715993
1759	1	9781572309432
1760	1	9780375725975
1761	1	9780881504835
1762	1	9781560973041
1763	1	9780143039419
1764	1	9780787988494
1765	1	9788408046387
1766	1	9780415876315
1767	1	9783791341576
1768	1	9780778720409
1769	1	9781416565116
1770	1	9780061560958
1771	1	9780345506603
1772	1	9781579907525
1773	1	9780061724824
1774	1	9781600104817
1775	1	9781572484481
1776	1	9781846070846
1777	1	9780061375446
1778	1	9780521516723
1779	1	9780873377898
1780	1	9781561709915
1781	1	9781433509254
1782	1	9781590770481
1783	1	9780791493960
1784	1	9780753454756
1785	1	9780814413012
1786	1	9780515139488
1787	1	9781569708330
1788	1	9781848210059
1789	1	9781433502033
1790	1	9780307236319
1791	1	9781880284322
1792	1	9780060892883
1793	1	9781554531837
1794	1	9780061429897
1795	1	9780312978327
1796	1	9781400160136
1797	1	9780064470056
1798	1	9780061967788
1799	1	9781569474181
1800	1	9781591022480
1801	1	9781593082765
1802	1	9780872863330
1803	1	9781597562119
1804	1	9781421516462
1805	1	9780613024044
1806	1	9781601080141
1807	1	9780395249079
1808	1	9780738534329
1809	1	9780791476352
1810	1	9781423386780
1811	1	9789703703883
1812	1	9781933372952
1813	1	9780143059141
1814	1	9781841579962
1815	1	9780387952895
1816	1	9780811822145
1817	1	9781401219055
1818	1	9781580234160
1819	1	9781412923804
1820	1	9780822202691
1821	1	9780696204807
1822	1	9780340894873
1823	1	9780791421529
1824	1	9780882897387
1825	1	9780805445459
1826	1	9780822216810
1827	1	9780811874380
1828	1	9780521518444
1829	1	9780387982199
1830	1	9780743497206
1831	1	9781401209407
1832	1	9780849944543
1833	1	9780300146967
1834	1	9781883220778
1835	1	9781594160165
1836	1	9780399230196
1837	1	9781600067129
1838	1	9781845453435
1839	1	9780060507220
1840	1	9780802805188
1841	1	9780740743535
1842	1	9780472116812
1843	1	9780823420575
1844	1	9780425198827
1845	1	9780826438836
1846	1	9781579621612
1847	1	9780877848264
1848	1	9780393321876
1849	1	9781558854390
1850	1	9780316735124
1851	1	9780531159743
1852	1	9780822334156
1853	1	9781598160536
1854	1	9780802151377
1855	1	9780273723271
1856	1	9781607271192
1857	1	9780981931005
1858	1	9780764585562
1859	1	9780842318983
1860	1	9782503530932
1861	1	9780143039013
1862	1	9780613169356
1863	1	9789704700157
1864	1	9780737744323
1865	1	9781904233619
1866	1	9780805447354
1867	1	9781934030073
1868	1	9780813544335
1869	1	9780500280409
1870	1	9780972561181
1871	1	9781841768434
1872	1	9780764504525
1873	1	9780060777029
1874	1	9780761442516
1875	1	9781564776778
1876	1	9781577315964
1877	1	9780439588478
1878	1	9781589581142
1879	1	9780143142072
1880	1	9781846074448
1881	1	9781572245044
1882	1	9780875809854
1883	1	9780740700224
1884	1	9780843959291
1885	1	9780743272834
1886	1	9781591026471
1887	1	9781566567640
1888	1	9781403994202
1889	1	9781933988146
1890	1	9781602230774
1891	1	9780394890524
1892	1	9789626349717
1893	1	9780824918057
1894	1	9780887767753
1895	1	9780764325496
1896	1	9780760332269
1897	1	9781584794523
1898	1	9780781811378
1899	1	9781599904191
1900	1	9781581809275
1901	1	9781880834886
1902	1	9788854401167
1903	1	9781580890397
1904	1	9781580085168
1905	1	9781844483778
1906	1	9780773530096
1907	1	9780395980774
1908	1	9780470371268
1909	1	9780600614685
1910	1	9780262134200
1911	1	9781904341529
1912	1	9780803621831
1913	1	9780743226424
1914	1	9781569472125
1915	1	9780141306360
1916	1	9780312362911
1917	1	9780664227944
1918	1	9781581154320
1919	1	9781847559067
1920	1	9780786022212
1921	1	9780516236759
1922	1	9781555975500
1923	1	9780972034500
1924	1	9781603421164
1925	1	9780231146647
1926	1	9780823099917
1927	1	9781571053565
1928	1	9781934629321
1929	1	9780195373691
1930	1	9781601620682
1931	1	9780802133946
1932	1	9780061945762
1933	1	9780802143822
1934	1	9780807831816
1935	1	9780879101978
1936	1	9780375753220
1937	1	9780801022401
1938	1	9780516258171
1939	1	9780451187871
1940	1	9780060092979
1941	1	9780897327336
1942	1	9782080304995
1943	1	9780817316396
1944	1	9780448431529
1945	1	9780684825953
1946	1	9781555536701
1947	1	9781416516170
1948	1	9780446677035
1949	1	9780393328905
1950	1	9781583672075
1951	1	9781904600817
1952	1	9780071414296
1953	1	9780689822094
1954	1	9781884800948
1955	1	9780415800792
1956	1	9780689847431
1957	1	9781840783704
1958	1	9781410407115
1959	1	9780060884611
1960	1	9781433223532
1961	1	9780899191898
1962	1	9781433277221
1963	1	9781847061737
1964	1	9781935501046
1965	1	9780321555588
1966	1	9780140437560
1967	1	9781741143768
1968	1	9780802842411
1969	1	9780395486627
1970	1	9781843538547
1971	1	9780822340218
1972	1	9780698115903
1973	1	9781853991806
1974	1	9780965676359
1975	1	9780340937518
1976	1	9780764319730
1977	1	9781427798459
1978	1	9781606232842
1979	1	9780399534218
1980	1	9780802793720
1981	1	9781439900000
1982	1	9781555612818
1983	1	9781417782017
1984	1	9780800637415
1985	1	9788876242731
1986	1	9780843961942
1987	1	9780253207562
1988	1	9788497775687
1989	1	9780285635494
1990	1	9780306814297
1991	1	9780516252988
1992	1	9781933979533
1993	1	9780745641348
1994	1	9788466320900
1995	1	9781845978310
1996	1	9780385750936
1997	1	9780226307190
1998	1	9780865681705
1999	1	9780590448727
