book	waterstones	isbn_13
2000	2000	2000	2000
0000	1	9781426206450
0001	1	9781849531047
0002	1	9780714849690
0003	1	9781841074818
0004	1	9781856694629
0005	1	9780007118441
0006	1	9780273721505
0007	1	9780071760812
0008	1	9780691145921
0009	1	9780007327966
0010	1	9780007343089
0011	1	9781847326164
0012	1	9780224083317
0013	1	9780857201294
0014	1	9780752449685
0015	1	9780099526155
0016	1	9781845963590
0017	1	9781861978776
0018	1	9781847080394
0019	1	9781845965716
0020	1	9780762429868
0021	1	9780857330338
0022	1	9780099499558
0023	1	9780099509356
0024	1	9780684857213
0025	1	9780007360598
0026	1	9780091932770
0027	1	9781849160933
0028	1	9781840246087
0029	1	9781905411641
0030	1	9781847326850
0031	1	9781905080786
0032	1	9781845966546
0033	1	9781847326805
0034	1	9780470547816
0035	1	9781851687824
0036	1	9781905411184
0037	1	9780856408564
0038	1	9781847326867
0039	1	9781848187436
0040	1	9780007378012
0041	1	9781905411603
0042	1	9780752884035
0043	1	9780719563461
0044	1	9781847326812
0045	1	9780224064736
0046	1	9781905264940
0047	1	9781569757871
0048	1	9781444704259
0049	1	9781905411429
0050	1	9780007292486
0051	1	9780224083065
0052	1	9781405328128
0053	1	9781592403448
0054	1	9781905411177
0055	1	9781905411634
0056	1	9781905411061
0057	1	9780852650776
0058	1	9780007235025
0059	1	9781846143052
0060	1	9781847034960
0061	1	9780852651483
0062	1	9781405366397
0063	1	9781861057389
0064	1	9781905411320
0065	1	9781905769209
0066	1	9780224083164
0067	1	9780091923334
0068	1	9781845966003
0069	1	9781906802585
0070	1	9781905411610
0071	1	9780751539110
0072	1	9781845136062
0073	1	9780007321414
0074	1	9781845965921
0075	1	9780091932862
0076	1	9781845135591
0077	1	9781905326761
0078	1	9781852846275
0079	1	9781848512115
0080	1	9781903854839
0081	1	9780753515709
0082	1	9780099528098
0083	1	9780852651223
0084	1	9780224080125
0085	1	9780224080231
0086	1	9780856408410
0087	1	9781906889012
0088	1	9781845022273
0089	1	9780224071901
0090	1	9781906853389
0091	1	9780273717225
0092	1	9781846078835
0093	1	9781843539094
0094	1	9781906802288
0095	1	9781848764835
0096	1	9780007270064
0097	1	9780752848778
0098	1	9781847397492
0099	1	9780862789107
0100	1	9780755316229
0101	1	9780141031859
0102	1	9780297863120
0103	1	9781845966331
0104	1	9780743295284
0105	1	9780713677416
0106	1	9780713679366
0107	1	9781408108703
0108	1	9781903854754
0109	1	9780786448104
0110	1	9781849531276
0111	1	9781906820626
0112	1	9780851319377
0113	1	9781905211517
0114	1	9780553819618
0115	1	9780755317233
0116	1	9781906021948
0117	1	9780330511858
0118	1	9781845965570
0119	1	9781845135607
0120	1	9780007116980
0121	1	9780747536192
0122	1	9780297859154
0123	1	9781847679260
0124	1	9780141046662
0125	1	9780954580322
0126	1	9781905042517
0127	1	9781844901951
0128	1	9782915807288
0129	1	9781844035984
0130	1	9780091910235
0131	1	9780761161028
0132	1	9781741791600
0133	1	9780007276387
0134	1	9781873721902
0135	1	9780701183608
0136	1	9781741791518
0137	1	9781846701689
0138	1	9781906136383
0139	1	9781841652160
0140	1	9780751543452
0141	1	9781903070789
0142	1	9781405350358
0143	1	9789812680433
0144	1	9780954218898
0145	1	9781741797091
0146	1	9781405347020
0147	1	9780749954031
0148	1	9780470744512
0149	1	9781851495412
0150	1	9780091933135
0151	1	9781405343343
0152	1	9789812688729
0153	1	9780552998062
0154	1	9781405339742
0155	1	9780552776356
0156	1	9781741795936
0157	1	9781405329446
0158	1	9781741794137
0159	1	9780749566142
0160	1	9788883706172
0161	1	9781846701795
0162	1	9780500515419
0163	1	9781405344395
0164	1	9780749550929
0165	1	9781405344401
0166	1	9781405312257
0167	1	9781741798852
0168	1	9781574891799
0169	1	9781741046090
0170	1	9781901587883
0171	1	9780273731603
0172	1	9781904794486
0173	1	9780099769514
0174	1	9781857883770
0175	1	9780571221684
0176	1	9781906802639
0177	1	9781740595759
0178	1	9781848365100
0179	1	9781843482055
0180	1	9780141015729
0181	1	9781846700576
0182	1	9780007306206
0183	1	9789812687258
0184	1	9789812688309
0185	1	9780572035730
0186	1	9781405346962
0187	1	9780091910242
0188	1	9781405356053
0189	1	9781843486398
0190	1	9789812820785
0191	1	9781408702086
0192	1	9780349119601
0193	1	9780415599139
0194	1	9781843583516
0195	1	9781843486039
0196	1	9781741047738
0197	1	9781741049206
0198	1	9780319240670
0199	1	9781848364585
0200	1	9780751538953
0201	1	9781405353984
0202	1	9781405338912
0203	1	9780141006444
0204	1	9781741790146
0205	1	9783980880275
0206	1	9780099535973
0207	1	9780553816693
0208	1	9781848360310
0209	1	9781849071420
0210	1	9781846701924
0211	1	9780789322401
0212	1	9780099769910
0213	1	9789812687449
0214	1	9780132297691
0215	1	9781568988726
0216	1	9781846612640
0217	1	9781908003010
0218	1	9781906821340
0219	1	9781441923349
0220	1	9780199602728
0221	1	9780470554425
0222	1	9781402771132
0223	1	9781907312472
0224	1	9780582423497
0225	1	9780273753568
0226	1	9781423459767
0227	1	9781845923167
0228	1	9780273735373
0229	1	9780273740766
0230	1	9780273730934
0231	1	9780753513385
0232	1	9780141011455
0233	1	9780887307287
0234	1	9780241953846
0235	1	9781845295110
0236	1	9780470714126
0237	1	9780273723769
0238	1	9780954368630
0239	1	9780552162227
0240	1	9780414041776
0241	1	9780330488679
0242	1	9780199579112
0243	1	9780199535927
0244	1	9780273731818
0245	1	9780199544271
0246	1	9781844078943
0247	1	9781844901043
0248	1	9781905654840
0249	1	9781905654437
0250	1	5034566124530
0251	1	9780141324920
0252	1	9780330528115
0253	1	9781405020466
0254	1	9780007339594
0255	1	9781407120317
0256	1	9780330511186
0257	1	9780141331881
0258	1	9780192732200
0259	1	9780230017948
0260	1	9781406322491
0261	1	9781840116892
0262	1	9780749008048
0263	1	9780333903384
0264	1	9781408309513
0265	1	9781907410499
0266	1	9781406316254
0267	1	9781407109374
0268	1	9780552563727
0269	1	9781906918859
0270	1	9781847734303
0271	1	9781405090766
0272	1	9781408312629
0273	1	9780500514696
0274	1	9780141319131
0275	1	9780141331010
0276	1	9781409390350
0277	1	9781407115009
0278	1	9781409390190
0279	1	9781847450029
0280	1	9780545026031
0281	1	9780857070524
0282	1	9781849920438
0283	1	9781405235006
0284	1	9781847385956
0285	1	9781840114478
0286	1	9781444900644
0287	1	9781409525219
0288	1	9780007312504
0289	1	9780007382187
0290	1	9780670882786
0291	1	9780340881538
0292	1	9780007312542
0293	1	9780857070432
0294	1	9780007156825
0295	1	9781444900637
0296	1	9780007241620
0297	1	9780140315417
0298	1	9780141332475
0299	1	9780141322643
0300	1	9781904233886
0301	1	9781907410239
0302	1	9781847151384
0303	1	9780321524768
0304	1	9781406323924
0305	1	9781408309421
0306	1	9781848774650
0307	1	9781406305869
0308	1	9781847151520
0309	1	9780670886272
0310	1	9781408312384
0311	1	9780333720011
0312	1	9781905654581
0313	1	9781406305883
0314	1	9780192782410
0315	1	9780330535359
0316	1	9780749009205
0317	1	9781407117911
0318	1	9780670886241
0319	1	9780762416202
0320	1	9780141322711
0321	1	9781406305876
0322	1	9781906477189
0323	1	9780862963439
0324	1	9781841074719
0325	1	9781408810583
0326	1	9781846164828
0327	1	9780007418923
0328	1	9780749707231
0329	1	9780571255412
0330	1	9780440868514
0331	1	9780141326092
0332	1	9781409504450
0333	1	9781409507697
0334	1	9781409308058
0335	1	9781409390183
0336	1	9780007315840
0337	1	9781405240758
0338	1	9780762434244
0339	1	9780007165858
0340	1	9781405363433
0341	1	9780141312125
0342	1	9780141325019
0343	1	9781405241793
0344	1	9781846164866
0345	1	9788496805323
0346	1	9781402768507
0347	1	9781847674845
0348	1	9780600621195
0349	1	9781582406725
0350	1	9781907554056
0351	1	9781849530835
0352	1	9780007340491
0353	1	9781906838225
0354	1	9781421501680
0355	1	9780857680310
0356	1	9781591164418
0357	1	9781421508221
0358	1	9781847377623
0359	1	9781421501703
0360	1	9781840230543
0361	1	9780224090001
0362	1	9781427817693
0363	1	9781421532257
0364	1	9781591164425
0365	1	9781421503318
0366	1	9781591161783
0367	1	9781421535692
0368	1	9780751500288
0369	1	9780470768785
0370	1	9780273723516
0371	1	9781405334761
0372	1	9781846534058
0373	1	9780224090612
0374	1	9781607061816
0375	1	9781591163589
0376	1	9780099538431
0377	1	9781600108686
0378	1	9781848569935
0379	1	9780785153139
0380	1	9780312554019
0381	1	9781607060758
0382	1	9781848561373
0383	1	9781846534522
0384	1	9781840238488
0385	1	9780861661718
0386	1	9781593072933
0387	1	9781848568211
0388	1	9781906838096
0389	1	9781421528113
0390	1	9781848568419
0391	1	9781421519043
0392	1	9781906372996
0393	1	9781427817709
0394	1	9781844130535
0395	1	9780759530058
0396	1	9781421511788
0397	1	9780340920282
0398	1	9781840237849
0399	1	9781421531366
0400	1	9780785140221
0401	1	9781591826064
0402	1	9781848567085
0403	1	9781421523873
0404	1	9781421526768
0405	1	9781907519253
0406	1	9781852864781
0407	1	9780785148166
0408	1	9780711230859
0409	1	9781846534270
0410	1	9781427818874
0411	1	9780785148722
0412	1	9781591160571
0413	1	9781421536378
0414	1	9781934876879
0415	1	9781848569850
0416	1	9781569701416
0417	1	9780500515242
0418	1	9781848563858
0419	1	9781600108518
0420	1	9781606993972
0421	1	9781848567146
0422	1	9780785147091
0423	1	9781427817440
0424	1	9780857680396
0425	1	9781848566781
0426	1	9781848569782
0427	1	9781421502397
0428	1	9781848562738
0429	1	9780316102391
0430	1	9780316119337
0431	1	9780752888767
0432	1	9781848563421
0433	1	9780785129455
0434	1	9780955285660
0435	1	9780230252035
0436	1	9781421500164
0437	1	9780759529458
0438	1	9781848568198
0439	1	9781844006090
0440	1	9780500515266
0441	1	9783791340432
0442	1	9781405365468
0443	1	9780470497432
0444	1	9780470466063
0445	1	9781905814046
0446	1	9780273729297
0447	1	9780273749950
0448	1	9780192861986
0449	1	9781430231295
0450	1	9781840783551
0451	1	9780672332203
0452	1	9780744012323
0453	1	9780132058902
0454	1	9780273723486
0455	1	9781905814343
0456	1	9781840783889
0457	1	9781840783605
0458	1	9780714857473
0459	1	9781845765194
0460	1	9780500543849
0461	1	9783836520775
0462	1	9781862058835
0463	1	9780470916827
0464	1	9780470648643
0465	1	9781586489076
0466	1	9780273736097
0467	1	9780470037386
0468	1	9781848362772
0469	1	9780672325670
0470	1	9780789743732
0471	1	9781840783612
0472	1	9781840784084
0473	1	9781848361065
0474	1	9780744012729
0475	1	9780321701763
0476	1	9780273736127
0477	1	9780735626652
0478	1	9780273722656
0479	1	9780715338551
0480	1	9781848365209
0481	1	9780470503690
0482	1	9780471782797
0483	1	9780596804312
0484	1	9780764539886
0485	1	9780470661536
0486	1	9780714857091
0487	1	9780500288610
0488	1	9781862058675
0489	1	9780321678737
0490	1	9780071496292
0491	1	9780273723493
0492	1	9780672330971
0493	1	9780470537985
0494	1	9780470568439
0495	1	9780764537585
0496	1	9780340992104
0497	1	9780470518076
0498	1	9780470880036
0499	1	9780321566157
0500	1	9781840784015
0501	1	9780435578466
0502	1	9780240521879
0503	1	9780273730552
0504	1	9780335242399
0505	1	9780273720553
0506	1	9781840783179
0507	1	9781850082804
0508	1	9781906659974
0509	1	9781430225171
0510	1	9780859347075
0511	1	9780735622913
0512	1	9780470275580
0513	1	9780240522142
0514	1	9781906064594
0515	1	9780735622739
0516	1	9781840783643
0517	1	9781844255092
0518	1	9781576875391
0519	1	9781600611520
0520	1	9780500289280
0521	1	9781845334307
0522	1	9780321649096
0523	1	9780471781172
0524	1	9780340974001
0525	1	9780470465424
0526	1	9780672329432
0527	1	9780321573797
0528	1	9780470120514
0529	1	9780192804617
0530	1	9780470260920
0531	1	9780321555618
0532	1	9780596157135
0533	1	9780273740636
0534	1	9780470878040
0535	1	9781906672492
0536	1	9780672333378
0537	1	9780273736806
0538	1	9780470462706
0539	1	9780321754547
0540	1	9780240811093
0541	1	9780470114346
0542	1	9781587201820
0543	1	9780596520977
0544	1	9782940361762
0545	1	9780240810676
0546	1	9780273714385
0547	1	9781840783452
0548	1	9780470285831
0549	1	9780470167779
0550	1	9781846271281
0551	1	9783865215840
0552	1	9781847245458
0553	1	9781906694180
0554	1	9781849163422
0555	1	9780099546764
0556	1	9780552158817
0557	1	9780330456791
0558	1	9781409103523
0559	1	9781409114390
0560	1	9781849015097
0561	1	9781409120483
0562	1	9780330436083
0563	1	9780751541823
0564	1	9780751543223
0565	1	9780553824698
0566	1	9780349121970
0567	1	9780749953850
0568	1	9781409116615
0569	1	9781848872721
0570	1	9781845299545
0571	1	9780751543018
0572	1	9780140231700
0573	1	9780755331420
0574	1	9780553811858
0575	1	9780553811889
0576	1	9783822835418
0577	1	9780500512005
0578	1	9780711230811
0579	1	9780553813449
0580	1	9780751539943
0581	1	9780007136834
0582	1	9781848541092
0583	1	9780141018621
0584	1	9780553815856
0585	1	9781847562296
0586	1	9780751543216
0587	1	9780099536567
0588	1	9780553817492
0589	1	9781409102342
0590	1	9781849830829
0591	1	9780099541837
0592	1	9781847442536
0593	1	9781849163675
0594	1	9780755336975
0595	1	9780099535041
0596	1	9780099492382
0597	1	9781409114406
0598	1	9780330456777
0599	1	9781408702338
0600	1	9780340937280
0601	1	9780006513773
0602	1	9780340993507
0603	1	9781904034483
0604	1	9781849015929
0605	1	9783836523813
0606	1	9780857050144
0607	1	9780007193165
0608	1	9780593062968
0609	1	9780007317714
0610	1	9780755357765
0611	1	9781849010962
0612	1	9781849010825
0613	1	9780099542216
0614	1	9780007244553
0615	1	9780099751816
0616	1	9780141032252
0617	1	9781846054808
0618	1	9781845964993
0619	1	9780141034379
0620	1	9780749953478
0621	1	9780099547624
0622	1	9780007382149
0623	1	9780230745810
0624	1	9780141034324
0625	1	9781409102038
0626	1	9781849012928
0627	1	9780099255185
0628	1	9783822840726
0629	1	9781847325051
0630	1	9781854379023
0631	1	9781841199610
0632	1	9780753827116
0633	1	9780752883090
0634	1	9780007243310
0635	1	9780752883571
0636	1	9780007119295
0637	1	9780755337095
0638	1	9781845965075
0639	1	9781409101239
0640	1	9780956266811
0641	1	9780349118697
0642	1	9780552157377
0643	1	9781860492594
0644	1	9780340836941
0645	1	9780552144933
0646	1	9781409116967
0647	1	9780755349289
0648	1	9780749953065
0649	1	9780330491600
0650	1	9780749008031
0651	1	9781444700442
0652	1	9781845961787
0653	1	9780224091244
0654	1	9780521532891
0655	1	9780857250537
0656	1	9781844553907
0657	1	9780141027678
0658	1	9780140265439
0659	1	9780563520108
0660	1	9780857253699
0661	1	9780470390771
0662	1	9780140265408
0663	1	9780007252787
0664	1	9780140120417
0665	1	9781406612691
0666	1	9780071702669
0667	1	9781855393943
0668	1	9780521532914
0669	1	9780224086356
0670	1	9780194372121
0671	1	9780071428484
0672	1	9780748784684
0673	1	9789812684592
0674	1	9780521449946
0675	1	9780297858683
0676	1	9780500515297
0677	1	9780471772705
0678	1	9780563520313
0679	1	9789812684608
0680	1	9780230272316
0681	1	9781899836765
0682	1	9781444110005
0683	1	9781408206539
0684	1	9781444100051
0685	1	9781444100402
0686	1	9780071433013
0687	1	9781444101232
0688	1	9780071458061
0689	1	9781408261255
0690	1	9780273732464
0691	1	9781406652345
0692	1	9780007337422
0693	1	9781406642728
0694	1	9781406612844
0695	1	9781444101638
0696	1	9780273726951
0697	1	9781405301008
0698	1	9780714836256
0699	1	9780007190478
0700	1	9780715327289
0701	1	9784770030085
0702	1	9780521527279
0703	1	9781408223208
0704	1	9781408241363
0705	1	9780194317443
0706	1	9780470519868
0707	1	9780007337354
0708	1	9780764551956
0709	1	9780194518000
0710	1	9781848601970
0711	1	9780273726937
0712	1	9780340860175
0713	1	9780071498050
0714	1	9780521677431
0715	1	9780340913048
0716	1	9780435032593
0717	1	9780340990742
0718	1	9781405013994
0719	1	9781444101676
0720	1	9784770030375
0721	1	9781405309738
0722	1	9781847060563
0723	1	9781844484119
0724	1	9780071453936
0725	1	9780194575317
0726	1	9780230220027
0727	1	9781931873024
0728	1	9780071615617
0729	1	9780071472692
0730	1	9781444100303
0731	1	9781844451692
0732	1	9780007303045
0733	1	9780230506534
0734	1	9780572028114
0735	1	9781444101560
0736	1	9780071744737
0737	1	9782070364237
0738	1	9780521533850
0739	1	9780749927004
0740	1	9780007303069
0741	1	9789812682260
0742	1	9780550105066
0743	1	9780764123948
0744	1	9780749461409
0745	1	9781845902896
0746	1	9781444101553
0747	1	9781904438854
0748	1	9780099458289
0749	1	9780749942014
0750	1	9780007230204
0751	1	9781846057151
0752	1	9780007269754
0753	1	9780857860071
0754	1	9780007331727
0755	1	9780330519014
0756	1	9780241951712
0757	1	9781409103349
0758	1	9780571252671
0759	1	9780593061534
0760	1	9780670919017
0761	1	9781846057601
0762	1	9780099535454
0763	1	9780099512981
0764	1	9781409122968
0765	1	9780141041223
0766	1	9780552776745
0767	1	9780893818753
0768	1	9780007353842
0769	1	9780099478454
0770	1	9780141046365
0771	1	9780099549482
0772	1	9780553826166
0773	1	9780099387916
0774	1	9780747566533
0775	1	9780552775106
0776	1	9780330453141
0777	1	9781846054587
0778	1	9780340963050
0779	1	9780007232444
0780	1	9780385619318
0781	1	9780099525288
0782	1	9780099555544
0783	1	9780340963647
0784	1	9781409102540
0785	1	9781848270817
0786	1	9780753820254
0787	1	9780755354689
0788	1	9780722532935
0789	1	9781849164122
0790	1	9780141042916
0791	1	9780091937270
0792	1	9781848878846
0793	1	9780140446746
0794	1	9780500281918
0795	1	9783836523585
0796	1	9780500238554
0797	1	9781847080844
0798	1	9781846059162
0799	1	9781847561046
0800	1	9780091937195
0801	1	9781846054785
0802	1	9780141185101
0803	1	9781409101864
0804	1	9780340822784
0805	1	9780340963074
0806	1	9780751540475
0807	1	9780007200283
0808	1	9780552776172
0809	1	9780099448822
0810	1	9780349121321
0811	1	9780552773805
0812	1	9781844086061
0813	1	9780349122397
0814	1	9780330537384
0815	1	9780857520081
0816	1	9781841596006
0817	1	9783822850022
0818	1	9783822859865
0819	1	9781844420049
0820	1	9781907427046
0821	1	9780500543535
0822	1	9780007190331
0823	1	9780230744158
0824	1	9780755348084
0825	1	9781848091658
0826	1	9780099555520
0827	1	9781846054846
0828	1	9780141439570
0829	1	9780099554561
0830	1	9780141028583
0831	1	9780718155483
0832	1	9780340979495
0833	1	9780007285273
0834	1	9781848871236
0835	1	9780571135394
0836	1	9780007318520
0837	1	9780099514237
0838	1	9781905490738
0839	1	9780099513148
0840	1	9780007250554
0841	1	9780714859040
0842	1	9780715336144
0843	1	9781887354738
0844	1	9781848566194
0845	1	9780300167214
0846	1	9781845335670
0847	1	9780297860273
0848	1	9781407547589
0849	1	9780007309030
0850	1	9781856269407
0851	1	9781840915563
0852	1	9781844008896
0853	1	9780718154752
0854	1	9781741966848
0855	1	9780141029504
0856	1	9781841589084
0857	1	9780563522997
0858	1	9780600618959
0859	1	9780563521143
0860	1	9780563488422
0861	1	9780547241814
0862	1	9780141019703
0863	1	9781849901116
0864	1	9780563488415
0865	1	9780714834498
0866	1	9781845335267
0867	1	9780600621775
0868	1	9781846079719
0869	1	9781905862474
0870	1	9781845974787
0871	1	9780563539292
0872	1	9780563493471
0873	1	9781906650339
0874	1	9781846074349
0875	1	9780007213764
0876	1	9780718154769
0877	1	9780857201751
0878	1	9780600610205
0879	1	9780091874155
0880	1	9780716022213
0881	1	9781407553351
0882	1	9780007288236
0883	1	9781846077166
0884	1	9781849750325
0885	1	9780600609650
0886	1	9780091930790
0887	1	9780563214540
0888	1	9780600611448
0889	1	9780007259700
0890	1	9781600940491
0891	1	9781856269599
0892	1	9780091922290
0893	1	9780857200563
0894	1	9781846076145
0895	1	9780563487517
0896	1	9781405356268
0897	1	9781846075681
0898	1	9780716022534
0899	1	9780007328871
0900	1	9781904943464
0901	1	9781840923322
0902	1	9780340933893
0903	1	9781844839483
0904	1	9780600621430
0905	1	9780701172879
0906	1	9780752227375
0907	1	9781902407456
0908	1	9780563493280
0909	1	9781906821548
0910	1	9781845335557
0911	1	9780747589327
0912	1	9781741960693
0913	1	9780955167447
0914	1	9781405332224
0915	1	9780141045504
0916	1	9781862052963
0917	1	9780600621546
0918	1	9781852492731
0919	1	9781862058897
0920	1	9781740455411
0921	1	9781840914863
0922	1	9781856269162
0923	1	9780563522850
0924	1	9781906650049
0925	1	9780811868716
0926	1	9781741964691
0927	1	9781856269117
0928	1	9781441170675
0929	1	9781906502508
0930	1	9781845432713
0931	1	9780747595342
0932	1	9780007298822
0933	1	9781408809457
0934	1	9781847370297
0935	1	9781444710335
0936	1	9780273740827
0937	1	9781845966805
0938	1	9781444710328
0939	1	9780273723264
0940	1	9780062011947
0941	1	9780955279201
0942	1	9780273711476
0943	1	9781849085465
0944	1	9780572026479
0945	1	9781905410682
0946	1	9780141039411
0947	1	9780297859581
0948	1	9781844009343
0949	1	9780340750155
0950	1	9780091939397
0951	1	9780091929572
0952	1	9780007357970
0953	1	9781848502550
0954	1	9781604332063
0955	1	9780007285310
0956	1	9781580627566
0957	1	9780273730071
0958	1	9780007386604
0959	1	9781845903909
0960	1	9781844095285
0961	1	9780340708019
0962	1	9780762411320
0963	1	9781405348249
0964	1	9780141045252
0965	1	9780007153695
0966	1	9780470665411
0967	1	9780007280995
0968	1	9781841724355
0969	1	9781844007288
0970	1	9780091923938
0971	1	9781409100546
0972	1	9780572033453
0973	1	9780273738497
0974	1	9781848502406
0975	1	9780273740742
0976	1	9780749922641
0977	1	9781407511382
0978	1	9780747528302
0979	1	9781405329729
0980	1	9780283073373
0981	1	9780141039268
0982	1	9780007347179
0983	1	9780749924812
0984	1	9780091889487
0985	1	9780600615545
0986	1	9780091923808
0987	1	9780007269440
0988	1	9780297859543
0989	1	9781405329750
0990	1	9780007260980
0991	1	9780752879406
0992	1	9781405336840
0993	1	9780007303601
0994	1	9781572249219
0995	1	9780434020232
0996	1	9781847377036
0997	1	9781843547037
0998	1	9780349121420
0999	1	9780141040851
1000	1	9781848872387
1001	1	9780749925482
1002	1	9781845297435
1003	1	9780600614982
1004	1	9780723256830
1005	1	9781405317771
1006	1	9781844007394
1007	1	9780718153519
1008	1	9781906417291
1009	1	9780091912673
1010	1	9780007211395
1011	1	9781848374652
1012	1	9780091922672
1013	1	9780749913786
1014	1	9780273735885
1015	1	9781904760054
1016	1	9781405320528
1017	1	9780852651186
1018	1	9780007204854
1019	1	9781849010665
1020	1	9780330393270
1021	1	9781843549376
1022	1	9781905410675
1023	1	9781847377050
1024	1	9780435420482
1025	1	9780762424931
1026	1	9780749926427
1027	1	9780285637221
1028	1	9781848501157
1029	1	9781846683992
1030	1	9781849900614
1031	1	9780593066362
1032	1	9780141023304
1033	1	9780571247943
1034	1	9780752456867
1035	1	9780141007540
1036	1	9780099526407
1037	1	9780099478966
1038	1	9780007317592
1039	1	9780007393800
1040	1	9780593062739
1041	1	9780747593362
1042	1	9780007395286
1043	1	9780349115634
1044	1	9780141042756
1045	1	9781845965778
1046	1	9780747599234
1047	1	9780141032955
1048	1	9781444112733
1049	1	9781846681479
1050	1	9781843548942
1051	1	9780141032405
1052	1	9780571226641
1053	1	9781405346900
1054	1	9780330490627
1055	1	9781849013123
1056	1	9781849540551
1057	1	9780563493334
1058	1	9781904027959
1059	1	9781844084753
1060	1	9780099422587
1061	1	9780330434300
1062	1	9780091888879
1063	1	9780340925041
1064	1	9780571260751
1065	1	9780752457413
1066	1	9781856356831
1067	1	9781902419558
1068	1	9780007327232
1069	1	9781848871175
1070	1	9781844767939
1071	1	9780552152297
1072	1	9780956364937
1073	1	9780141184388
1074	1	9781844254217
1075	1	9781847171313
1076	1	9780141026114
1077	1	9780141019987
1078	1	9780007247721
1079	1	9780099523628
1080	1	9780330512374
1081	1	9780140288865
1082	1	9780719564475
1083	1	9781905026708
1084	1	9780007150625
1085	1	9780500515228
1086	1	9781845296353
1087	1	9780753825853
1088	1	9780141033679
1089	1	9780712673273
1090	1	9780571251681
1091	1	9781847390004
1092	1	9780749566302
1093	1	9780713998375
1094	1	9780141035888
1095	1	9780007244287
1096	1	9780099548621
1097	1	9780753821589
1098	1	9780349120317
1099	1	9780007320325
1100	1	9780007132409
1101	1	9780099493082
1102	1	9780007282753
1103	1	9781841587257
1104	1	9780141034898
1105	1	9780752455662
1106	1	9781854795298
1107	1	9781846078569
1108	1	9780571270965
1109	1	9780571241392
1110	1	9780571244911
1111	1	9780600617433
1112	1	9780762436385
1113	1	9780007368525
1114	1	9780007364510
1115	1	9781847321183
1116	1	9780007319701
1117	1	9780550105431
1118	1	9780747563204
1119	1	9780007178506
1120	1	9781847321053
1121	1	9780670918898
1122	1	9780007364527
1123	1	9780715330166
1124	1	9780007319299
1125	1	9780600621706
1126	1	9780007248001
1127	1	9780600618584
1128	1	9781847945297
1129	1	9780007281596
1130	1	9780600619727
1131	1	9781844485918
1132	1	9780007250400
1133	1	9780007264483
1134	1	9780399535864
1135	1	9780007305865
1136	1	9780007233267
1137	1	9780600621911
1138	1	9780007222421
1139	1	9780007190102
1140	1	9780330391344
1141	1	9781907332333
1142	1	9780715337721
1143	1	9781907332340
1144	1	9781847323767
1145	1	9780007264490
1146	1	9781584798378
1147	1	9780572029180
1148	1	9780330442831
1149	1	9780740799587
1150	1	9780330412070
1151	1	9781741968200
1152	1	9780955891663
1153	1	9781844002375
1154	1	9780715338391
1155	1	9780007263714
1156	1	9780330432207
1157	1	9780600621218
1158	1	9780091928810
1159	1	9780304362790
1160	1	9781844483945
1161	1	9780600620662
1162	1	9781897106662
1163	1	9780716022589
1164	1	9781843405542
1165	1	9780600622253
1166	1	9780091910426
1167	1	9780007258956
1168	1	9781844421800
1169	1	9781906525293
1170	1	9780470536452
1171	1	9781844480258
1172	1	9780600621249
1173	1	9781408110065
1174	1	9780715336243
1175	1	9781907030192
1176	1	9780340994573
1177	1	9780304357963
1178	1	9780716021964
1179	1	9780751529814
1180	1	9780753515723
1181	1	9780762409747
1182	1	9780007252602
1183	1	9780903505468
1184	1	9780762416714
1185	1	9780747598237
1186	1	9781845335397
1187	1	9781405329057
1188	1	9781405332064
1189	1	9781405342704
1190	1	9781844084630
1191	1	9781405322270
1192	1	9780903505406
1193	1	9780903505673
1194	1	9781847972224
1195	1	9781405313896
1196	1	9781408802496
1197	1	9781846077326
1198	1	9780340953068
1199	1	9780500288474
1200	1	9781845951078
1201	1	9781849015455
1202	1	9781856267779
1203	1	9780141049335
1204	1	9781905862467
1205	1	9780091900380
1206	1	9780500515518
1207	1	9781861085665
1208	1	9781905959198
1209	1	9781846074097
1210	1	9781408811092
1211	1	9781440505980
1212	1	9780903505352
1213	1	9780903505628
1214	1	9780500515259
1215	1	9781858944913
1216	1	9780711227712
1217	1	9780470994481
1218	1	9781856696616
1219	1	9780711226838
1220	1	9781847081469
1221	1	9780007237067
1222	1	9781905862283
1223	1	9781408122303
1224	1	9780500515433
1225	1	9781847735515
1226	1	9781900322454
1227	1	9781844253579
1228	1	9780747807100
1229	1	9781843405689
1230	1	9781849750417
1231	1	9781906525743
1232	1	9780711225367
1233	1	9781856267830
1234	1	9780754817604
1235	1	9781845136048
1236	1	9781849085304
1237	1	9781907030109
1238	1	9781906863012
1239	1	9780099502371
1240	1	9780500514849
1241	1	9780007164424
1242	1	9781845335052
1243	1	9781844900541
1244	1	9781408811085
1245	1	9781907087066
1246	1	9781906525712
1247	1	9781405331265
1248	1	9780711230378
1249	1	9781907339134
1250	1	9781905825073
1251	1	9781846073953
1252	1	9781844256495
1253	1	9781845979157
1254	1	9781843405672
1255	1	9781933415703
1256	1	9780747806578
1257	1	9781847734228
1258	1	9781846074035
1259	1	9781847736659
1260	1	9780007172306
1261	1	9781849750400
1262	1	9781856269292
1263	1	9781843305835
1264	1	9780709051060
1265	1	9780711224797
1266	1	9781848220102
1267	1	9780571272549
1268	1	9781849531016
1269	1	9780091937850
1270	1	9780762437085
1271	1	9780762440092
1272	1	9781444705386
1273	1	9780007389827
1274	1	9781843174806
1275	1	9780902920040
1276	1	9781848091986
1277	1	9780753522653
1278	1	9780811867382
1279	1	9781843174981
1280	1	9780571255986
1281	1	9780330518994
1282	1	9781847673213
1283	1	9781849531023
1284	1	9780762435920
1285	1	9780755360604
1286	1	9780762435753
1287	1	9781849531030
1288	1	9781907595059
1289	1	9780752883069
1290	1	9781843174622
1291	1	9781853757990
1292	1	9780762437078
1293	1	9781843173656
1294	1	9781847399304
1295	1	9780007257775
1296	1	9780571227556
1297	1	9781840246186
1298	1	9781408810248
1299	1	9781841588483
1300	1	9780552775250
1301	1	9780747573906
1302	1	9780593066584
1303	1	9781841589206
1304	1	9780755361700
1305	1	9780141025155
1306	1	9781849010559
1307	1	9780762437061
1308	1	9780141030982
1309	1	9780007155118
1310	1	9780902920835
1311	1	9780141047713
1312	1	9780902920842
1313	1	9781405337465
1314	1	9780752881768
1315	1	9780340998342
1316	1	9781408701973
1317	1	9780007263936
1318	1	9780902920941
1319	1	9781855682702
1320	1	9780952287063
1321	1	9780340786055
1322	1	9780316729536
1323	1	9780007307456
1324	1	9781851687671
1325	1	9780340922798
1326	1	9781840247497
1327	1	9780140279405
1328	1	9780751541748
1329	1	9781840242393
1330	1	9780752848259
1331	1	9781408802458
1332	1	9780330515139
1333	1	9781855682665
1334	1	9780717145416
1335	1	9781849530736
1336	1	9781841495040
1337	1	9780946928019
1338	1	9780141022925
1339	1	9781849340458
1340	1	9780141038490
1341	1	9780571248131
1342	1	9780857201706
1343	1	9781848502185
1344	1	9780486471433
1345	1	9781848502697
1346	1	9780007178575
1347	1	9780340693254
1348	1	9780007299041
1349	1	9781561709069
1350	1	9781846041068
1351	1	9780340829745
1352	1	9780712670579
1353	1	9781904991045
1354	1	9780007379002
1355	1	9781841813615
1356	1	9781848540415
1357	1	9781401915414
1358	1	9780061452574
1359	1	9780752458441
1360	1	9780752456607
1361	1	9781847442611
1362	1	9781401915360
1363	1	9781841813660
1364	1	9780715332023
1365	1	9781401906962
1366	1	9780857201362
1367	1	9781405487993
1368	1	9781846041006
1369	1	9781401918729
1370	1	9781932073201
1371	1	9781858287812
1372	1	9781907486395
1373	1	9780955475726
1374	1	9781844132195
1375	1	9780007133864
1376	1	9781848873681
1377	1	9781843174943
1378	1	9781567184853
1379	1	9781848501898
1380	1	9781401902162
1381	1	9781401923051
1382	1	9781556439216
1383	1	9781847740250
1384	1	9780910261975
1385	1	9781936296064
1386	1	9780712679060
1387	1	9780572036034
1388	1	9780572036027
1389	1	9781401923112
1390	1	9780751364484
1391	1	9780285638037
1392	1	9781848501201
1393	1	9781906015138
1394	1	9781401925536
1395	1	9780712605489
1396	1	9781848501799
1397	1	9781577318910
1398	1	9780749915858
1399	1	9781844830053
1400	1	9780007309962
1401	1	9780141040424
1402	1	9780572036096
1403	1	9780230746893
1404	1	9781844086115
1405	1	9780722539552
1406	1	9780712657594
1407	1	9781594771545
1408	1	9780285632707
1409	1	9781401902339
1410	1	9780553814941
1411	1	9780738718477
1412	1	9781401923327
1413	1	9781848502109
1414	1	9781934708286
1415	1	9781593371098
1416	1	9781841587400
1417	1	9781401916947
1418	1	9780099699415
1419	1	9780553506372
1420	1	9781848501485
1421	1	9780091826406
1422	1	9781848682665
1423	1	9781841813714
1424	1	9780749929213
1425	1	9781844036905
1426	1	9781846079917
1427	1	9780752227535
1428	1	9781904027966
1429	1	9780297863434
1430	1	9781849900133
1431	1	9780297863359
1432	1	9780755360079
1433	1	9780751535662
1434	1	9781901268515
1435	1	9781845431884
1436	1	9780974977904
1437	1	9781905222711
1438	1	9780847834815
1439	1	9781847960184
1440	1	9780007377947
1441	1	9780747548409
1442	1	9780007354108
1443	1	9780470496442
1444	1	9781841154763
1445	1	9780718154462
1446	1	9780007363865
1447	1	9781409103196
1448	1	9781847726193
1449	1	9781409104797
1450	1	9781906002329
1451	1	9781847326638
1452	1	9780755361441
1453	1	9781845966218
1454	1	9781845133665
1455	1	9780330438568
1456	1	9780711961647
1457	1	9781847398451
1458	1	9781906802530
1459	1	9781849381383
1460	1	9780747598503
1461	1	9781846971389
1462	1	9780141038438
1463	1	9781405329811
1464	1	9780755315895
1465	1	9780810991729
1466	1	9781845135966
1467	1	9780753825631
1468	1	9780575403017
1469	1	9780752884028
1470	1	9780452295773
1471	1	9780954706890
1472	1	9780954706883
1473	1	9781405355346
1474	1	9781847081407
1475	1	9780413772794
1476	1	9781408807088
1477	1	9780856408519
1478	1	9780091890278
1479	1	9781844036738
1480	1	9780470386941
1481	1	9780711979963
1482	1	9780062007292
1483	1	9780747544210
1484	1	9783822820018
1485	1	9781906002299
1486	1	9780091898281
1487	1	9780593058114
1488	1	9781847326249
1489	1	9781847671448
1490	1	9781409103455
1491	1	9780852652213
1492	1	9780713673401
1493	1	9781847081278
1494	1	9780340933305
1495	1	9780091928544
1496	1	9781905523832
1497	1	9780956565617
1498	1	9780007393589
1499	1	9780600620525
1500	1	9781841074788
1501	1	9780600621768
1502	1	9780007207718
1503	1	9780007236831
1504	1	9781408128497
1505	1	9780141039022
1506	1	9781405328319
1507	1	9781405330930
1508	1	9781846079566
1509	1	9780956763907
1510	1	9781405488020
1511	1	9780600614388
1512	1	9780340981078
1513	1	9781405359870
1514	1	9780754819523
1515	1	9781405495134
1516	1	9781444101188
1517	1	9780007178520
1518	1	9780340918746
1519	1	9780007327157
1520	1	9780091933302
1521	1	9781842862124
1522	1	9781904760313
1523	1	9781846077791
1524	1	9781405488006
1525	1	9780715338544
1526	1	9780752227115
1527	1	9780565092528
1528	1	9780091933319
1529	1	9781846701542
1530	1	9780751327519
1531	1	9781859749234
1532	1	9780711229051
1533	1	9781904239109
1534	1	9780857330260
1535	1	9780593059678
1536	1	9781903657324
1537	1	9780717146611
1538	1	9780711231924
1539	1	9780553825152
1540	1	9780715331491
1541	1	9781444711400
1542	1	9781847736932
1543	1	9780340943526
1544	1	9781848311510
1545	1	9781905410477
1546	1	9780199568000
1547	1	9781407524443
1548	1	9780004133775
1549	1	9780747596493
1550	1	9781841588476
1551	1	9788854402003
1552	1	9780007280162
1553	1	9780007191710
1554	1	9780954904999
1555	1	9780713688603
1556	1	9781408130742
1557	1	9781405345897
1558	1	9781847736031
1559	1	9781907087035
1560	1	9780715336298
1561	1	9780851779195
1562	1	9780224086707
1563	1	9781844256754
1564	1	9781845333393
1565	1	9781842861004
1566	1	9780007336821
1567	1	9780007274888
1568	1	9780349115054
1569	1	9780571269228
1570	1	9780717148417
1571	1	9780330515115
1572	1	9780571245024
1573	1	9780571249930
1574	1	9781856194990
1575	1	9780330512725
1576	1	9780857382467
1577	1	9780571247349
1578	1	9780571247059
1579	1	9781844164035
1580	1	9780571269259
1581	1	9780224074414
1582	1	9780755346189
1583	1	9780714124612
1584	1	9780571249909
1585	1	9780573040085
1586	1	9780460878319
1587	1	9780140194470
1588	1	9780199561605
1589	1	9780141189963
1590	1	9780007144365
1591	1	9780571260874
1592	1	9780719568503
1593	1	9780413767707
1594	1	9780141192475
1595	1	9780141012292
1596	1	9780571226719
1597	1	9780199536795
1598	1	9780486272665
1599	1	9780330448246
1600	1	9781852245146
1601	1	9781848872851
1602	1	9780752857862
1603	1	9780199536191
1604	1	9780571135868
1605	1	9780571259304
1606	1	9780571259335
1607	1	9781906779887
1608	1	9780141012605
1609	1	9780141182582
1610	1	9780141192420
1611	1	9781904271338
1612	1	9780571089864
1613	1	9781903436592
1614	1	9781408131794
1615	1	9780571237494
1616	1	9780571068944
1617	1	9781848540927
1618	1	9781844674480
1619	1	9781874392682
1620	1	9780330486446
1621	1	9780140268867
1622	1	9780571205219
1623	1	9780199535583
1624	1	9780330464383
1625	1	9780460878081
1626	1	9781853264054
1627	1	9780140449112
1628	1	9781847771230
1629	1	9781849164788
1630	1	9780199539000
1631	1	9781903071274
1632	1	9780007208319
1633	1	9780140444445
1634	1	9781903436080
1635	1	9780199267187
1636	1	9780141014968
1637	1	9781847171481
1638	1	9780571160792
1639	1	9780571225163
1640	1	9780199554225
1641	1	9780140424386
1642	1	9780856463037
1643	1	9780948877919
1644	1	9781906614355
1645	1	9780719568329
1646	1	9780140441291
1647	1	9781849530941
1648	1	9780876858639
1649	1	9780375759345
1650	1	9780571038480
1651	1	9780856408298
1652	1	9780099723509
1653	1	9780571045785
1654	1	9780571233816
1655	1	9780857890313
1656	1	9780552773317
1657	1	9780141045306
1658	1	9781887752930
1659	1	9780099273677
1660	1	9780007414062
1661	1	9781847946416
1662	1	9780192854254
1663	1	9780141040677
1664	1	9781599869353
1665	1	9780141016801
1666	1	9780297847847
1667	1	9780416199253
1668	1	9781846144219
1669	1	9781408809426
1670	1	9781847399144
1671	1	9780199768981
1672	1	9781846682414
1673	1	9781905483686
1674	1	9780393058482
1675	1	9780199585854
1676	1	9780948006708
1677	1	9781907532030
1678	1	9780140455298
1679	1	9780007308842
1680	1	9780970284327
1681	1	9780199742660
1682	1	9780099518495
1683	1	9780140171990
1684	1	9780714119939
1685	1	9780007205301
1686	1	9780712630306
1687	1	9780753515099
1688	1	9780743268097
1689	1	9780091797263
1690	1	9780297855248
1691	1	9781860827099
1692	1	9780007147205
1693	1	9780670916160
1694	1	9784770026125
1695	1	9781405318204
1696	1	9780141039497
1697	1	9780340979334
1698	1	9781845950675
1699	1	9780140441314
1700	1	9780550100313
1701	1	9781853264825
1702	1	9781846141737
1703	1	9781847171047
1704	1	9781848660595
1705	1	9780349112985
1706	1	9781845962401
1707	1	9781405353335
1708	1	9781848091207
1709	1	9781847920645
1710	1	9780717148363
1711	1	9780753826188
1712	1	9781847378835
1713	1	9780552154888
1714	1	9780199535712
1715	1	9780281059270
1716	1	9780199535767
1717	1	9781444105124
1718	1	9781848872004
1719	1	9780099503095
1720	1	9780553820072
1721	1	9781849540308
1722	1	9780415327732
1723	1	9780007284290
1724	1	9781846140846
1725	1	9780233002750
1726	1	9780552159470
1727	1	9780297845621
1728	1	9780571066247
1729	1	9780141015057
1730	1	9780691143736
1731	1	9780300168051
1732	1	9780230289994
1733	1	9780753828526
1734	1	9780415663953
1735	1	9780273695165
1736	1	9780593056295
1737	1	9781405248365
1738	1	9781844009367
1739	1	9781444001419
1740	1	9781846143038
1741	1	9780141024530
1742	1	9781846683954
1743	1	9781846142574
1744	1	9780670919406
1745	1	9780762437641
1746	1	9780749567163
1747	1	9780141333199
1748	1	9780857080455
1749	1	9780091921668
1750	1	9781846688911
1751	1	9781405344418
1752	1	9780273725565
1753	1	9781846680687
1754	1	9780115531279
1755	1	9780755360208
1756	1	9780007107926
1757	1	9780273716860
1758	1	9780749562755
1759	1	9781409301790
1760	1	9780115530913
1761	1	9780470697573
1762	1	9781444100921
1763	1	9781905264773
1764	1	9780749453084
1765	1	9780956488701
1766	1	9780273744016
1767	1	9781844551774
1768	1	9780091939496
1769	1	9780141008615
1770	1	9780955215933
1771	1	9780077129934
1772	1	9781907184505
1773	1	9780749453039
1774	1	9781841613512
1775	1	9780749456887
1776	1	9780955330810
1777	1	9781845280208
1778	1	9780273724650
1779	1	9780857200280
1780	1	9780273736356
1781	1	9781843264576
1782	1	9780115529047
1783	1	9780755360703
1784	1	9781402759550
1785	1	9780077121808
1786	1	9780192782441
1787	1	9781844551781
1788	1	9781844901104
1789	1	9780007346776
1790	1	9780091884635
1791	1	9781416926382
1792	1	9781844900725
1793	1	9780749941031
1794	1	9780349121895
1795	1	9780099505570
1796	1	9781844036141
1797	1	9780099509349
1798	1	9781843174110
1799	1	9780434020966
1800	1	9780141031484
1801	1	9781846079597
1802	1	9781426203459
1803	1	9781844132393
1804	1	9781843173922
1805	1	9781844544615
1806	1	9780007382330
1807	1	9781580463706
1808	1	9780571235773
1809	1	9780435232818
1810	1	9780007318698
1811	1	9780198614258
1812	1	9781870192972
1813	1	9780141182858
1814	1	9780550106933
1815	1	9781846683893
1816	1	9780199289103
1817	1	9781841583679
1818	1	9780007274659
1819	1	9781847621399
1820	1	9780199532957
1821	1	9781841157740
1822	1	9780141038544
1823	1	9780007284498
1824	1	9780340829936
1825	1	9780340918777
1826	1	9780199587742
1827	1	9780141039565
1828	1	9780099458203
1829	1	9780199535668
1830	1	9780199237173
1831	1	9780099437093
1832	1	9780340994658
1833	1	9780863888007
1834	1	9781405353366
1835	1	9780141044446
1836	1	9780752894225
1837	1	9780425237397
1838	1	9780263885286
1839	1	9780099550983
1840	1	9781849014793
1841	1	9780755358892
1842	1	9780749942908
1843	1	9781849014809
1844	1	9780099538837
1845	1	9780099800408
1846	1	9780749928889
1847	1	9781849014847
1848	1	9780451231505
1849	1	9780749953782
1850	1	9781416580942
1851	1	9780330323499
1852	1	9780263878325
1853	1	9780006498865
1854	1	9780007361502
1855	1	9780099294719
1856	1	9780141442303
1857	1	9780061894572
1858	1	9780752858913
1859	1	9780099710011
1860	1	9780755332526
1861	1	9780752898865
1862	1	9780273740568
1863	1	9780312381837
1864	1	9780755349616
1865	1	9781408478431
1866	1	9780263878516
1867	1	9780263870855
1868	1	9780099415282
1869	1	9780006513223
1870	1	9780263877212
1871	1	9780263874686
1872	1	9780349400044
1873	1	9780330427128
1874	1	9780751544503
1875	1	9780749952624
1876	1	9780007425013
1877	1	9780263872316
1878	1	9780230713918
1879	1	9780751543612
1880	1	9780552156806
1881	1	9780749952570
1882	1	9780263888300
1883	1	9780778303060
1884	1	9781408225820
1885	1	9781906462048
1886	1	9780263875225
1887	1	9780749908874
1888	1	9780099514671
1889	1	9780330511001
1890	1	9780312947927
1891	1	9780749937720
1892	1	9780749937225
1893	1	9780099538776
1894	1	9780446406932
1895	1	9780061491016
1896	1	9780749938666
1897	1	9780552156714
1898	1	9780749942816
1899	1	9780749953041
1900	1	9780263867312
1901	1	9780060781583
1902	1	9780575085503
1903	1	9780440242970
1904	1	9780749942397
1905	1	9780263867404
1906	1	9780749937331
1907	1	9780141032948
1908	1	9780778304067
1909	1	9780330369572
1910	1	9780263867251
1911	1	9780140270778
1912	1	9780007265947
1913	1	9780752837147
1914	1	9780340125083
1915	1	9780552150316
1916	1	9780099505792
1917	1	9780061470820
1918	1	9780312947934
1919	1	9780263878608
1920	1	9780312947941
1921	1	9780263877021
1922	1	9780749936570
1923	1	9780312945817
1924	1	9781845022846
1925	1	9780749937195
1926	1	9780749942809
1927	1	9780263875249
1928	1	9781907690082
1929	1	9780263878509
1930	1	9781849010429
1931	1	9780425231975
1932	1	9780099439967
1933	1	9780263858402
1934	1	9780263865837
1935	1	9781444110883
1936	1	9781906096083
1937	1	9780749909604
1938	1	9780575076013
1939	1	9780575098152
1940	1	9780749953515
1941	1	9780007302291
1942	1	9780261102217
1943	1	9781841499130
1944	1	9780575077010
1945	1	9780575097117
1946	1	9781844168842
1947	1	9781841499239
1948	1	9780007376094
1949	1	9781841497402
1950	1	9780575082489
1951	1	9780575099548
1952	1	9781844168965
1953	1	9780575100916
1954	1	9780575084780
1955	1	9781846079832
1956	1	9780006479888
1957	1	9781849013031
1958	1	9780415599115
1959	1	9780273733652
1960	1	9780330355667
1961	1	9781591391104
1962	1	9781841499727
1963	1	9781841499611
1964	1	9781849700047
1965	1	9780755352586
1966	1	9780749941789
1967	1	9780575091054
1968	1	9781841499741
1969	1	9781841497129
1970	1	9781841491653
1971	1	9780007264728
1972	1	9780575096400
1973	1	9780007276165
1974	1	9781849013185
1975	1	9780778303572
1976	1	9781857231380
1977	1	9780553819205
1978	1	9781444700671
1979	1	9781857230277
1980	1	9781849700115
1981	1	9780552156639
1982	1	9780261102736
1983	1	9781841498126
1984	1	9780330340328
1985	1	9780330507882
1986	1	9781444706529
1987	1	9780141195988
1988	1	9781906659233
1989	1	9781844549290
1990	1	9780099542742
1991	1	9780099533221
1992	1	9781439167823
1993	1	9780349400099
1994	1	9780552134644
1995	1	9781844168224
1996	1	9780755322824
1997	1	9781841497396
1998	1	9780552131070
1999	1	9781841493503
