book	christianbook	isbn_13
2000	2000	2000	2000
0000	1	9781602600157
0001	1	9781602600140
0002	1	9781602600638
0003	1	9781400073979
0004	1	9780764203916
0005	1	9781593100773
0006	1	9781601421128
0007	1	9781591451884
0008	1	9780736929684
0009	1	9780800733865
0010	1	9780310327899
0011	1	9781597897068
0012	1	9780830730858
0013	1	9781593106324
0014	1	9781414337968
0015	1	9780802473158
0016	1	9780310320746
0017	1	9780736926997
0018	1	9780784719244
0019	1	9780800719128
0020	1	9781597896962
0021	1	9780842379427
0022	1	9780849921391
0023	1	9781595548245
0024	1	9781586609276
0025	1	9780800785994
0026	1	9781595540096
0027	1	9780736925877
0028	1	9781433511769
0029	1	9781414333076
0030	1	9780736919241
0031	1	9781601420565
0032	1	9780830718986
0033	1	9780310246046
0034	1	9780764205132
0035	1	9781400072002
0036	1	9780310259824
0037	1	9781597899895
0038	1	9781400313013
0039	1	9780892214914
0040	1	9780825439353
0041	1	9780882708522
0042	1	9780830817788
0043	1	9780785250265
0044	1	9780515090260
0045	1	9781418533342
0046	1	9781595544599
0047	1	9781414303352
0048	1	9781418500290
0049	1	9781581341751
0050	1	9781414320519
0051	1	9780570075639
0052	1	9780764227752
0053	1	9780310218050
0054	1	9780800794088
0055	1	9780784718421
0056	1	9781595544391
0057	1	9780830831371
0058	1	9780310224587
0059	1	9781434700582
0060	1	9780802827296
0061	1	9781590525852
0062	1	9780899571522
0063	1	9780801072161
0064	1	9781400202256
0065	1	9781564761309
0066	1	9781434799807
0067	1	9781414301341
0068	1	9780892216963
0069	1	9780849942136
0070	1	9780307457615
0071	1	9780805464801
0072	1	9781933106816
0073	1	9780800756178
0074	1	9780801038600
0075	1	9781581348095
0076	1	9780310214656
0077	1	9780156329309
0078	1	9781932941272
0079	1	9780744137323
0080	1	9780764208713
0081	1	9781589974340
0082	1	9780310227779
0083	1	9780060698652
0084	1	9780830825769
0085	1	9780310228813
0086	1	9789900732211
0087	1	9780877849858
0088	1	9781581820676
0089	1	9780849953248
0090	1	9780310252900
0091	1	9781579249304
0092	1	9780802487841
0093	1	9781434766304
0094	1	9780849958496
0095	1	9780470188972
0096	1	9781414308128
0097	1	9780849945182
0098	1	9780785287988
0099	1	9780764203404
0100	1	9780825439391
0101	1	9780736927888
0102	1	9781590524510
0103	1	9780446532129
0104	1	9780802407627
0105	1	9781578566822
0106	1	9780310231929
0107	1	9780764229930
0108	1	9780764206924
0109	1	9781400280315
0110	1	9781581346237
0111	1	9780801022999
0112	1	9780883688151
0113	1	9781595551108
0114	1	9780764229923
0115	1	9780830812585
0116	1	9780310706540
0117	1	9781602650091
0118	1	9780310326199
0119	1	9780060652388
0120	1	9780486275505
0121	1	9780736925204
0122	1	9780842335522
0123	1	9780310250630
0124	1	9781414310619
0125	1	9780310283508
0126	1	9780785281115
0127	1	9780570051671
0128	1	9780764207914
0129	1	9781589970434
0130	1	9780802837271
0131	1	9780800733100
0132	1	9780310226468
0133	1	9780825433245
0134	1	9780486415864
0135	1	9780801068140
0136	1	9780800719197
0137	1	9781433501302
0138	1	9780830830145
0139	1	9780830745876
0140	1	9781560438236
0141	1	9780849951305
0142	1	9780883685334
0143	1	9780801072796
0144	1	9780785289234
0145	1	9781590525913
0146	1	9781415858950
0147	1	9781404103030
0148	1	9780915134939
0149	1	9780446691260
0150	1	9780736912617
0151	1	9780899224954
0152	1	9780061493256
0153	1	9781599795911
0154	1	9781414300580
0155	1	9780310293019
0156	1	9781598562521
0157	1	9781590525937
0158	1	9780806614397
0159	1	9781581348477
0160	1	9781581344394
0161	1	9780849934025
0162	1	9781602609679
0163	1	9780764204654
0164	1	9780830823222
0165	1	9781602602687
0166	1	9780802806277
0167	1	9780785277477
0168	1	9780764229435
0169	1	9780060791285
0170	1	9780764203824
0171	1	9780764204791
0172	1	9780802463821
0173	1	9781885904195
0174	1	9781598562286
0175	1	9780830810970
0176	1	9781581347838
0177	1	9781418510138
0178	1	9781418541873
0179	1	9781609360078
0180	1	9781590529324
0181	1	9781565075115
0182	1	9780830752362
0183	1	9780745917436
0184	1	9780805401189
0185	1	9781434767448
0186	1	9780736902083
0187	1	9781602601765
0188	1	9780830837267
0189	1	9780802825292
0190	1	9780825434754
0191	1	9780781430746
0192	1	9780802829559
0193	1	9780851519739
0194	1	9780842375221
0195	1	9780802482273
0196	1	9780802413666
0197	1	9781595546852
0198	1	9780736919258
0199	1	9780764207556
0200	1	9781404187801
0201	1	9780830745173
0202	1	9781434764218
0203	1	9781414323602
0204	1	9780785249689
0205	1	9780830736973
0206	1	9781934770818
0207	1	9781595544445
0208	1	9780310233145
0209	1	9780764205651
0210	1	9781400316434
0211	1	9780736907910
0212	1	9780801065422
0213	1	9780307457622
0214	1	9780802431547
0215	1	9781586093846
0216	1	9780800759223
0217	1	9780310232551
0218	1	9781418533373
0219	1	9780801064395
0220	1	9780736927710
0221	1	9780307457585
0222	1	9780891074885
0223	1	9780310333616
0224	1	9780764223310
0225	1	9780664501808
0226	1	9780764228285
0227	1	9780310249221
0228	1	9780830823864
0229	1	9780882702209
0230	1	9780830821686
0231	1	9780801066221
0232	1	9780373828388
0233	1	9780785268406
0234	1	9780310712558
0235	1	9780849954078
0236	1	9781883937218
0237	1	9781433512032
0238	1	9780736916097
0239	1	9781581346565
0240	1	9781595545770
0241	1	9780758606372
0242	1	9780842332309
0243	1	9780801031991
0244	1	9780883684399
0245	1	9781601421289
0246	1	9780446581950
0247	1	9780802471635
0248	1	9780825434761
0249	1	9781616260965
0250	1	9780764201950
0251	1	9781400316205
0252	1	9780758614155
0253	1	9780310326014
0254	1	9780310332626
0255	1	9780915134946
0256	1	9780781444477
0257	1	9781400202768
0258	1	9780310493402
0259	1	9780785268185
0260	1	9780830743841
0261	1	9780899572987
0262	1	9780825429125
0263	1	9781600063039
0264	1	9780764203091
0265	1	9780310250968
0266	1	9780849945205
0267	1	9781935416180
0268	1	9780307457738
0269	1	9780570075585
0270	1	9780310213383
0271	1	9781595547316
0272	1	9781589973022
0273	1	9780830738137
0274	1	9780849900068
0275	1	9780830865420
0276	1	9781581342819
0277	1	9780801096853
0278	1	9781602604070
0279	1	9781936143009
0280	1	9780736924245
0281	1	9781598561616
0282	1	9780764223419
0283	1	9780310257714
0284	1	9781603740197
0285	1	9780805448412
0286	1	9780805430813
0287	1	9780310718000
0288	1	9780842370882
0289	1	9780802441577
0290	1	9780849942174
0291	1	9780849908163
0292	1	9780802412867
0293	1	9780914936381
0294	1	9780849914805
0295	1	9780446580359
0296	1	9780687081189
0297	1	9780736927239
0298	1	9780849953200
0299	1	9781414325439
0300	1	9780764221965
0301	1	9781414331720
0302	1	9781935170006
0303	1	9780805447804
0304	1	9780486474915
0305	1	9780736927604
0306	1	9781591453314
0307	1	9780802825025
0308	1	9781934564004
0309	1	9780892760039
0310	1	9780758604071
0311	1	9780570075615
0312	1	9780830814237
0313	1	9780736922906
0314	1	9780393059748
0315	1	9781564767905
0316	1	9781616260309
0317	1	9781581348453
0318	1	9781416927839
0319	1	9781596692244
0320	1	9780802447784
0321	1	9780800719425
0322	1	9780310707387
0323	1	9780395645666
0324	1	9780736928304
0325	1	9781600060274
0326	1	9781598563160
0327	1	9780972697705
0328	1	9780830746903
0329	1	9781400301263
0330	1	9780310232490
0331	1	9780310713487
0332	1	9781590524701
0333	1	9781565638136
0334	1	9780801031014
0335	1	9780849942983
0336	1	9780310711438
0337	1	9780744198706
0338	1	9780877849919
0339	1	9780891099413
0340	1	9780802450609
0341	1	9781564767028
0342	1	9780802404411
0343	1	9780802837363
0344	1	9780736911795
0345	1	9780764221842
0346	1	9781418526443
0347	1	9780736928953
0348	1	9780736926737
0349	1	9780373443949
0350	1	9780310241386
0351	1	9780310278702
0352	1	9780310228837
0353	1	9781400202591
0354	1	9781595541208
0355	1	9780800794910
0356	1	9781595545251
0357	1	9780758607959
0358	1	9781414326276
0359	1	9780007130955
0360	1	9780805418392
0361	1	9781597899901
0362	1	9780824948252
0363	1	9780849920196
0364	1	9781400314416
0365	1	9780310320791
0366	1	9781593109240
0367	1	9780830825448
0368	1	9780452296619
0369	1	9781400202751
0370	1	9781400280339
0371	1	9780486275451
0372	1	9780310448815
0373	1	9780802439758
0374	1	9781434766342
0375	1	9780882706306
0376	1	9781418500054
0377	1	9780802464613
0378	1	9780800732974
0379	1	9781602604933
0380	1	9780764205699
0381	1	9780394865706
0382	1	9780824519865
0383	1	9780830818785
0384	1	9781576738993
0385	1	9780849939495
0386	1	9780310208068
0387	1	9780764204647
0388	1	9780310309406
0389	1	9780784711835
0390	1	9781930092204
0391	1	9781590525425
0392	1	9780825431869
0393	1	9780899572215
0394	1	9781414313047
0395	1	9780310265108
0396	1	9780061231650
0397	1	9780802453051
0398	1	9780310701521
0399	1	9781433503139
0400	1	9780849921490
0401	1	9781603741224
0402	1	9780802825018
0403	1	9780310498711
0404	1	9781601422057
0405	1	9780801026683
0406	1	9781578565382
0407	1	9780801063930
0408	1	9781587431937
0409	1	9780785260448
0410	1	9785550047491
0411	1	9780890511589
0412	1	9781932096095
0413	1	9781414333816
0414	1	9780768424447
0415	1	9781581349092
0416	1	9780830828074
0417	1	9780801066023
0418	1	9780892760046
0419	1	9780310707806
0420	1	9780310714941
0421	1	9781602601536
0422	1	9780736910682
0423	1	9781578562992
0424	1	9780764205934
0425	1	9781565070752
0426	1	9780830831272
0427	1	9780785263753
0428	1	9780805445510
0429	1	9781581340280
0430	1	9780787996833
0431	1	9780310262862
0432	1	9781576831878
0433	1	9780805410938
0434	1	9780830830008
0435	1	9780787986735
0436	1	9780802458407
0437	1	9781595541864
0438	1	9780736922531
0439	1	9781418500276
0440	1	9780842382120
0441	1	9781439136157
0442	1	9780825439148
0443	1	9781434764959
0444	1	9781591451549
0445	1	9780310235927
0446	1	9781595548788
0447	1	9780805448863
0448	1	9781602609587
0449	1	9780664225568
0450	1	9781597896412
0451	1	9781562922146
0452	1	9780310246602
0453	1	9780310500704
0454	1	9780310256588
0455	1	9780310262121
0456	1	9780830747924
0457	1	9780310280460
0458	1	9780830823581
0459	1	9780310250678
0460	1	9781416579021
0461	1	9781880226353
0462	1	9780310284925
0463	1	9781414310589
0464	1	9781404186736
0465	1	9780883686522
0466	1	9780785264170
0467	1	9780743225502
0468	1	9780802829481
0469	1	9781603741125
0470	1	9781416544845
0471	1	9780688144050
0472	1	9780825463044
0473	1	9781580891752
0474	1	9781595551443
0475	1	9780142500811
0476	1	9780884197256
0477	1	9781556352447
0478	1	9781841272948
0479	1	9789702208570
0480	1	9780736303538
0481	1	9781594151996
0482	1	9780809166886
0483	1	9781857928730
0484	1	9780809123308
0485	1	9781932717020
0486	1	9780980183108
0487	1	9780375812088
0488	1	9780781448918
0489	1	9780830828975
0490	1	9781414106632
0491	1	9780687087570
0492	1	9780809116690
0493	1	9780060674113
0494	1	9780395881224
0495	1	9780060750664
0496	1	9780399242335
0497	1	9781414337753
0498	1	9781570754418
0499	1	9780141399256
0500	1	9781845074951
0501	1	9780395417959
0502	1	9780806657721
0503	1	9781597525015
0504	1	9781594711954
0505	1	9781400073825
0506	1	9780731512998
0507	1	9780758611000
0508	1	9780981504902
0509	1	9780687065806
0510	1	9781893732698
0511	1	9780814621455
0512	1	9780852344972
0513	1	9780060621513
0514	1	9781586172619
0515	1	9781589830721
0516	1	9781577949664
0517	1	9781880266415
0518	1	9780687649730
0519	1	9781579214777
0520	1	9780829756760
0521	1	9780785260905
0522	1	9780825410666
0523	1	9780884195450
0524	1	9780310330974
0525	1	9780547279381
0526	1	9781556354823
0527	1	9780310242819
0528	1	9780880708357
0529	1	9780805063844
0530	1	9780851513515
0531	1	9781934068304
0532	1	9781556359248
0533	1	9780448095561
0534	1	9780875526485
0535	1	9780664225735
0536	1	9781606472187
0537	1	9781604777420
0538	1	9781579218690
0539	1	9780851514703
0540	1	9781591603580
0541	1	9780800635701
0542	1	9780687038145
0543	1	9780545223126
0544	1	9780758613042
0545	1	9781595547538
0546	1	9780881443493
0547	1	9780664227722
0548	1	9780867168808
0549	1	9780756671716
0550	1	9780307459510
0551	1	9780870837876
0552	1	9781601780324
0553	1	9780687642489
0554	1	9781606041888
0555	1	9781591602149
0556	1	9781846251467
0557	1	9780691119625
0558	1	9781414115399
0559	1	9780687022144
0560	1	9780570053811
0561	1	9780802830210
0562	1	9780829757750
0563	1	9788482675725
0564	1	9780899000688
0565	1	9781881545880
0566	1	9780198642138
0567	1	9780140433166
0568	1	9780800637064
0569	1	9780142416051
0570	1	9780827225145
0571	1	9780834122826
0572	1	9780064431439
0573	1	9780736916189
0574	1	9781400313631
0575	1	9780310265955
0576	1	9780800718800
0577	1	9780890815106
0578	1	9780849934032
0579	1	9780064409391
0580	1	9780830832873
0581	1	9780800733780
0582	1	9781593102050
0583	1	9780805494709
0584	1	9781434767851
0585	1	9780805448238
0586	1	9780892215874
0587	1	9780825473883
0588	1	9781416953623
0589	1	9780814633434
0590	1	9780814660676
0591	1	9780824965204
0592	1	9781932012941
0593	1	9780814659304
0594	1	9781591855163
0595	1	9781420829761
0596	1	9780824524401
0597	1	9781606570418
0598	1	9780809138951
0599	1	9780825434310
0600	1	9780849902321
0601	1	9780870835919
0602	1	9781606474822
0603	1	9781608993604
0604	1	9781594672989
0605	1	9780768428384
0606	1	9780802814289
0607	1	9781846251610
0608	1	9780865544635
0609	1	9780618646456
0610	1	9780547238630
0611	1	9781597528283
0612	1	9780687044696
0613	1	9780852344897
0614	1	9780825427596
0615	1	9780802462510
0616	1	9781594712234
0617	1	9781593577407
0618	1	9780687646227
0619	1	9781599790541
0620	1	9781414100319
0621	1	9781414301440
0622	1	9780310218098
0623	1	9780140445367
0624	1	9781928915720
0625	1	9780806697291
0626	1	9780395837337
0627	1	9781414103945
0628	1	9780814653692
0629	1	9780800662585
0630	1	9781581344349
0631	1	9780684020686
0632	1	9780851513690
0633	1	9781405160261
0634	1	9781579218751
0635	1	9781853119712
0636	1	9780310292234
0637	1	9781442407930
0638	1	9780395698655
0639	1	9780768431193
0640	1	9781565481237
0641	1	9780802864970
0642	1	9780806670171
0643	1	9781589830813
0644	1	9781599791982
0645	1	9780736914741
0646	1	9780825412486
0647	1	9780687091140
0648	1	9780618432288
0649	1	9780898707533
0650	1	9780465002511
0651	1	9780664223922
0652	1	9781575067018
0653	1	9780743250016
0654	1	9781935096030
0655	1	9780825438424
0656	1	9780743292436
0657	1	9780814630556
0658	1	9780664236991
0659	1	9780694016600
0660	1	9780817013424
0661	1	9780375833700
0662	1	9780825409455
0663	1	9781935416289
0664	1	9780824918361
0665	1	9781592578078
0666	1	9781557250216
0667	1	9780802809940
0668	1	9781602855427
0669	1	9780806651354
0670	1	9781857925852
0671	1	9780851517728
0672	1	9781604777949
0673	1	9781935265054
0674	1	9780801480560
0675	1	9780800660178
0676	1	9780753457566
0677	1	9780800628987
0678	1	9780448453453
0679	1	9780380977758
0680	1	9781593697594
0681	1	9781593697884
0682	1	9780061142505
0683	1	9781857925814
0684	1	9780785228103
0685	1	9780310241874
0686	1	9780310321965
0687	1	9781595546135
0688	1	9780310712152
0689	1	9780842353083
0690	1	9780800733261
0691	1	9780849906992
0692	1	9781602604551
0693	1	9781414329734
0694	1	9780736923996
0695	1	9781590522059
0696	1	9780525951902
0697	1	9781582294735
0698	1	9780691019406
0699	1	9781416556848
0700	1	9780852346778
0701	1	9780834192089
0702	1	9780817013325
0703	1	9781558745667
0704	1	9781558743816
0705	1	9780553381221
0706	1	9781423143277
0707	1	9781594152283
0708	1	9780809139163
0709	1	9791580510744
0710	1	9780829817973
0711	1	9780451171351
0712	1	9780870838057
0713	1	9781845506155
0714	1	9780687652839
0715	1	9780785223191
0716	1	9781557095251
0717	1	9780825424922
0718	1	9780829750263
0719	1	9780865546776
0720	1	9780883689912
0721	1	9780060885434
0722	1	9780803733305
0723	1	9780375725654
0724	1	9780425217238
0725	1	9780764224706
0726	1	9781933919010
0727	1	9780736937023
0728	1	9780817012625
0729	1	9781594152399
0730	1	9781439143605
0731	1	9780618002245
0732	1	9780060647445
0733	1	9781597524162
0734	1	9781602604032
0735	1	9780310279211
0736	1	9780785228134
0737	1	9781594711169
0738	1	9781566990448
0739	1	9780140423822
0740	1	9781602853935
0741	1	9781556359125
0742	1	9780800662080
0743	1	9781564272546
0744	1	9780801027703
0745	1	9780394758558
0746	1	9781561485918
0747	1	9780870839375
0748	1	9780853649045
0749	1	9781556352041
0750	1	9781570758737
0751	1	9781597528061
0752	1	9780834116580
0753	1	9780824524517
0754	1	9780801026584
0755	1	9781857925913
0756	1	9780525422105
0757	1	9780664229177
0758	1	9780806638447
0759	1	9781594711138
0760	1	9780448095080
0761	1	9780753462522
0762	1	9781616381783
0763	1	9780687466597
0764	1	9780664226886
0765	1	9780784719329
0766	1	9780829421187
0767	1	9780023250927
0768	1	9780801027659
0769	1	9781878405135
0770	1	9780664228804
0771	1	9781556355448
0772	1	9780972842549
0773	1	9780824968298
0774	1	9780802816047
0775	1	9780802448620
0776	1	9781416595472
0777	1	9780834124462
0778	1	9780753462553
0779	1	9781880689080
0780	1	9780982702253
0781	1	9780395390368
0782	1	9781932350173
0783	1	9780631234234
0784	1	9780849903953
0785	1	9780664234331
0786	1	9780448444215
0787	1	9780547210759
0788	1	9781602478077
0789	1	9781599799841
0790	1	9780310266280
0791	1	9780310320814
0792	1	9781602601062
0793	1	9780764293603
0794	1	9781616381479
0795	1	9780764201523
0796	1	9780892764068
0797	1	9781418509446
0798	1	9780802408235
0799	1	9781414320472
0800	1	9781414316161
0801	1	9780840762078
0802	1	9781418527631
0803	1	9781434766328
0804	1	9780882703800
0805	1	9781603742160
0806	1	9780802465795
0807	1	9780784722954
0808	1	9780736926546
0809	1	9781587431647
0810	1	9780830835133
0811	1	9781933376196
0812	1	9780809102457
0813	1	9780825460890
0814	1	9780829416527
0815	1	9780890848289
0816	1	9781857927245
0817	1	9780916206918
0818	1	9780843133196
0819	1	9781599792408
0820	1	9780743244510
0821	1	9781557091758
0822	1	9781934363591
0823	1	9781857927092
0824	1	9781845074036
0825	1	9781556350719
0826	1	9780547053585
0827	1	9781576584071
0828	1	9780849919855
0829	1	9780875527390
0830	1	9781602582644
0831	1	9780545215770
0832	1	9781439148297
0833	1	9780800627744
0834	1	9780307444684
0835	1	9780375810992
0836	1	9780687054466
0837	1	9780801494093
0838	1	9780784716045
0839	1	9780834191341
0840	1	9780884195238
0841	1	9780399241987
0842	1	9780061799099
0843	1	9781591855514
0844	1	9781573229890
0845	1	9780689876752
0846	1	9780316070164
0847	1	9781606472750
0848	1	9780826428745
0849	1	9780061927072
0850	1	9780567088505
0851	1	9780829420081
0852	1	9780829744576
0853	1	9781400073597
0854	1	9780805440195
0855	1	9780881460940
0856	1	9781599790466
0857	1	9789781598722
0858	1	9780547481050
0859	1	9780785289296
0860	1	9781616380021
0861	1	9781885358714
0862	1	9780784729311
0863	1	9781572931923
0864	1	9780310402206
0865	1	9781599790916
0866	1	9780800697839
0867	1	9780687492978
0868	1	9781572309876
0869	1	9780800637897
0870	1	9780825460739
0871	1	9780801027079
0872	1	9780829710137
0873	1	9781594711015
0874	1	9780899009445
0875	1	9780870612480
0876	1	9780787947910
0877	1	9780448095455
0878	1	9780825424847
0879	1	9780756656898
0880	1	9781599331218
0881	1	9781606080849
0882	1	9780756631017
0883	1	9780827206380
0884	1	9780802826992
0885	1	9780618040315
0886	1	9781573120029
0887	1	9780801024481
0888	1	9781599793726
0889	1	9781596692008
0890	1	9781597529594
0891	1	9781585477500
0892	1	9780142196250
0893	1	9780883685389
0894	1	9780618065707
0895	1	9780448453736
0896	1	9780978571184
0897	1	9780830833313
0898	1	9780545208222
0899	1	9781599794822
0900	1	9780395150825
0901	1	9781557255778
0902	1	9780875527109
0903	1	9789875570771
0904	1	9780399536113
0905	1	9780310246992
0906	1	9780310249177
0907	1	9780310234180
0908	1	9780891126386
0909	1	9781594152177
0910	1	9781416996248
0911	1	9781606475928
0912	1	9780375831089
0913	1	9781606475034
0914	1	9781840301076
0915	1	9781845504137
0916	1	9780805401776
0917	1	9780060688240
0918	1	9780310280491
0919	1	9780830738502
0920	1	9780824947019
0921	1	9780802401434
0922	1	9780394856391
0923	1	9780310392811
0924	1	9781418526375
0925	1	9780896933804
0926	1	9781414320458
0927	1	9780486407869
0928	1	9780802471369
0929	1	9780835899420
0930	1	9780936083131
0931	1	9780936083094
0932	1	9780687343348
0933	1	9780806651347
0934	1	9780061430725
0935	1	9780875525105
0936	1	9781416584063
0937	1	9780785288305
0938	1	9780664250256
0939	1	9780825413926
0940	1	9781414116778
0941	1	9780830816415
0942	1	9780981764344
0943	1	9781857921595
0944	1	9781402732607
0945	1	9780875527161
0946	1	9780879070120
0947	1	9780618127245
0948	1	9781845500344
0949	1	9780547053462
0950	1	9780618852819
0951	1	9781933662039
0952	1	9781573581431
0953	1	9780140186390
0954	1	9780764811012
0955	1	9780794419851
0956	1	9780805447330
0957	1	9781591280491
0958	1	9780830833658
0959	1	9780670062676
0960	1	9780976514275
0961	1	9781558740709
0962	1	9781846251740
0963	1	9780316005104
0964	1	9780753464106
0965	1	9780664226305
0966	1	9780824967130
0967	1	9780310327455
0968	1	9781606570586
0969	1	9781555681838
0970	1	9780671722968
0971	1	9781935096535
0972	1	9780881461008
0973	1	9780814652169
0974	1	9781416599067
0975	1	9781586172985
0976	1	9780156006187
0977	1	9780310291985
0978	1	9780061493164
0979	1	9781585679980
0980	1	9781594711091
0981	1	9780140441635
0982	1	9780835899451
0983	1	9781606083161
0984	1	9781590172919
0985	1	9780394800851
0986	1	9781591857167
0987	1	9780962889820
0988	1	9781570917165
0989	1	9780743255325
0990	1	9780785281665
0991	1	9780687005635
0992	1	9780830745326
0993	1	9781581580488
0994	1	9781903087428
0995	1	9780567081674
0996	1	9781416950486
0997	1	9780395182307
0998	1	9780825412479
0999	1	9781599794488
1000	1	9781598692754
1001	1	9780882707693
1002	1	9780385036436
1003	1	9781606471326
1004	1	9781903087671
1005	1	9780687026357
1006	1	9781599953144
1007	1	9781414113463
1008	1	9781932805307
1009	1	9780395549490
1010	1	9780979322792
1011	1	9781400278039
1012	1	9780140440928
1013	1	9781576836217
1014	1	9780830828241
1015	1	9781433515828
1016	1	9780375728273
1017	1	9780881132526
1018	1	9781582294476
1019	1	9780879075255
1020	1	9781579217044
1021	1	9780785209614
1022	1	9780977768547
1023	1	9781580890762
1024	1	9780802807809
1025	1	9780829757286
1026	1	9780843111514
1027	1	9780723264347
1028	1	9781599950747
1029	1	9781593171810
1030	1	9781599791432
1031	1	9780060834494
1032	1	9780570094845
1033	1	9781580892124
1034	1	9780825478246
1035	1	9780802845610
1036	1	9781845503901
1037	1	9780753458099
1038	1	9780978656775
1039	1	9780310221364
1040	1	9781414320632
1041	1	9781414111995
1042	1	9781556355684
1043	1	9781573122832
1044	1	9781589976306
1045	1	9780871484543
1046	1	9781414333144
1047	1	9780825409417
1048	1	9780373786596
1049	1	9781845502881
1050	1	9780849935206
1051	1	9780310271543
1052	1	9780843121001
1053	1	9780830746811
1054	1	9780310326083
1055	1	9780802864635
1056	1	9780802469977
1057	1	9780825439117
1058	1	9780310256595
1059	1	9780310278832
1060	1	9781857921168
1061	1	9780883682913
1062	1	9780801012853
1063	1	9781596692947
1064	1	9781599795683
1065	1	9780687001132
1066	1	9780061947032
1067	1	9780801027178
1068	1	9781845070557
1069	1	9780687037742
1070	1	9780825416002
1071	1	9780448405605
1072	1	9781591858720
1073	1	9780802809711
1074	1	9781853118609
1075	1	9780664256562
1076	1	9781558745025
1077	1	9780448436968
1078	1	9781602850026
1079	1	9781594712494
1080	1	9780899578163
1081	1	9780570071310
1082	1	9780679815907
1083	1	9780373875856
1084	1	9780814643129
1085	1	9781579219390
1086	1	9780830838424
1087	1	9780785260103
1088	1	9780826492418
1089	1	9780849944659
1090	1	9781414115481
1091	1	9780842366892
1092	1	9780064421737
1093	1	9780768427011
1094	1	9780448095141
1095	1	9781935096467
1096	1	9780829739794
1097	1	9780826416278
1098	1	9780664230258
1099	1	9780307126856
1100	1	9780802812209
1101	1	9780764802584
1102	1	9780849937927
1103	1	9780829756395
1104	1	9780946462285
1105	1	9781426304163
1106	1	9780334043249
1107	1	9781416568162
1108	1	9780784717295
1109	1	9781558745711
1110	1	9780130148469
1111	1	9780687646241
1112	1	9780567088062
1113	1	9780830815791
1114	1	9781556351372
1115	1	9780892213771
1116	1	9780547238746
1117	1	9780806625706
1118	1	9780664222239
1119	1	9780768432466
1120	1	9781416972266
1121	1	9780756671556
1122	1	9781606475249
1123	1	9780567045713
1124	1	9780814627143
1125	1	9780978742812
1126	1	9781848793538
1127	1	9780788024894
1128	1	9788889127476
1129	1	9780446580892
1130	1	9780758601421
1131	1	9780664250126
1132	1	9780664225704
1133	1	9780829756517
1134	1	9780802866134
1135	1	9780785275510
1136	1	9780061768934
1137	1	9781841273068
1138	1	9780916260804
1139	1	9781579219192
1140	1	9780877930419
1141	1	9780829751758
1142	1	9781563383502
1143	1	9781854249883
1144	1	9781416598664
1145	1	9781426704048
1146	1	9780867164633
1147	1	9780570046684
1148	1	9780800635947
1149	1	9780852342541
1150	1	9781414339429
1151	1	9781588022493
1152	1	9780824956080
1153	1	9780143105602
1154	1	9780141321042
1155	1	9781602580244
1156	1	9781602853553
1157	1	9781400202942
1158	1	9781601780775
1159	1	9780825413599
1160	1	9780758609892
1161	1	9781566080132
1162	1	9780834122208
1163	1	9780824511616
1164	1	9781579218348
1165	1	9780545207157
1166	1	9780736921107
1167	1	9780060786656
1168	1	9780825420658
1169	1	9780140431957
1170	1	9780976501060
1171	1	9781606470657
1172	1	9780851517902
1173	1	9780975257296
1174	1	9781439143162
1175	1	9780835810050
1176	1	9781414314778
1177	1	9780825472282
1178	1	9780814650158
1179	1	9780879079734
1180	1	9780836194883
1181	1	9780830835058
1182	1	9780375828225
1183	1	9780310265580
1184	1	9781859851746
1185	1	9780802437372
1186	1	9780830825875
1187	1	9780805430554
1188	1	9781433514913
1189	1	9781418528164
1190	1	9780590425377
1191	1	9780830747221
1192	1	9781400202683
1193	1	9781414301402
1194	1	9781561481705
1195	1	9780824517601
1196	1	9780892439249
1197	1	9781563220203
1198	1	9780829752618
1199	1	9780687649990
1200	1	9780373444144
1201	1	9781573120425
1202	1	9781935265481
1203	1	9780692003671
1204	1	9780687466511
1205	1	9780825438202
1206	1	9780829706314
1207	1	9780824914233
1208	1	9781416589655
1209	1	9781604775822
1210	1	9781604774528
1211	1	9780829728804
1212	1	9781557255037
1213	1	9789966805393
1214	1	9780281056217
1215	1	9780871239211
1216	1	9780802841889
1217	1	9781414313832
1218	1	9780375843952
1219	1	9781416985686
1220	1	9780849943775
1221	1	9781857921885
1222	1	9780867165166
1223	1	9780395249093
1224	1	9780824518806
1225	1	9780800631284
1226	1	9780892765195
1227	1	9780825461514
1228	1	9781606470978
1229	1	9780446696159
1230	1	9781932792607
1231	1	9780800663247
1232	1	9780743249089
1233	1	9781570753718
1234	1	9780824967222
1235	1	9780192727992
1236	1	9781414314754
1237	1	9780310285434
1238	1	9781596985674
1239	1	9781414332116
1240	1	9780898700336
1241	1	9781594710605
1242	1	9781604776010
1243	1	9780805418934
1244	1	9780802862839
1245	1	9781616380847
1246	1	9781602602946
1247	1	9781604778861
1248	1	9781606473696
1249	1	9780785280279
1250	1	9781556356575
1251	1	9780687497027
1252	1	9780789904577
1253	1	9780802851673
1254	1	9781416547693
1255	1	9780136530077
1256	1	9780375847554
1257	1	9780802832719
1258	1	9780809130665
1259	1	9780547171845
1260	1	9780870612466
1261	1	9780310273653
1262	1	9781602851641
1263	1	9780835898560
1264	1	9780814614051
1265	1	9781596692381
1266	1	9780834117747
1267	1	9780784716625
1268	1	9781591857310
1269	1	9780762433780
1270	1	9780674046849
1271	1	9780806653686
1272	1	9780802840448
1273	1	9781933052069
1274	1	9781578567041
1275	1	9780892216833
1276	1	9780802807724
1277	1	9781416960614
1278	1	9780385489003
1279	1	9780875521770
1280	1	9780892767014
1281	1	9780834123410
1282	1	9780829817348
1283	1	9781416599661
1284	1	9781903087657
1285	1	9780981764382
1286	1	9780824517182
1287	1	9781400071616
1288	1	9781597528245
1289	1	9780814655900
1290	1	9780802848345
1291	1	9780152025779
1292	1	9781935096009
1293	1	9781401323028
1294	1	9780768431087
1295	1	9780764283468
1296	1	9780801066405
1297	1	9780736923330
1298	1	9780785260288
1299	1	9780875526850
1300	1	9780781445399
1301	1	9780802812803
1302	1	9780802493781
1303	1	9780800719050
1304	1	9781591858447
1305	1	9780570051701
1306	1	9780814618622
1307	1	9780814641422
1308	1	9781878405128
1309	1	9781563382499
1310	1	9781554512263
1311	1	9780529119544
1312	1	9780852441787
1313	1	9781416500308
1314	1	9780687054947
1315	1	9781579211097
1316	1	9780806645872
1317	1	9780881410570
1318	1	9780829420074
1319	1	9780898273779
1320	1	9781616381370
1321	1	9781583333181
1322	1	9781556353901
1323	1	9780448095196
1324	1	9780345436832
1325	1	9780486469232
1326	1	9781571530615
1327	1	9781579210298
1328	1	9781932805437
1329	1	9780268001032
1330	1	9780316067324
1331	1	9781576836897
1332	1	9780806651286
1333	1	9781599793672
1334	1	9781935265221
1335	1	9781570758706
1336	1	9780830838387
1337	1	9780764208218
1338	1	9781586172589
1339	1	9780395486542
1340	1	9781606570166
1341	1	9780830833825
1342	1	9780385509954
1343	1	9780061857782
1344	1	9781560430315
1345	1	9780806690599
1346	1	9780152050702
1347	1	9781589832855
1348	1	9780802853271
1349	1	9780814652305
1350	1	9780814658451
1351	1	9780825425776
1352	1	9781579218515
1353	1	9780271028934
1354	1	9780809127818
1355	1	9780448089539
1356	1	9781414115160
1357	1	9780825473760
1358	1	9780395980316
1359	1	9780814614235
1360	1	9781596690790
1361	1	9780806696874
1362	1	9780835808729
1363	1	9781404186026
1364	1	9780687493456
1365	1	9780824958824
1366	1	9780784717301
1367	1	9780881775242
1368	1	9780758612816
1369	1	9780978845360
1370	1	9780756671785
1371	1	9780375725623
1372	1	9781556355158
1373	1	9780975858899
1374	1	9780809130399
1375	1	9780882705552
1376	1	9781594152542
1377	1	9780618130511
1378	1	9780836191356
1379	1	9780140433432
1380	1	9780809134410
1381	1	9781603741521
1382	1	9791579217470
1383	1	9780061353413
1384	1	9781934068137
1385	1	9780830865468
1386	1	9780687329397
1387	1	9780806621920
1388	1	9780804703413
1389	1	9780802860408
1390	1	9780829813098
1391	1	9780399247163
1392	1	9781846251696
1393	1	9781593693459
1394	1	9781416964377
1395	1	9781580893206
1396	1	9781591600466
1397	1	9780829810295
1398	1	9780851516240
1399	1	9780061568213
1400	1	9780981760810
1401	1	9780679600268
1402	1	9780061348327
1403	1	9780192728029
1404	1	9781606473207
1405	1	9780763634032
1406	1	9781412941105
1407	1	9780399241833
1408	1	9780192853424
1409	1	9780817011215
1410	1	9781577947677
1411	1	9780736922463
1412	1	9780802435781
1413	1	9781597892339
1414	1	9781414311500
1415	1	9780570051725
1416	1	9781414331553
1417	1	9780825434792
1418	1	9780805446678
1419	1	9780446691055
1420	1	9781400202416
1421	1	9780570093732
1422	1	9780567050366
1423	1	9780824956233
1424	1	9781414108933
1425	1	9781845502058
1426	1	9780664225940
1427	1	9781576582619
1428	1	9780803730557
1429	1	9781592554959
1430	1	9788854401426
1431	1	9781404185678
1432	1	9780373785988
1433	1	9780395589205
1434	1	9780834115163
1435	1	9780825463150
1436	1	9780883449462
1437	1	9780394537795
1438	1	9780758600462
1439	1	9780830827251
1440	1	9780570042853
1441	1	9780800607623
1442	1	9780756644499
1443	1	9781581580242
1444	1	9781591280231
1445	1	9780736306515
1446	1	9781934554340
1447	1	9780814656921
1448	1	9780674220522
1449	1	9781846250200
1450	1	9780691033006
1451	1	9780753462928
1452	1	9781575060385
1453	1	9780809139583
1454	1	9781600066979
1455	1	9781591602712
1456	1	9781602850644
1457	1	9780664230678
1458	1	9781590527405
1459	1	9780814627259
1460	1	9780814659700
1461	1	9780898273731
1462	1	9781414105307
1463	1	9781579217693
1464	1	9780193858657
1465	1	9781854249616
1466	1	9780060630379
1467	1	9781434768223
1468	1	9780870835483
1469	1	9780800697501
1470	1	9781880292129
1471	1	9780310718130
1472	1	9780814631553
1473	1	9780316057745
1474	1	9781608991389
1475	1	9781580510707
1476	1	9780736421522
1477	1	9780802437426
1478	1	9781606570401
1479	1	9781414339085
1480	1	9781853071089
1481	1	9780801058363
1482	1	9781846251337
1483	1	9780140431599
1484	1	9781846251030
1485	1	9781845504359
1486	1	9780825434198
1487	1	9781414115986
1488	1	9780310251439
1489	1	9780768432572
1490	1	9780830865444
1491	1	9781845500382
1492	1	9780758615046
1493	1	9780521476744
1494	1	9780800660789
1495	1	9780800604646
1496	1	9780385336529
1497	1	9780753451045
1498	1	9781598694123
1499	1	9781601421524
1500	1	9781585479955
1501	1	9780385496629
1502	1	9780687017881
1503	1	9781846251566
1504	1	9780825455377
1505	1	9781931232135
1506	1	9781580891219
1507	1	9780978742843
1508	1	9781592237609
1509	1	9781416569695
1510	1	9780800695033
1511	1	9780567042804
1512	1	9780689865206
1513	1	9780753462201
1514	1	9780736912976
1515	1	9780805495652
1516	1	9780875525198
1517	1	9780679886181
1518	1	9780830821877
1519	1	9781433501296
1520	1	9780830821921
1521	1	9780785287889
1522	1	9781616381493
1523	1	9780802836366
1524	1	9780670021260
1525	1	9780802441560
1526	1	9780664232801
1527	1	9780768432589
1528	1	9780310293194
1529	1	9781414112190
1530	1	9780852342312
1531	1	9781414110608
1532	1	9781416934035
1533	1	9781606571019
1534	1	9781590529751
1535	1	9780785289081
1536	1	9780800625016
1537	1	9781414111971
1538	1	9781577822295
1539	1	9780825463105
1540	1	9780800697068
1541	1	9780824516994
1542	1	9780802848567
1543	1	9780981764320
1544	1	9780307459503
1545	1	9780829753752
1546	1	9781606084823
1547	1	9780425238547
1548	1	9780819221384
1549	1	9780547242842
1550	1	9780789209665
1551	1	9780448455808
1552	1	9780687011681
1553	1	9780860123484
1554	1	9780879462925
1555	1	9781558745490
1556	1	9780310290766
1557	1	9781576837962
1558	1	9780768422535
1559	1	9780980339109
1560	1	9781414100104
1561	1	9781556358456
1562	1	9780688137915
1563	1	9780801031298
1564	1	9780385527187
1565	1	9780786884209
1566	1	9781606086261
1567	1	9780395904954
1568	1	9781592578368
1569	1	9781606473412
1570	1	9781414110776
1571	1	9780764201585
1572	1	9780824518493
1573	1	9780801027420
1574	1	9781593695200
1575	1	9780687657735
1576	1	9780768427134
1577	1	9780814617120
1578	1	9780834122994
1579	1	9780310292135
1580	1	9781857928556
1581	1	9780800732783
1582	1	9781580891264
1583	1	9780373444212
1584	1	9780978872656
1585	1	9781416959472
1586	1	9780567050694
1587	1	9780687075911
1588	1	9780806688640
1589	1	9781414315010
1590	1	9780547248271
1591	1	9780802864918
1592	1	9780664225971
1593	1	9780802845092
1594	1	9780826416728
1595	1	9780670878109
1596	1	9780892369362
1597	1	9781414312644
1598	1	9780801036064
1599	1	9781592579471
1600	1	9781602855595
1601	1	9781596981034
1602	1	9781602853027
1603	1	9781591601678
1604	1	9780570093756
1605	1	9781604775600
1606	1	9781426700187
1607	1	9781602552876
1608	1	9780753460061
1609	1	9781842275429
1610	1	9780618033805
1611	1	9780375842832
1612	1	9780824955762
1613	1	9780687065400
1614	1	9781562470814
1615	1	9780448089157
1616	1	9780689872358
1617	1	9780830752386
1618	1	9780824947958
1619	1	9781599951539
1620	1	9781591852384
1621	1	9780310294016
1622	1	9780687338047
1623	1	9781604330090
1624	1	9780827607972
1625	1	9781599793641
1626	1	9781414320236
1627	1	9780064403689
1628	1	9780830746286
1629	1	9780981495781
1630	1	9780836867930
1631	1	9781604775235
1632	1	9780826414168
1633	1	9780664255671
1634	1	9781883357764
1635	1	9780825478543
1636	1	9781846250880
1637	1	9780835898836
1638	1	9780736937764
1639	1	9780835898720
1640	1	9780800662615
1641	1	9781598564587
1642	1	9780687075508
1643	1	9781416971825
1644	1	9780425221617
1645	1	9780525421443
1646	1	9780785226017
1647	1	9780801070884
1648	1	9780310272007
1649	1	9781591602361
1650	1	9780061474460
1651	1	9780974531540
1652	1	9780446531979
1653	1	9780448022581
1654	1	9781883002503
1655	1	9780830823093
1656	1	9780736925334
1657	1	9780801027437
1658	1	9781416589723
1659	1	9780664257392
1660	1	9780664230166
1661	1	9780736303620
1662	1	9780851516837
1663	1	9781599791234
1664	1	9781578568215
1665	1	9780829742497
1666	1	9780834115873
1667	1	9780395292051
1668	1	9781596381841
1669	1	9781591859413
1670	1	9781579546854
1671	1	9780316013550
1672	1	9781556354748
1673	1	9780825462757
1674	1	9781416950240
1675	1	9780618982318
1676	1	9780809135417
1677	1	9781556359101
1678	1	9780825436536
1679	1	9783438060105
1680	1	9781564272539
1681	1	9781604779950
1682	1	9780892215379
1683	1	9781601850102
1684	1	9780800759759
1685	1	9781602477858
1686	1	9780764207136
1687	1	9780809142521
1688	1	9781602553057
1689	1	9781557091246
1690	1	9781596692411
1691	1	9780802842978
1692	1	9781933853482
1693	1	9781591454854
1694	1	9780756651398
1695	1	9781563099861
1696	1	9781604777482
1697	1	9781934363065
1698	1	9781935096016
1699	1	9789702211884
1700	1	9780875524436
1701	1	9780736926614
1702	1	9780802843715
1703	1	9781885767509
1704	1	9780852344361
1705	1	9780521435765
1706	1	9781414109794
1707	1	9780395930977
1708	1	9781558745551
1709	1	9781561797080
1710	1	9780310277286
1711	1	9781857926187
1712	1	9780881133622
1713	1	9781604775990
1714	1	9781602551114
1715	1	9781934068823
1716	1	9780829415568
1717	1	9781893361539
1718	1	9781592579501
1719	1	9781606150238
1720	1	9780802485519
1721	1	9781400310890
1722	1	9780785211433
1723	1	9781841270722
1724	1	9780143106319
1725	1	9780800662639
1726	1	9780567083371
1727	1	9780023162800
1728	1	9781416968757
1729	1	9781600060281
1730	1	9780553213881
1731	1	9780830728923
1732	1	9781426300967
1733	1	9781580510677
1734	1	9780877881926
1735	1	9780446693356
1736	1	9781414338859
1737	1	9780764206023
1738	1	9780979535000
1739	1	9780802863461
1740	1	9780141330136
1741	1	9781414109626
1742	1	9780824918460
1743	1	9780806690186
1744	1	9780300140217
1745	1	9781602478152
1746	1	9780849996719
1747	1	9781576832929
1748	1	9781604776270
1749	1	9780834120440
1750	1	9781414112152
1751	1	9780689873959
1752	1	9781845504380
1753	1	9780736929424
1754	1	9781573124881
1755	1	9781416933854
1756	1	9780143143550
1757	1	9780486415857
1758	1	9781594711107
1759	1	9780449225554
1760	1	9780817012526
1761	1	9780547215204
1762	1	9781556354908
1763	1	9780664223151
1764	1	9780465097197
1765	1	9781400202799
1766	1	9780768420470
1767	1	9780801021572
1768	1	9780974239187
1769	1	9780768422023
1770	1	9780802407658
1771	1	9780310318903
1772	1	9781433503993
1773	1	9780764222948
1774	1	9780830817740
1775	1	9780310227687
1776	1	9780802491770
1777	1	9780830746682
1778	1	9780800794064
1779	1	9780867163087
1780	1	9780736927505
1781	1	9780979319242
1782	1	9780805443295
1783	1	9781850786665
1784	1	9780881462241
1785	1	9780061145612
1786	1	9781604776140
1787	1	9781416947660
1788	1	9780486463025
1789	1	9780801068331
1790	1	9781606080191
1791	1	9780195063844
1792	1	9780852343975
1793	1	9780800636654
1794	1	9781416551058
1795	1	9781889809038
1796	1	9780892212620
1797	1	9780027375855
1798	1	9780785270010
1799	1	9780664223533
1800	1	9780829757255
1801	1	9781604778625
1802	1	9781599794228
1803	1	9781559451772
1804	1	9780764200564
1805	1	9780982619636
1806	1	9780982761649
1807	1	9781580233248
1808	1	9780800634087
1809	1	9781565483699
1810	1	9780891125365
1811	1	9781414314839
1812	1	9780618693368
1813	1	9780834124561
1814	1	9780140390711
1815	1	9781602853164
1816	1	9780884195573
1817	1	9780553278255
1818	1	9780785208662
1819	1	9781935265467
1820	1	9780664225773
1821	1	9781602209671
1822	1	9781588021229
1823	1	9780310262176
1824	1	9780395562338
1825	1	9781602858428
1826	1	9781883937065
1827	1	9780140444629
1828	1	9780768423846
1829	1	9780830835072
1830	1	9780310306016
1831	1	9781896836737
1832	1	9780829748772
1833	1	9780768431995
1834	1	9780884196570
1835	1	9780814624982
1836	1	9780664229566
1837	1	9781601423078
1838	1	9780446580236
1839	1	9781416561484
1840	1	9780446196369
1841	1	9780851516974
1842	1	9780825411816
1843	1	9780884197713
1844	1	9780789457585
1845	1	9781576833407
1846	1	9780142416884
1847	1	9781604778229
1848	1	9780829712599
1849	1	9781594710278
1850	1	9780064441766
1851	1	9780913342459
1852	1	9781556358654
1853	1	9781557255099
1854	1	9781602581401
1855	1	9781581693584
1856	1	9781580893015
1857	1	9780310237150
1858	1	9780890515990
1859	1	9781570752599
1860	1	9781556351020
1861	1	9781591856054
1862	1	9788889127858
1863	1	9780143105442
1864	1	9780687052134
1865	1	9780062720085
1866	1	9780060670184
1867	1	9781404187764
1868	1	9781602550674
1869	1	9780373874712
1870	1	9780835808538
1871	1	9780829719833
1872	1	9781860246012
1873	1	9780756672294
1874	1	9781416527190
1875	1	9780310252245
1876	1	9781591602934
1877	1	9780825413421
1878	1	9781853119439
1879	1	9780764200830
1880	1	9780736927918
1881	1	9780801013195
1882	1	9780764203121
1883	1	9780801091841
1884	1	9781598562538
1885	1	9781932786316
1886	1	9781602000605
1887	1	9781576583371
1888	1	9780736926140
1889	1	9780802808509
1890	1	9780830718795
1891	1	9780899009056
1892	1	9780830815104
1893	1	9780802483614
1894	1	9781604779066
1895	1	9780802422590
1896	1	9780736926287
1897	1	9780470140307
1898	1	9781845073930
1899	1	9780829811018
1900	1	9780825434662
1901	1	9780306818349
1902	1	9780788024849
1903	1	9780399252112
1904	1	9781842273975
1905	1	9781412916844
1906	1	9781935012108
1907	1	9780385510080
1908	1	9780395570357
1909	1	9781845075590
1910	1	9780345383389
1911	1	9781585478088
1912	1	9780762429578
1913	1	9781580174206
1914	1	9781568461540
1915	1	9781893732766
1916	1	9780310291855
1917	1	9780140440515
1918	1	9781893732629
1919	1	9780872133235
1920	1	9780834103146
1921	1	9781416998242
1922	1	9780802842749
1923	1	9780547341521
1924	1	9780981509174
1925	1	9780826408297
1926	1	9781597528320
1927	1	9780974730875
1928	1	9780805427479
1929	1	9781602550469
1930	1	9780140150568
1931	1	9780395928653
1932	1	9780060230395
1933	1	9789702211914
1934	1	9780664250874
1935	1	9780830837052
1936	1	9780768424133
1937	1	9780300140590
1938	1	9780470423332
1939	1	9780375848223
1940	1	9781414109022
1941	1	9780451531742
1942	1	9781606081303
1943	1	9781846250606
1944	1	9780310975854
1945	1	9780764805684
1946	1	9781602852006
1947	1	9780618956746
1948	1	9780691020266
1949	1	9780687017058
1950	1	9780784718285
1951	1	9780981495767
1952	1	9780664230890
1953	1	9781558749740
1954	1	9781414322162
1955	1	9781597510813
1956	1	9780801022531
1957	1	9781593697839
1958	1	9781565481039
1959	1	9780801029974
1960	1	9780835807432
1961	1	9780805080896
1962	1	9781845501624
1963	1	9780764811883
1964	1	9780788018725
1965	1	9780521586085
1966	1	9780977710300
1967	1	9780803710405
1968	1	9781572930537
1969	1	9781414304465
1970	1	9780830745890
1971	1	9780840745743
1972	1	9781597899987
1973	1	9781576835104
1974	1	9780805449853
1975	1	9780736902892
1976	1	9780310279648
1977	1	9781599798608
1978	1	9780310289845
1979	1	9781609360016
1980	1	9781418542719
1981	1	9781418509453
1982	1	9780764206702
1983	1	9781597891349
1984	1	9780764206108
1985	1	9780310228639
1986	1	9781602601093
1987	1	9781857925586
1988	1	9780842375160
1989	1	9781595543165
1990	1	9780142000342
1991	1	9780764203923
1992	1	9781563099007
1993	1	9780899573120
1994	1	9780800733339
1995	1	9781418532161
1996	1	9780785281122
1997	1	9780800732875
1998	1	9780802811431
1999	1	9780060822149
