book	barnesandnoble	isbn_13
2000	2000	2000	2000
0000	1	9780307474711
0001	1	9780373774616
0002	1	9781400081066
0003	1	9781615525485
0004	1	9781616826543
0005	1	9781615526208
0006	1	9781616806101
0007	1	9781616845476
0008	1	9780978605261
0009	1	9781616881016
0010	1	9780060009427
0011	1	9781615542406
0012	1	9780451524935
0013	1	9781615535392
0014	1	9781616880071
0015	1	9780385342469
0016	1	9781615564149
0017	1	9781616806071
0018	1	9780373774906
0019	1	9781933016443
0020	1	9781615582167
0021	1	9781616800109
0022	1	9780061566134
0023	1	9781616889111
0024	1	9781616830731
0025	1	9780446561365
0026	1	9781616875237
0027	1	9780345504968
0028	1	9780061992704
0029	1	9780385343169
0030	1	9780517580516
0031	1	9781423128205
0032	1	9780385501125
0033	1	9781616801137
0034	1	9781615522989
0035	1	9781616793586
0036	1	9781615543236
0037	1	9780641935268
0038	1	9781616794460
0039	1	9781616850586
0040	1	9780441018642
0041	1	9781616849368
0042	1	9780525423843
0043	1	9780743294270
0044	1	9780316017923
0045	1	9780393072235
0046	1	9780446556248
0047	1	9781616799182
0048	1	9781615553389
0049	1	9781616804572
0050	1	9781615554911
0051	1	9781616791384
0052	1	9780425233689
0053	1	9781615841707
0054	1	9781615538843
0055	1	9780641894473
0056	1	9781616849375
0057	1	9781616878184
0058	1	9781616889364
0059	1	9781616790615
0060	1	9781616800079
0061	1	9780787988319
0062	1	9781416550532
0063	1	9781416525677
0064	1	9781615551712
0065	1	9781616790905
0066	1	9781593081126
0067	1	9781616845384
0068	1	9781423113492
0069	1	9780641979378
0070	1	9781616848361
0071	1	9781416597988
0072	1	9780641773785
0073	1	9780140177398
0074	1	9781615520176
0075	1	9781616877279
0076	1	9780143038252
0077	1	9781416597995
0078	1	9781401308582
0079	1	9781434768513
0080	1	9780064440028
0081	1	9781615604821
0082	1	9781616854768
0083	1	9780142407325
0084	1	9781585426713
0085	1	9780310266273
0086	1	9780060887414
0087	1	9780316043908
0088	1	9781420106879
0089	1	9780375429828
0090	1	9780778328704
0091	1	9780743269513
0092	1	9780451191144
0093	1	9780316027656
0094	1	9781594481925
0095	1	9780143039433
0096	1	9780684801223
0097	1	9781616793579
0098	1	9781400052172
0099	1	9781439133613
0100	1	9781427994684
0101	1	9781616880316
0102	1	9781616795689
0103	1	9780312606169
0104	1	9781615520398
0105	1	9780385526272
0106	1	9780641988073
0107	1	9780399156434
0108	1	9780316031844
0109	1	9781615584260
0110	1	9781615526086
0111	1	9780385340588
0112	1	9781615608348
0113	1	9781615525195
0114	1	9781616850463
0115	1	9781439155202
0116	1	9780312595678
0117	1	9780307270702
0118	1	9781615594948
0119	1	9781616880750
0120	1	9780670021727
0121	1	9780345471017
0122	1	9781615542222
0123	1	9780545123280
0124	1	9781615554430
0125	1	9780312562779
0126	1	9780061974076
0127	1	9781595230324
0128	1	9780440414803
0129	1	9780060887322
0130	1	9780143038580
0131	1	9780684856094
0132	1	9781615515530
0133	1	9781616889319
0134	1	9781615582884
0135	1	9780679734772
0136	1	9781616875442
0137	1	9780205309023
0138	1	9781562476663
0139	1	9780425233207
0140	1	9781615573646
0141	1	9781616797294
0142	1	9781616876715
0143	1	9780156030205
0144	1	9780641828065
0145	1	9781616881597
0146	1	9780316024969
0147	1	9780679723110
0148	1	9781416968290
0149	1	9780385486804
0150	1	9781616790981
0151	1	9781616797577
0152	1	9781439152959
0153	1	9780812973990
0154	1	9781615540389
0155	1	9780689707490
0156	1	9781615568895
0157	1	9781615609024
0158	1	9781934137123
0159	1	9780375705243
0160	1	9781615521913
0161	1	9780316809061
0162	1	9781615566457
0163	1	9780679755333
0164	1	9781423121718
0165	1	9781616823917
0166	1	9781615563944
0167	1	9780670021659
0168	1	9780061668067
0169	1	9781615513666
0170	1	9781616877316
0171	1	9781616804596
0172	1	9781593081812
0173	1	9780760781487
0174	1	9780756655297
0175	1	9781935071877
0176	1	9781435117150
0177	1	9781423134541
0178	1	9781616845544
0179	1	9780805091748
0180	1	9780061728914
0181	1	9781606412381
0182	1	9781437659047
0183	1	9781615538591
0184	1	9780385737944
0185	1	9781594202551
0186	1	9780312558161
0187	1	9781616802745
0188	1	9781616795566
0189	1	9781591451884
0190	1	9780641957987
0191	1	9781437657593
0192	1	9780641870576
0193	1	9781437611274
0194	1	9780312591052
0195	1	9780982504888
0196	1	9780865479128
0197	1	9780316036191
0198	1	9780525951582
0199	1	9780446561334
0200	1	9780679885504
0201	1	9780375834875
0202	1	9780312605384
0203	1	9780316068055
0204	1	9781615583409
0205	1	9781616878146
0206	1	9780312367541
0207	1	9781602645165
0208	1	9781615579501
0209	1	9780380002450
0210	1	9781616875220
0211	1	9781401927189
0212	1	9781605295381
0213	1	9780446547550
0214	1	9780425227510
0215	1	9780545162074
0216	1	9780061703256
0217	1	9780393338386
0218	1	9781552100677
0219	1	9781878424310
0220	1	9780316013697
0221	1	9780316085274
0222	1	9780446610391
0223	1	9780689711732
0224	1	9780399156243
0225	1	9780759529434
0226	1	9781594488849
0227	1	9780307593528
0228	1	9780545060479
0229	1	9780061138034
0230	1	9780545060394
0231	1	9780399156199
0232	1	9780399144462
0233	1	9781595550781
0234	1	9780670021642
0235	1	9781416586289
0236	1	9780060254926
0237	1	9780061728976
0238	1	9781615594535
0239	1	9780810970687
0240	1	9780385343183
0241	1	9781552639405
0242	1	9781401323820
0243	1	9781401926458
0244	1	9780976990703
0245	1	9781435114944
0246	1	9781416547907
0247	1	9780307269751
0248	1	9780060256654
0249	1	9780312590444
0250	1	9780312380755
0251	1	9781615513550
0252	1	9780345500779
0253	1	9780316065788
0254	1	9781615513543
0255	1	9780061896439
0256	1	9781595141712
0257	1	9780670021475
0258	1	9781439101193
0259	1	9780061246265
0260	1	9780786819881
0261	1	9781416979180
0262	1	9780760703014
0263	1	9780399250569
0264	1	9780307268198
0265	1	9781437679489
0266	1	9780312379827
0267	1	9780553807219
0268	1	9780525951612
0269	1	9780765317681
0270	1	9780307465351
0271	1	9781593080341
0272	1	9780515147605
0273	1	9780451225726
0274	1	9780448425009
0275	1	9780441008537
0276	1	9780641937057
0277	1	9781930808591
0278	1	9780060652937
0279	1	9780440439882
0280	1	9780375429224
0281	1	9780609805794
0282	1	9780316067966
0283	1	9781600785283
0284	1	9780060652920
0285	1	9781593082475
0286	1	9780316002875
0287	1	9780312321192
0288	1	9780061720802
0289	1	9780375862168
0290	1	9780978507510
0291	1	9780515147902
0292	1	9781605295497
0293	1	9780449213940
0294	1	9781594417276
0295	1	9780312606121
0296	1	9781439102817
0297	1	9781616878597
0298	1	9781615545780
0299	1	9781615544882
0300	1	9781416585855
0301	1	9780785214250
0302	1	9780670021604
0303	1	9780060245863
0304	1	9780803734616
0305	1	9780970445711
0306	1	9781615578368
0307	1	9780061779725
0308	1	9781439100110
0309	1	9781423124849
0310	1	9780385532457
0311	1	9780849921391
0312	1	9780688014292
0313	1	9781595620033
0314	1	9780446504126
0315	1	9781416950073
0316	1	9780545102728
0317	1	9781595141989
0318	1	9780316045520
0319	1	9781616791094
0320	1	9781439128299
0321	1	9780553807240
0322	1	9780743246262
0323	1	9781615571314
0324	1	9780399155963
0325	1	9780393065671
0326	1	9781615596409
0327	1	9780316118088
0328	1	9780641858628
0329	1	9780060542092
0330	1	9780553805543
0331	1	9780446615860
0332	1	9780307277695
0333	1	9780316154277
0334	1	9780894864025
0335	1	9781604943443
0336	1	9781416571735
0337	1	9780778327998
0338	1	9781584350804
0339	1	9780375838828
0340	1	9780451191151
0341	1	9780064407311
0342	1	9780385490818
0343	1	9780373774517
0344	1	9781416563693
0345	1	9781420106862
0346	1	9780440217565
0347	1	9780312947040
0348	1	9781594865756
0349	1	9780778327493
0350	1	9780553295009
0351	1	9780812968064
0352	1	9780307405104
0353	1	9781416974475
0354	1	9780553494105
0355	1	9780446556828
0356	1	9780425166802
0357	1	9780143115007
0358	1	9780778327684
0359	1	9780884271789
0360	1	9780618829255
0361	1	9780061350962
0362	1	9780446556996
0363	1	9780373775224
0364	1	9780789205384
0365	1	9780515134476
0366	1	9780778327677
0367	1	9780312360283
0368	1	9780064405171
0369	1	9780061244087
0370	1	9781615559176
0371	1	9780786856862
0372	1	9780061825934
0373	1	9780446546126
0374	1	9780061452550
0375	1	9780316666343
0376	1	9780307453372
0377	1	9781615586035
0378	1	9781615594504
0379	1	9781615571338
0380	1	9780446547475
0381	1	9781402765711
0382	1	9780385343305
0383	1	9780307379054
0384	1	9781416565154
0385	1	9780762434329
0386	1	9781414318639
0387	1	9780385521383
0388	1	9781599903422
0389	1	9780786818709
0390	1	9780399142550
0391	1	9780441017690
0392	1	9780670451494
0393	1	9780345511768
0394	1	9780399156205
0395	1	9780545040600
0396	1	9780316053181
0397	1	9780446580243
0398	1	9781416595014
0399	1	9781416130277
0400	1	9780446195515
0401	1	9780767927000
0402	1	9780061449093
0403	1	9780061728303
0404	1	9780064442701
0405	1	9781601622563
0406	1	9780316036733
0407	1	9781419954627
0408	1	9780307277473
0409	1	9780394820378
0410	1	9780312642365
0411	1	9781416600350
0412	1	9781439167519
0413	1	9781401908973
0414	1	9781615582549
0415	1	9780761149439
0416	1	9780142437339
0417	1	9780061448980
0418	1	9780374525644
0419	1	9780061348143
0420	1	9781584855286
0421	1	9780451229717
0422	1	9780142404034
0423	1	9780373774524
0424	1	9780375429538
0425	1	9781416989400
0426	1	9780064441551
0427	1	9780515134469
0428	1	9780743453981
0429	1	9780738710181
0430	1	9780312369811
0431	1	9780152062682
0432	1	9780778327547
0433	1	9780553591729
0434	1	9780385522267
0435	1	9781596917019
0436	1	9780071453394
0437	1	9781878424686
0438	1	9781599951966
0439	1	9780470423547
0440	1	9780385528047
0441	1	9780394823379
0442	1	9780756914103
0443	1	9781439165393
0444	1	9780312545529
0445	1	9780399156267
0446	1	9780061778766
0447	1	9780470624357
0448	1	9780399156519
0449	1	9780307450586
0450	1	9780545128285
0451	1	9781615520275
0452	1	9780553805260
0453	1	9781437647433
0454	1	9780764578656
0455	1	9780061655951
0456	1	9781615597413
0457	1	9781416975861
0458	1	9780525948926
0459	1	9780345471178
0460	1	9780800759490
0461	1	9780140384512
0462	1	9781423107088
0463	1	9781593080099
0464	1	9781594417313
0465	1	9781571107220
0466	1	9780441010516
0467	1	9780547237602
0468	1	9781594865954
0469	1	9780425234907
0470	1	9780452295834
0471	1	9781402219016
0472	1	9781607142706
0473	1	9780395401460
0474	1	9780451459879
0475	1	9780689710681
0476	1	9780451169532
0477	1	9780345441133
0478	1	9780380773381
0479	1	9781593080068
0480	1	9781423105169
0481	1	9780679824251
0482	1	9780778327561
0483	1	9780316113694
0484	1	9780446401265
0485	1	9780880800013
0486	1	9780778326571
0487	1	9780380709564
0488	1	9780515142815
0489	1	9781602860971
0490	1	9781400069262
0491	1	9780061856433
0492	1	9781416950059
0493	1	9780578041476
0494	1	9781439180914
0495	1	9780764524837
0496	1	9780399155987
0497	1	9780670021673
0498	1	9780316078160
0499	1	9781416980087
0500	1	9780760778661
0501	1	9780345511560
0502	1	9780470540862
0503	1	9780316114257
0504	1	9780641951947
0505	1	9781616804657
0506	1	9781605295183
0507	1	9780689832130
0508	1	9780470599327
0509	1	9781594862922
0510	1	9781602861114
0511	1	9780735627086
0512	1	9780802119421
0513	1	9780142403709
0514	1	9781594483493
0515	1	9781416500186
0516	1	9780373774319
0517	1	9781416914631
0518	1	9781400082773
0519	1	9780743499576
0520	1	9780553386301
0521	1	9780545123273
0522	1	9780425224243
0523	1	9781593080075
0524	1	9780515134445
0525	1	9780071451994
0526	1	9781594417283
0527	1	9780316106542
0528	1	9780345472328
0529	1	9780689835681
0530	1	9780152061548
0531	1	9780767908184
0532	1	9780976018629
0533	1	9780679824244
0534	1	9780758210234
0535	1	9781400078776
0536	1	9780425214701
0537	1	9780312425074
0538	1	9780140186390
0539	1	9780373654871
0540	1	9780679883388
0541	1	9781591473145
0542	1	9780375815164
0543	1	9780307591197
0544	1	9780671646783
0545	1	9780871205049
0546	1	9781606840573
0547	1	9780399251641
0548	1	9781439107942
0549	1	9780641922169
0550	1	9781934781630
0551	1	9780425234228
0552	1	9780314199492
0553	1	9780394800936
0554	1	9780803731561
0555	1	9781416573012
0556	1	9781615545797
0557	1	9780310318965
0558	1	9781416948957
0559	1	9780307269867
0560	1	9780670062409
0561	1	9780670019632
0562	1	9781401323356
0563	1	9780960345038
0564	1	9780786952335
0565	1	9781568584492
0566	1	9780393061024
0567	1	9780312380038
0568	1	9780060883287
0569	1	9781608429981
0570	1	9781416545361
0571	1	9781604592689
0572	1	9781615543786
0573	1	9780553589399
0574	1	9781400031573
0575	1	9781577540939
0576	1	9781595141972
0577	1	9781595141750
0578	1	9780812504323
0579	1	9780373285907
0580	1	9780912986395
0581	1	9780061477935
0582	1	9780061214677
0583	1	9780061138027
0584	1	9780399533747
0585	1	9780451222350
0586	1	9780778327745
0587	1	9781439153611
0588	1	9781416509882
0589	1	9780345495006
0590	1	9781416960607
0591	1	9780451457813
0592	1	9780470372272
0593	1	9780316168816
0594	1	9781434767950
0595	1	9781615545605
0596	1	9781606411490
0597	1	9780547248042
0598	1	9780979966712
0599	1	9780800719029
0600	1	9781615554287
0601	1	9780061969843
0602	1	9781616804558
0603	1	9781437653755
0604	1	9780545010221
0605	1	9780312578107
0606	1	9780316042796
0607	1	9780375823114
0608	1	9780061953774
0609	1	9781401927097
0610	1	9781615596263
0611	1	9780970445759
0612	1	9780525951278
0613	1	9780670020713
0614	1	9781416588382
0615	1	9780688123161
0616	1	9780425234358
0617	1	9780385523929
0618	1	9780547152448
0619	1	9780875847474
0620	1	9780399156281
0621	1	9781435114906
0622	1	9780307460288
0623	1	9780760783962
0624	1	9781416541196
0625	1	9781402773938
0626	1	9780312934361
0627	1	9780307278449
0628	1	9781416542230
0629	1	9781605297828
0630	1	9780140288520
0631	1	9780323066518
0632	1	9780312934330
0633	1	9780821779392
0634	1	9780451412768
0635	1	9780970661128
0636	1	9781592405329
0637	1	9780441017966
0638	1	9781932664126
0639	1	9781416516934
0640	1	9780064440592
0641	1	9780767917186
0642	1	9780446581684
0643	1	9780060574215
0644	1	9780415958622
0645	1	9781932664089
0646	1	9781416547037
0647	1	9780142409060
0648	1	9780943015446
0649	1	9780609804360
0650	1	9780618249060
0651	1	9780679721130
0652	1	9780375429347
0653	1	9780451218049
0654	1	9781615594580
0655	1	9781416032434
0656	1	9781416914204
0657	1	9781439153024
0658	1	9780316004091
0659	1	9780375827358
0660	1	9781615559237
0661	1	9781616843526
0662	1	9780375842252
0663	1	9780758228659
0664	1	9781594202391
0665	1	9781615544868
0666	1	9781615545049
0667	1	9780618968411
0668	1	9780061715174
0669	1	9781887169660
0670	1	9781593083618
0671	1	9781615523566
0672	1	9780760778685
0673	1	9780060586751
0674	1	9781593083328
0675	1	9780785264194
0676	1	9780641939020
0677	1	9780805091595
0678	1	9781416572367
0679	1	9781615594511
0680	1	9781616794873
0681	1	9781885167606
0682	1	9780307378187
0683	1	9781616790035
0684	1	9781615545971
0685	1	9781616794750
0686	1	9780738212777
0687	1	9781593083564
0688	1	9781563637483
0689	1	9780312199432
0690	1	9780439064873
0691	1	9781893858558
0692	1	9781419951374
0693	1	9781593080273
0694	1	9780982594414
0695	1	9780316043137
0696	1	9780375806162
0697	1	9780373774609
0698	1	9781451578157
0699	1	9780785289098
0700	1	9780515144314
0701	1	9780140389661
0702	1	9781420100518
0703	1	9781416547075
0704	1	9780446618311
0705	1	9780470037379
0706	1	9780817463007
0707	1	9781439135730
0708	1	9780515147773
0709	1	9780553384420
0710	1	9780446199278
0711	1	9780316012836
0712	1	9780425193372
0713	1	9780937611012
0714	1	9780060892135
0715	1	9780060892197
0716	1	9781419954658
0717	1	9780440243311
0718	1	9780590417013
0719	1	9781423114116
0720	1	9780894860126
0721	1	9781616823900
0722	1	9780061962233
0723	1	9780061628344
0724	1	9780399155208
0725	1	9780307155108
0726	1	9780312533779
0727	1	9780226104034
0728	1	9781616880965
0729	1	9781591843085
0730	1	9781615545988
0731	1	9781439172957
0732	1	9781606521076
0733	1	9780743410618
0734	1	9780061626319
0735	1	9780786837465
0736	1	9780385514385
0737	1	9780805090567
0738	1	9781412727136
0739	1	9780446520805
0740	1	9780439668187
0741	1	9780545143455
0742	1	9781400063840
0743	1	9780061537936
0744	1	9781593155544
0745	1	9781592333998
0746	1	9780515147926
0747	1	9781400096794
0748	1	9780380778553
0749	1	9780316016636
0750	1	9780316024495
0751	1	9781616802363
0752	1	9781416586586
0753	1	9780156334600
0754	1	9780440244271
0755	1	9780671011376
0756	1	9780060837563
0757	1	9780553593440
0758	1	9780307474841
0759	1	9780446618694
0760	1	9780143037149
0761	1	9781586638443
0762	1	9780803615762
0763	1	9780810995499
0764	1	9780380805600
0765	1	9781419552212
0766	1	9780060891541
0767	1	9780767931571
0768	1	9780778326991
0769	1	9780142414330
0770	1	9780743226721
0771	1	9780689806988
0772	1	9780446613354
0773	1	9781934964101
0774	1	9780142406113
0775	1	9780375429156
0776	1	9780446564236
0777	1	9780373774494
0778	1	9780756655303
0779	1	9781435119215
0780	1	9781615594993
0781	1	9780307269942
0782	1	9781414326818
0783	1	9780670021789
0784	1	9780226320540
0785	1	9780307449450
0786	1	9781435107496
0787	1	9781606410424
0788	1	9781400068579
0789	1	9781616889913
0790	1	9780785135760
0791	1	9781935071839
0792	1	9781591843122
0793	1	9781615581696
0794	1	9780307461865
0795	1	9780060542139
0796	1	9780399208539
0797	1	9780061905858
0798	1	9780375831003
0799	1	9781400060771
0800	1	9781439139325
0801	1	9780618953158
0802	1	9780811865661
0803	1	9780446401197
0804	1	9780553591163
0805	1	9780446610223
0806	1	9781593082017
0807	1	9780060858803
0808	1	9780618485222
0809	1	9781401309572
0810	1	9780395978382
0811	1	9780778327608
0812	1	9780778328872
0813	1	9780446615624
0814	1	9780312565312
0815	1	9780376020598
0816	1	9781580401807
0817	1	9780312942328
0818	1	9780345410054
0819	1	9780778327400
0820	1	9780312938833
0821	1	9781593082130
0822	1	9781416972198
0823	1	9780312947064
0824	1	9780312997199
0825	1	9781590513965
0826	1	9781935597025
0827	1	9780064471046
0828	1	9780451205360
0829	1	9780316776967
0830	1	9780618918249
0831	1	9780071446525
0832	1	9781423114109
0833	1	9781416583295
0834	1	9780446547383
0835	1	9781934633311
0836	1	9780446545099
0837	1	9780470463161
0838	1	9781615544165
0839	1	9780061243585
0840	1	9781579622091
0841	1	9781402242229
0842	1	9781616850166
0843	1	9781405457460
0844	1	9781615526147
0845	1	9780061728402
0846	1	9781579651268
0847	1	9780399215926
0848	1	9781615609512
0849	1	9781616080389
0850	1	9780061966729
0851	1	9780061684388
0852	1	9780307272584
0853	1	9780545142991
0854	1	9781400068678
0855	1	9780696224034
0856	1	9780786953905
0857	1	9780767931946
0858	1	9780061431609
0859	1	9781616877163
0860	1	9780446563598
0861	1	9781591843016
0862	1	9781616791209
0863	1	9780805082739
0864	1	9780323067843
0865	1	9781439148969
0866	1	9781615609291
0867	1	9781588167507
0868	1	9780762109951
0869	1	9781616806347
0870	1	9781416566113
0871	1	9780385738354
0872	1	9780142501559
0873	1	9781416974505
0874	1	9780316114370
0875	1	9780312349509
0876	1	9781416597452
0877	1	9781607060765
0878	1	9780316087360
0879	1	9780399531651
0880	1	9780767913737
0881	1	9780375828256
0882	1	9780446613262
0883	1	9781416549147
0884	1	9780394826202
0885	1	9780874477566
0886	1	9780553277579
0887	1	9780765365439
0888	1	9781416059516
0889	1	9780761521365
0890	1	9780142437308
0891	1	9780375429163
0892	1	9780769636979
0893	1	9780316075657
0894	1	9780060512637
0895	1	9780142001431
0896	1	9780425232422
0897	1	9781427991904
0898	1	9781402767647
0899	1	9781616797003
0900	1	9781414300559
0901	1	9780307268396
0902	1	9780446547598
0903	1	9781439125663
0904	1	9780307269188
0905	1	9780307336804
0906	1	9780394818238
0907	1	9780805395914
0908	1	9781615602315
0909	1	9781615546114
0910	1	9780060248024
0911	1	9780470279496
0912	1	9780545086158
0913	1	9780641645310
0914	1	9781400049356
0915	1	9781615513574
0916	1	9781600850219
0917	1	9780718001315
0918	1	9780399234163
0919	1	9781439102398
0920	1	9780679875970
0921	1	9780446557856
0922	1	9780609610664
0923	1	9781616847012
0924	1	9780312600150
0925	1	9781439109120
0926	1	9780762440603
0927	1	9781580082686
0928	1	9781615583218
0929	1	9781593083847
0930	1	9780778329626
0931	1	9780440993711
0932	1	9780194740098
0933	1	9781419959301
0934	1	9780345509055
0935	1	9780385479561
0936	1	9780316087384
0937	1	9780061236075
0938	1	9780451458445
0939	1	9780451229618
0940	1	9780425163719
0941	1	9780761512196
0942	1	9780307278425
0943	1	9780061284441
0944	1	9780142410240
0945	1	9780440241904
0946	1	9780061795145
0947	1	9781892989048
0948	1	9781572244139
0949	1	9780451229373
0950	1	9780441012688
0951	1	9780345487551
0952	1	9780446605403
0953	1	9780689710551
0954	1	9780142410257
0955	1	9780307385901
0956	1	9780977326402
0957	1	9780786951444
0958	1	9780446608817
0959	1	9780786816583
0960	1	9780920236161
0961	1	9780440238492
0962	1	9781593080457
0963	1	9781400066643
0964	1	9780393064742
0965	1	9780785229186
0966	1	9780061660092
0967	1	9780811865807
0968	1	9780641952494
0969	1	9781401922375
0970	1	9780961392147
0971	1	9781616802448
0972	1	9781593083816
0973	1	9781401323783
0974	1	9780312587482
0975	1	9780385517478
0976	1	9780061473678
0977	1	9780385523653
0978	1	9780061886577
0979	1	9781615539758
0980	1	9780316089517
0981	1	9780310708254
0982	1	9780811857826
0983	1	9780345505101
0984	1	9780802119476
0985	1	9781615597352
0986	1	9780061452055
0987	1	9781416979173
0988	1	9781400043460
0989	1	9780399156526
0990	1	9780743249270
0991	1	9780425157626
0992	1	9780742515178
0993	1	9781437626261
0994	1	9780553577129
0995	1	9780439845090
0996	1	9781594132667
0997	1	9780064440134
0998	1	9781401925925
0999	1	9780441172719
1000	1	9780375429385
1001	1	9781427798336
1002	1	9780142405789
1003	1	9780307381675
1004	1	9781615535361
1005	1	9780785273226
1006	1	9780425232095
1007	1	9780765316554
1008	1	9780802130204
1009	1	9780743477116
1010	1	9780440225454
1011	1	9780312948559
1012	1	9780373285952
1013	1	9780142401095
1014	1	9780452296251
1015	1	9780778326984
1016	1	9780738203072
1017	1	9780061998492
1018	1	9780760781142
1019	1	9780743235389
1020	1	9781594202766
1021	1	9780787995317
1022	1	9781615602360
1023	1	9781401324070
1024	1	9781615595082
1025	1	9780441011674
1026	1	9781439159927
1027	1	9780425236598
1028	1	9780446549196
1029	1	9780786819072
1030	1	9780385528962
1031	1	9780071636087
1032	1	9780307165480
1033	1	9780470086322
1034	1	9780399156403
1035	1	9780345434852
1036	1	9780071626149
1037	1	9781439128657
1038	1	9780312360252
1039	1	9780756656348
1040	1	9780061804090
1041	1	9781572305632
1042	1	9780385344135
1043	1	9781591843177
1044	1	9780142402535
1045	1	9780689717383
1046	1	9780803621329
1047	1	9781421533056
1048	1	9780071633383
1049	1	9780758227188
1050	1	9780743223133
1051	1	9780440416630
1052	1	9781593854454
1053	1	9781419950308
1054	1	9780470447116
1055	1	9780441013401
1056	1	9780425205815
1057	1	9780684853949
1058	1	9780061834776
1059	1	9788023833843
1060	1	9781616845377
1061	1	9780141325286
1062	1	9780778327530
1063	1	9780452281325
1064	1	9780060580865
1065	1	9780812973464
1066	1	9780061857805
1067	1	9781599982717
1068	1	9780486434223
1069	1	9781569244531
1070	1	9780641995965
1071	1	9781615594979
1072	1	9781587613449
1073	1	9781439112878
1074	1	9780756659820
1075	1	9781595547064
1076	1	9780723258049
1077	1	9781615554355
1078	1	9781439148983
1079	1	9781616800147
1080	1	9781615515486
1081	1	9780671493189
1082	1	9780375811005
1083	1	9781423106869
1084	1	9780385077255
1085	1	9780373803156
1086	1	9780312380687
1087	1	9780451229274
1088	1	9780316043120
1089	1	9780803734609
1090	1	9780060753948
1091	1	9780152579951
1092	1	9781416953586
1093	1	9781615525041
1094	1	9780061235900
1095	1	9780743246583
1096	1	9780061791574
1097	1	9781616791179
1098	1	9780525951384
1099	1	9780061336980
1100	1	9780758220370
1101	1	9780312608705
1102	1	9780553278224
1103	1	9780425216590
1104	1	9780763618988
1105	1	9780064400565
1106	1	9780470449752
1107	1	9780321680709
1108	1	9780375836671
1109	1	9780312942311
1110	1	9780547258553
1111	1	9780140309577
1112	1	9781416505037
1113	1	9780446199551
1114	1	9780440235392
1115	1	9780982266700
1116	1	9780641921261
1117	1	9781599866147
1118	1	9781593080778
1119	1	9780143115625
1120	1	9780425232033
1121	1	9780425168134
1122	1	9780136035992
1123	1	9780553272581
1124	1	9781616879990
1125	1	9780316085298
1126	1	9780380730407
1127	1	9780641912092
1128	1	9781435101289
1129	1	9780525951490
1130	1	9780641958373
1131	1	9781615566709
1132	1	9780439680035
1133	1	9780060871581
1134	1	9780061924606
1135	1	9781615513925
1136	1	9781426204456
1137	1	9781609050085
1138	1	9780399156380
1139	1	9781615582105
1140	1	9781581170917
1141	1	9781580089982
1142	1	9780641984549
1143	1	9781615608966
1144	1	9780811874830
1145	1	9780375828669
1146	1	9781616790264
1147	1	9781552100516
1148	1	9780307406330
1149	1	9781616794514
1150	1	9780743269742
1151	1	9780060245603
1152	1	9780764567049
1153	1	9781416126386
1154	1	9781616791278
1155	1	9780446198981
1156	1	9781411404885
1157	1	9780307405869
1158	1	9780425233351
1159	1	9780684803357
1160	1	9780425226414
1161	1	9780470523988
1162	1	9780061852053
1163	1	9781401917500
1164	1	9780323057479
1165	1	9780769636962
1166	1	9780451229724
1167	1	9780979470394
1168	1	9780061370472
1169	1	9780671631987
1170	1	9780440235507
1171	1	9780373803170
1172	1	9780307383204
1173	1	9780439916257
1174	1	9780143036555
1175	1	9780061149818
1176	1	9780965260312
1177	1	9780888994165
1178	1	9780446691437
1179	1	9780425179611
1180	1	9780440418511
1181	1	9781616878665
1182	1	9781593081997
1183	1	9780316236539
1184	1	9780670011179
1185	1	9780061853982
1186	1	9780385522274
1187	1	9781429218870
1188	1	9780916856014
1189	1	9781615542284
1190	1	9781401907822
1191	1	9780066211046
1192	1	9781422125007
1193	1	9780385343855
1194	1	9780441012794
1195	1	9781615559138
1196	1	9780061344626
1197	1	9780316040495
1198	1	9780307463128
1199	1	9780399254345
1200	1	9780399213014
1201	1	9780760793091
1202	1	9781616802288
1203	1	9780316006989
1204	1	9781616849399
1205	1	9780373774050
1206	1	9780316040099
1207	1	9780399155819
1208	1	9781400067947
1209	1	9781439117972
1210	1	9780446611084
1211	1	9781439156735
1212	1	9781598802900
1213	1	9781400033423
1214	1	9780452287891
1215	1	9780142411735
1216	1	9781594483066
1217	1	9781419553226
1218	1	9780805210316
1219	1	9780528355349
1220	1	9780440239123
1221	1	9780425176306
1222	1	9780373775101
1223	1	9780393333060
1224	1	9781435110830
1225	1	9780064400404
1226	1	9780425231456
1227	1	9780446699976
1228	1	9780060578787
1229	1	9780142409893
1230	1	9780375855726
1231	1	9780874774245
1232	1	9781414334134
1233	1	9780425215906
1234	1	9780812981315
1235	1	9780375806117
1236	1	9781594417320
1237	1	9780470106716
1238	1	9780786852628
1239	1	9781551667195
1240	1	9780061944185
1241	1	9781615592418
1242	1	9781561454907
1243	1	9781402766510
1244	1	9781433668234
1245	1	9781587201837
1246	1	9780439635721
1247	1	9780743294294
1248	1	9781883360252
1249	1	9780691144788
1250	1	9780764557347
1251	1	9781423111443
1252	1	9780441014941
1253	1	9781400044528
1254	1	9781400065806
1255	1	9780670011100
1256	1	9781439158906
1257	1	9781615582358
1258	1	9780756654412
1259	1	9780670021482
1260	1	9780767902052
1261	1	9780547195575
1262	1	9781616851941
1263	1	9781594202353
1264	1	9781401323479
1265	1	9780345512185
1266	1	9781439182895
1267	1	9781439147733
1268	1	9781416569848
1269	1	9781423116189
1270	1	9781437647532
1271	1	9780961527969
1272	1	9780451230096
1273	1	9781599950815
1274	1	9781616862206
1275	1	9780307476043
1276	1	9780787954031
1277	1	9781416599180
1278	1	9780312984823
1279	1	9781580890618
1280	1	9780312363758
1281	1	9781416524809
1282	1	9781605295398
1283	1	9780307468376
1284	1	9781416533177
1285	1	9780310242826
1286	1	9780061149825
1287	1	9780440225706
1288	1	9780375806155
1289	1	9780345518859
1290	1	9780515132021
1291	1	9780425233290
1292	1	9781416535607
1293	1	9781603916707
1294	1	9781592334155
1295	1	9780679781493
1296	1	9780380724253
1297	1	9781878424426
1298	1	9781419552199
1299	1	9780307119421
1300	1	9780375429101
1301	1	9780440244240
1302	1	9780064434508
1303	1	9780375725784
1304	1	9780547003030
1305	1	9780440228387
1306	1	9780545110280
1307	1	9780199548415
1308	1	9780743262781
1309	1	9780641671326
1310	1	9781416584407
1311	1	9780446581349
1312	1	9781604690651
1313	1	9780060892173
1314	1	9780688114497
1315	1	9781422177693
1316	1	9780385531542
1317	1	9780064407694
1318	1	9780312325770
1319	1	9780071437929
1320	1	9780743261678
1321	1	9781616847753
1322	1	9781593155841
1323	1	9780764152320
1324	1	9781416540427
1325	1	9781439153017
1326	1	9780061807282
1327	1	9780385302302
1328	1	9780471786887
1329	1	9781401911867
1330	1	9781590306345
1331	1	9780310903338
1332	1	9781606840597
1333	1	9781439130834
1334	1	9781593081645
1335	1	9780743422741
1336	1	9780545040419
1337	1	9780743234900
1338	1	9780061732324
1339	1	9780425217214
1340	1	9780061288869
1341	1	9780385721813
1342	1	9780312373511
1343	1	9781593082666
1344	1	9780141180977
1345	1	9780061448782
1346	1	9780440246015
1347	1	9780373774388
1348	1	9780764140532
1349	1	9781616879792
1350	1	9780451527103
1351	1	9780689711039
1352	1	9780814472828
1353	1	9780679751526
1354	1	9780553275858
1355	1	9780763628918
1356	1	9780385751834
1357	1	9780743294263
1358	1	9780393319293
1359	1	9780385751896
1360	1	9780446613446
1361	1	9780821775899
1362	1	9780312602383
1363	1	9780316605106
1364	1	9780142400760
1365	1	9780449214923
1366	1	9781593082529
1367	1	9781615542000
1368	1	9780689842092
1369	1	9780061690389
1370	1	9780545160650
1371	1	9781601620774
1372	1	9781404187719
1373	1	9780439372947
1374	1	9780399155710
1375	1	9780688163174
1376	1	9781615513970
1377	1	9781423121282
1378	1	9780060755539
1379	1	9780374298913
1380	1	9780307237699
1381	1	9780810983557
1382	1	9780810984875
1383	1	9780811705509
1384	1	9781435109919
1385	1	9781437702590
1386	1	9780394800295
1387	1	9781414335858
1388	1	9780805089257
1389	1	9781615545643
1390	1	9781843104810
1391	1	9781616795597
1392	1	9780767931366
1393	1	9780758235268
1394	1	9780394800028
1395	1	9781416978916
1396	1	9780061961359
1397	1	9780446559287
1398	1	9780345479242
1399	1	9781594744440
1400	1	9780307463777
1401	1	9781400066513
1402	1	9780375846151
1403	1	9781616846312
1404	1	9780451531049
1405	1	9780778328681
1406	1	9780826412768
1407	1	9780323056298
1408	1	9781582975795
1409	1	9781416542742
1410	1	9780758231994
1411	1	9781400079278
1412	1	9780425224953
1413	1	9781416602842
1414	1	9780758242662
1415	1	9780440413790
1416	1	9780312427658
1417	1	9780553381535
1418	1	9780060516406
1419	1	9780061801266
1420	1	9780981461007
1421	1	9780743477109
1422	1	9781571107824
1423	1	9780142410271
1424	1	9781615599974
1425	1	9780743272490
1426	1	9780345476036
1427	1	9781616823931
1428	1	9780373248674
1429	1	9780877798514
1430	1	9781593082567
1431	1	9780312421700
1432	1	9781587613456
1433	1	9780142410356
1434	1	9780553589108
1435	1	9780061161704
1436	1	9780307451323
1437	1	9780981956725
1438	1	9780060193393
1439	1	9781592405268
1440	1	9780465022519
1441	1	9781600783593
1442	1	9781594488801
1443	1	9780785138136
1444	1	9780061718175
1445	1	9780385523868
1446	1	9781557048639
1447	1	9781411402867
1448	1	9780525951131
1449	1	9781582340821
1450	1	9780307408433
1451	1	9780374399498
1452	1	9781615542994
1453	1	9780740740527
1454	1	9780877795797
1455	1	9780670021413
1456	1	9781616880897
1457	1	9780738213668
1458	1	9780679414445
1459	1	9780316041447
1460	1	9780345443601
1461	1	9780440240990
1462	1	9780440240983
1463	1	9781608296965
1464	1	9780446618762
1465	1	9781615511235
1466	1	9780689810015
1467	1	9781598801866
1468	1	9781416535621
1469	1	9781435110885
1470	1	9780743436748
1471	1	9780060520625
1472	1	9780312944506
1473	1	9780375837289
1474	1	9780380709182
1475	1	9780395137192
1476	1	9780380727698
1477	1	9780380799008
1478	1	9781439811412
1479	1	9781592983308
1480	1	9781593082499
1481	1	9780545133616
1482	1	9780375708114
1483	1	9780679735779
1484	1	9781599903484
1485	1	9780316036238
1486	1	9780641965012
1487	1	9781594202308
1488	1	9781615524969
1489	1	9780345484178
1490	1	9781615543052
1491	1	9780688044022
1492	1	9780687465552
1493	1	9780439777339
1494	1	9780312561024
1495	1	9781878424501
1496	1	9780060734923
1497	1	9780060528423
1498	1	9780375826689
1499	1	9780399254420
1500	1	9781400044276
1501	1	9781595629982
1502	1	9781616805562
1503	1	9780641983665
1504	1	9780070511132
1505	1	9780312573720
1506	1	9781932319675
1507	1	9780674036345
1508	1	9780307409065
1509	1	9780803733060
1510	1	9780312576981
1511	1	9781931543163
1512	1	9780071592086
1513	1	9781616851675
1514	1	9780810943247
1515	1	9780345517920
1516	1	9780800719128
1517	1	9780071638944
1518	1	9780061450990
1519	1	9780073379616
1520	1	9781593083625
1521	1	9780140231700
1522	1	9780553256697
1523	1	9780735626652
1524	1	9780061896750
1525	1	9780800732516
1526	1	9781615609918
1527	1	9780345511133
1528	1	9780323039543
1529	1	9780345518767
1530	1	9780446360852
1531	1	9780764140518
1532	1	9780060521226
1533	1	9780759529687
1534	1	9780758234308
1535	1	9780375802928
1536	1	9781572246904
1537	1	9780425206096
1538	1	9780380820887
1539	1	9781400031870
1540	1	9780471782797
1541	1	9780440403272
1542	1	9780060577360
1543	1	9781416602279
1544	1	9780307338402
1545	1	9780738213804
1546	1	9781582120980
1547	1	9780345497499
1548	1	9780756628659
1549	1	9781615579747
1550	1	9781585426591
1551	1	9781615540372
1552	1	9781426201257
1553	1	9780310803065
1554	1	9780230619142
1555	1	9780446520942
1556	1	9781416994060
1557	1	9780307346582
1558	1	9780641917820
1559	1	9780785202585
1560	1	9781435122680
1561	1	9780312570767
1562	1	9781590173206
1563	1	9780787951726
1564	1	9780756603656
1565	1	9780470505144
1566	1	9781416938866
1567	1	9781439133811
1568	1	9781416599531
1569	1	9780385496599
1570	1	9780760783931
1571	1	9781400280162
1572	1	9781592332281
1573	1	9781616882914
1574	1	9780969419495
1575	1	9780142004333
1576	1	9780425197486
1577	1	9780425212066
1578	1	9781416046639
1579	1	9780345453747
1580	1	9781598802832
1581	1	9780385517256
1582	1	9780812548099
1583	1	9780743424424
1584	1	9781594869129
1585	1	9780446615631
1586	1	9780425208847
1587	1	9781435110892
1588	1	9781416550341
1589	1	9780060507022
1590	1	9780312380205
1591	1	9780312599539
1592	1	9781593080464
1593	1	9781439153178
1594	1	9780515146998
1595	1	9781575666280
1596	1	9781580080378
1597	1	9780393324822
1598	1	9780440242000
1599	1	9780060652388
1600	1	9780205408436
1601	1	9780152047702
1602	1	9781615591640
1603	1	9780743247535
1604	1	9781412771443
1605	1	9780618919758
1606	1	9781400064946
1607	1	9781616889838
1608	1	9780061894084
1609	1	9780316034029
1610	1	9780394805757
1611	1	9781615581610
1612	1	9781615557875
1613	1	9780345496898
1614	1	9780760738092
1615	1	9780765319746
1616	1	9781588167446
1617	1	9780446540025
1618	1	9780394800813
1619	1	9781416054689
1620	1	9780767904520
1621	1	9781892951458
1622	1	9780375504617
1623	1	9781935071105
1624	1	9780446539753
1625	1	9781616801151
1626	1	9781435120587
1627	1	9780399247187
1628	1	9780881508468
1629	1	9780300155334
1630	1	9780618428588
1631	1	9780979923890
1632	1	9781416949299
1633	1	9780375425141
1634	1	9780736929493
1635	1	9780805083392
1636	1	9780778328537
1637	1	9780345337665
1638	1	9780452288522
1639	1	9780812979916
1640	1	9780553380163
1641	1	9780738714844
1642	1	9780743422734
1643	1	9781401341138
1644	1	9781615547425
1645	1	9780470453513
1646	1	9780312971342
1647	1	9780758241283
1648	1	9780871203427
1649	1	9780064400855
1650	1	9780312939434
1651	1	9780142414354
1652	1	9780142001615
1653	1	9781933771830
1654	1	9780671869205
1655	1	9780060845476
1656	1	9780759529519
1657	1	9780425181461
1658	1	9780312446987
1659	1	9780689845246
1660	1	9781593082833
1661	1	9780764135774
1662	1	9780452262546
1663	1	9781616795528
1664	1	9780785266495
1665	1	9781416935407
1666	1	9781615539741
1667	1	9781401323585
1668	1	9781416024507
1669	1	9780641937446
1670	1	9781596430693
1671	1	9780307272799
1672	1	9780061459351
1673	1	9780375825385
1674	1	9780060842352
1675	1	9780495506195
1676	1	9781437672138
1677	1	9780439639040
1678	1	9781615523429
1679	1	9780756639990
1680	1	9780760758151
1681	1	9781615522330
1682	1	9781565126831
1683	1	9781439141632
1684	1	9780307464606
1685	1	9781402713187
1686	1	9781402725340
1687	1	9780761150794
1688	1	9780803733404
1689	1	9781423125266
1690	1	9780393062557
1691	1	9780375845017
1692	1	9781416979760
1693	1	9781565124998
1694	1	9781439108932
1695	1	9780374114305
1696	1	9780061864155
1697	1	9781416960959
1698	1	9780312490478
1699	1	9780553208849
1700	1	9780689866852
1701	1	9781595142528
1702	1	9780826317971
1703	1	9780441014897
1704	1	9780060525651
1705	1	9780380709120
1706	1	9780425183977
1707	1	9780373773589
1708	1	9780061895067
1709	1	9780425232231
1710	1	9780142000908
1711	1	9781593080563
1712	1	9780307468055
1713	1	9781590527153
1714	1	9780061230912
1715	1	9780380709540
1716	1	9780142401767
1717	1	9780679890508
1718	1	9780679883395
1719	1	9781571984845
1720	1	9780312945817
1721	1	9780553213133
1722	1	9781416034926
1723	1	9780143036531
1724	1	9781416947950
1725	1	9781416914198
1726	1	9780425220603
1727	1	9780760773864
1728	1	9780060859725
1729	1	9780553591644
1730	1	9780451529305
1731	1	9780743234801
1732	1	9780671791544
1733	1	9781401918828
1734	1	9780451167712
1735	1	9781584799122
1736	1	9781615558070
1737	1	9781616798840
1738	1	9781616876500
1739	1	9780743270489
1740	1	9780060255008
1741	1	9780374278175
1742	1	9781615604838
1743	1	9780060828394
1744	1	9780060899196
1745	1	9780307458049
1746	1	9780763615765
1747	1	9781439197516
1748	1	9780385524698
1749	1	9781588167606
1750	1	9781615526192
1751	1	9781615593859
1752	1	9780385302319
1753	1	9780439895293
1754	1	9780735626058
1755	1	9780131421134
1756	1	9780641823299
1757	1	9781578512546
1758	1	9780399237171
1759	1	9780849921483
1760	1	9780312498726
1761	1	9780394842509
1762	1	9780440246077
1763	1	9780060511111
1764	1	9781416994626
1765	1	9780425234723
1766	1	9780385333214
1767	1	9780440245421
1768	1	9780425230619
1769	1	9781576755846
1770	1	9780307277459
1771	1	9780743436786
1772	1	9780553289428
1773	1	9781616889241
1774	1	9781436371650
1775	1	9780060741044
1776	1	9780553588477
1777	1	9781616848330
1778	1	9780307276766
1779	1	9780141439471
1780	1	9780440244226
1781	1	9781892005038
1782	1	9781595542304
1783	1	9780486456768
1784	1	9780142419106
1785	1	9780679732242
1786	1	9780425206867
1787	1	9780812542837
1788	1	9780312369699
1789	1	9780385521338
1790	1	9781615601882
1791	1	9780394822860
1792	1	9780679450818
1793	1	9780446540445
1794	1	9780345491169
1795	1	9781592405220
1796	1	9780152063900
1797	1	9780763636449
1798	1	9780061721717
1799	1	9781846072000
1800	1	9780316068680
1801	1	9780307995032
1802	1	9780061733178
1803	1	9780982207727
1804	1	9780152881832
1805	1	9780061363047
1806	1	9781616861421
1807	1	9781416580522
1808	1	9781416927181
1809	1	9780061449482
1810	1	9780545051644
1811	1	9780515130966
1812	1	9780316033657
1813	1	9780553584028
1814	1	9780425207222
1815	1	9781416500407
1816	1	9780874477726
1817	1	9780439405577
1818	1	9781423104018
1819	1	9780373210046
1820	1	9781416550211
1821	1	9780393964585
1822	1	9780765324016
1823	1	9780060564674
1824	1	9781593081164
1825	1	9780345509079
1826	1	9781595142511
1827	1	9781843106692
1828	1	9780786839179
1829	1	9780312367466
1830	1	9781411498808
1831	1	9780061667855
1832	1	9780821779835
1833	1	9780446559805
1834	1	9780743443951
1835	1	9780064403825
1836	1	9780373773640
1837	1	9780778328612
1838	1	9780374174781
1839	1	9781591143161
1840	1	9780736421515
1841	1	9780553804966
1842	1	9780758611215
1843	1	9781615593743
1844	1	9780061924071
1845	1	9781930332836
1846	1	9780395071229
1847	1	9780312652913
1848	1	9781593083830
1849	1	9780786954902
1850	1	9780757306587
1851	1	9780803612471
1852	1	9780307592828
1853	1	9780307719546
1854	1	9781402714597
1855	1	9780399245114
1856	1	9780061771040
1857	1	9781401359348
1858	1	9781590387429
1859	1	9781615602827
1860	1	9780736427098
1861	1	9780060542382
1862	1	9781435115620
1863	1	9780061860928
1864	1	9780545007245
1865	1	9780765321268
1866	1	9781616793654
1867	1	9780061699948
1868	1	9781598530711
1869	1	9780312357092
1870	1	9780425205594
1871	1	9781572307537
1872	1	9780596153281
1873	1	9781416972273
1874	1	9780802132758
1875	1	9780545078863
1876	1	9780740777936
1877	1	9780758231277
1878	1	9780515147001
1879	1	9780439706407
1880	1	9781593081300
1881	1	9781416989561
1882	1	9780679890652
1883	1	9780743276917
1884	1	9780141305950
1885	1	9780452281431
1886	1	9780060507060
1887	1	9780312594411
1888	1	9781607142935
1889	1	9781419553547
1890	1	9780373285853
1891	1	9781593080662
1892	1	9781591453482
1893	1	9780321678737
1894	1	9780439706322
1895	1	9780440243670
1896	1	9780156904360
1897	1	9780374532185
1898	1	9781552100509
1899	1	9781616794705
1900	1	9781598802948
1901	1	9780142410288
1902	1	9780553582796
1903	1	9780195374629
1904	1	9781599952970
1905	1	9780061766299
1906	1	9781558538443
1907	1	9781594630675
1908	1	9780735562417
1909	1	9780312370831
1910	1	9781615525928
1911	1	9780760735008
1912	1	9781416994985
1913	1	9780385531931
1914	1	9780743294072
1915	1	9781416907374
1916	1	9781594202186
1917	1	9780439639033
1918	1	9780448095028
1919	1	9780395304488
1920	1	9780465002603
1921	1	9781603420921
1922	1	9780375423666
1923	1	9780028637624
1924	1	9780760742310
1925	1	9781615537716
1926	1	9780194369763
1927	1	9780547237664
1928	1	9781893858220
1929	1	9780486266886
1930	1	9781616790585
1931	1	9780425222034
1932	1	9780679731726
1933	1	9780061346118
1934	1	9781400095483
1935	1	9780451210876
1936	1	9780955997310
1937	1	9780761121824
1938	1	9780060871277
1939	1	9781593082987
1940	1	9780446611770
1941	1	9780743491488
1942	1	9780738212548
1943	1	9780307451101
1944	1	9781573441445
1945	1	9781416549987
1946	1	9780963382139
1947	1	9780984295111
1948	1	9780316341516
1949	1	9780140053203
1950	1	9780553494150
1951	1	9780671003364
1952	1	9780061661273
1953	1	9780071484350
1954	1	9780545007221
1955	1	9780316610001
1956	1	9780446526562
1957	1	9781584761006
1958	1	9780312378226
1959	1	9783836524308
1960	1	9780764573507
1961	1	9780760758113
1962	1	9780061803659
1963	1	9780312581589
1964	1	9780425233283
1965	1	9781595620026
1966	1	9780439796637
1967	1	9780689859366
1968	1	9781439148679
1969	1	9781416927204
1970	1	9780395938478
1971	1	9780312367329
1972	1	9780743490306
1973	1	9780375826702
1974	1	9780545107402
1975	1	9780787984915
1976	1	9781616847043
1977	1	9780394824901
1978	1	9781416955658
1979	1	9781616793425
1980	1	9780974930442
1981	1	9780735625082
1982	1	9780967979014
1983	1	9780393057652
1984	1	9780312577667
1985	1	9780323068574
1986	1	9780425148297
1987	1	9780736921350
1988	1	9781580891042
1989	1	9780375800399
1990	1	9781844168095
1991	1	9780689834516
1992	1	9780061673429
1993	1	9780345518873
1994	1	9780440229049
1995	1	9780375858116
1996	1	9781557987914
1997	1	9781615581337
1998	1	9780765315731
1999	1	9780515128550
