book	bookdepository	publication_date
2000	1915	1915	1073
0000	1	30 September 2008
0001	1	01 November 2010
0002	0	<NULL>
0003	1	15 July 2009
0004	1	29 April 2010
0005	1	10 March 2009
0006	1	05 August 2010
0007	1	04 May 2010
0008	1	06 January 2011
0009	1	01 November 2010
0010	1	08 March 2011
0011	1	01 April 2009
0012	0	<NULL>
0013	1	06 April 2010
0014	1	28 September 2010
0015	1	01 November 2007
0016	1	07 March 2010
0017	1	25 June 2001
0018	1	27 June 2003
0019	1	25 March 2011
0020	1	22 September 1997
0021	1	28 September 2010
0022	1	01 February 2011
0023	1	27 April 2010
0024	1	16 January 2004
0025	1	31 October 1999
0026	1	02 March 2006
0027	1	05 January 2009
0028	1	28 April 1994
0029	1	02 September 2010
0030	1	03 August 2010
0031	1	28 July 2004
0032	1	01 July 2003
0033	1	27 April 2010
0034	1	25 June 1992
0035	1	03 March 2011
0036	1	01 February 2007
0037	1	01 January 2010
0038	1	26 October 2010
0039	1	02 September 2010
0040	1	02 November 2010
0041	1	14 May 2010
0042	1	21 November 2002
0043	1	01 April 2007
0044	1	01 February 2009
0045	1	04 June 2010
0046	1	21 June 2010
0047	1	20 October 1999
0048	1	03 June 2010
0049	1	03 November 2009
0050	1	03 December 2009
0051	1	01 October 1988
0052	1	26 August 2008
0053	1	01 December 2009
0054	1	19 March 2009
0055	1	23 August 2006
0056	1	12 November 2007
0057	1	05 March 2009
0058	1	01 July 1999
0059	1	01 September 2000
0060	1	25 February 2010
0061	1	01 January 2010
0062	1	25 January 2011
0063	1	04 January 2011
0064	1	01 June 2010
0065	1	09 July 2008
0066	1	15 August 2009
0067	1	14 November 2007
0068	1	06 January 2011
0069	1	01 October 2010
0070	1	01 March 1995
0071	1	01 January 2011
0072	1	25 January 2007
0073	1	12 July 2001
0074	1	16 February 2010
0075	1	06 May 2009
0076	1	04 February 2010
0077	1	01 January 2011
0078	1	15 December 2010
0079	1	08 September 2010
0080	1	01 May 2002
0081	1	07 December 2010
0082	1	01 January 2011
0083	1	01 March 2011
0084	1	13 July 2010
0085	1	28 September 2010
0086	1	16 February 2010
0087	1	06 September 2010
0088	1	01 June 1989
0089	1	01 May 2006
0090	1	18 September 2009
0091	1	17 November 2009
0092	1	29 July 2005
0093	1	02 September 2010
0094	1	24 July 2003
0095	1	01 May 2010
0096	1	16 September 2010
0097	1	31 October 2003
0098	1	13 May 2009
0099	1	04 December 2008
0100	1	29 May 2001
0101	1	15 February 2011
0102	1	25 September 2007
0103	0	<NULL>
0104	1	12 July 2011
0105	1	07 February 2011
0106	1	03 December 2010
0107	1	25 January 2008
0108	1	31 March 2011
0109	1	02 June 2009
0110	1	03 January 2011
0111	1	31 March 2011
0112	0	<NULL>
0113	1	01 December 2010
0114	1	03 September 2009
0115	1	06 August 2009
0116	1	29 July 2010
0117	1	27 April 2010
0118	1	31 August 2010
0119	1	01 June 1962
0120	1	03 June 2010
0121	1	02 July 2010
0122	1	17 February 2010
0123	1	01 May 2008
0124	1	13 January 1994
0125	1	19 August 2010
0126	1	30 March 2002
0127	1	06 April 2006
0128	1	15 February 2011
0129	1	01 June 2009
0130	1	01 May 2006
0131	1	25 June 2009
0132	1	31 July 2007
0133	1	15 July 2004
0134	1	15 May 2010
0135	1	31 December 1997
0136	1	01 July 2009
0137	1	31 August 2010
0138	1	01 June 1997
0139	1	29 April 2010
0140	1	31 July 1997
0141	1	01 March 2011
0142	1	01 September 2003
0143	1	26 September 2006
0144	1	01 May 2010
0145	1	15 January 2010
0146	1	20 September 2010
0147	1	06 January 2011
0148	1	02 December 2010
0149	1	20 May 2010
0150	1	01 July 2010
0151	1	06 May 2010
0152	1	01 October 2010
0153	1	15 June 2006
0154	1	05 March 2008
0155	1	07 February 2011
0156	1	01 March 2010
0157	1	01 August 2010
0158	1	01 April 2009
0159	1	01 May 2009
0160	1	23 November 2010
0161	1	01 February 2010
0162	1	06 December 2010
0163	1	15 January 2008
0164	1	10 August 2010
0165	1	05 January 2009
0166	1	28 August 2008
0167	1	01 January 2006
0168	1	16 April 2010
0169	1	06 April 2005
0170	1	16 November 2010
0171	1	01 April 2002
0172	1	27 October 2006
0173	1	05 February 2003
0174	1	01 January 2000
0175	1	15 December 2009
0176	1	30 July 2010
0177	1	05 October 2010
0178	1	03 November 2009
0179	1	01 October 2009
0180	1	01 October 2007
0181	1	29 September 2009
0182	1	19 May 2008
0183	1	31 October 2006
0184	1	03 May 2010
0185	1	04 January 2011
0186	1	01 November 2010
0187	1	07 April 2011
0188	1	01 May 2008
0189	1	30 October 2008
0190	0	<NULL>
0191	1	23 October 2003
0192	1	01 March 2010
0193	1	06 January 2011
0194	1	24 September 2010
0195	1	01 February 2007
0196	1	01 February 2011
0197	1	01 September 2009
0198	1	01 June 2008
0199	1	12 October 2010
0200	1	19 October 2010
0201	1	13 January 2009
0202	1	01 June 2007
0203	1	01 January 1920
0204	1	15 June 2010
0205	1	30 April 1998
0206	1	24 June 2010
0207	1	07 October 2010
0208	1	01 January 2010
0209	1	01 January 2011
0210	1	17 May 2006
0211	1	11 September 2008
0212	1	01 June 1995
0213	1	28 August 2008
0214	1	12 October 2010
0215	1	30 September 2008
0216	1	06 August 2010
0217	1	03 September 2010
0218	1	25 August 2009
0219	1	03 February 2011
0220	1	01 November 2010
0221	1	05 October 2010
0222	1	01 May 2010
0223	1	10 March 2009
0224	0	<NULL>
0225	1	01 May 2010
0226	1	05 March 2009
0227	1	02 February 2010
0228	1	04 June 2010
0229	1	02 September 2008
0230	1	01 May 2007
0231	1	01 April 2008
0232	1	01 October 2002
0233	1	31 July 1997
0234	1	28 April 1994
0235	1	07 June 2011
0236	1	12 July 2010
0237	1	27 August 1999
0238	1	16 September 2010
0239	1	26 May 2005
0240	1	03 June 2004
0241	1	25 January 2011
0242	0	<NULL>
0243	1	06 September 1995
0244	1	21 August 2000
0245	1	15 November 2004
0246	1	19 May 2006
0247	1	08 November 1994
0248	1	01 June 2006
0249	1	01 June 2009
0250	1	24 August 2010
0251	1	26 November 2010
0252	1	18 January 2011
0253	1	01 December 2009
0254	1	04 June 2010
0255	1	14 October 2008
0256	1	25 June 2010
0257	1	21 March 2008
0258	1	03 September 2010
0259	1	31 December 2010
0260	1	03 February 2009
0261	1	06 October 2009
0262	1	01 September 2009
0263	1	06 July 2006
0264	1	15 August 2009
0265	0	<NULL>
0266	1	02 August 2010
0267	1	07 May 2004
0268	1	24 May 2011
0269	1	05 October 2010
0270	1	05 January 2009
0271	1	01 November 2008
0272	1	01 March 2009
0273	1	09 October 2007
0274	1	01 July 2010
0275	1	07 September 2010
0276	1	20 October 2010
0277	0	<NULL>
0278	1	11 September 2007
0279	1	11 February 2009
0280	1	01 November 2008
0281	1	25 June 2001
0282	1	05 May 2010
0283	1	30 January 2003
0284	1	15 January 2011
0285	1	25 January 2011
0286	1	01 November 2010
0287	1	05 October 2009
0288	1	03 January 2004
0289	1	31 August 2010
0290	1	28 November 1996
0291	1	26 May 2008
0292	1	26 March 2002
0293	0	<NULL>
0294	1	16 February 2000
0295	1	16 November 2010
0296	1	11 January 2005
0297	0	<NULL>
0298	1	07 September 2010
0299	1	01 March 2010
0300	1	12 September 1996
0301	1	14 July 2008
0302	1	04 September 2008
0303	0	<NULL>
0304	1	15 November 2007
0305	1	01 February 2005
0306	1	01 August 2003
0307	1	05 January 2009
0308	1	05 December 2008
0309	1	28 April 1994
0310	1	13 January 1994
0311	1	13 January 1994
0312	1	29 September 1994
0313	1	03 September 1998
0314	1	08 July 2010
0315	1	06 April 2006
0316	1	01 October 2006
0317	1	09 April 2010
0318	1	01 August 2005
0319	1	01 October 2010
0320	1	02 September 2010
0321	1	06 September 2004
0322	1	01 October 2008
0323	1	01 October 2001
0324	1	11 September 2003
0325	1	04 February 2009
0326	1	01 November 2007
0327	1	01 May 2007
0328	1	01 October 2008
0329	1	04 January 2011
0330	1	01 July 2009
0331	1	01 December 1994
0332	1	01 August 2005
0333	1	06 November 2003
0334	1	01 May 2004
0335	1	12 December 1991
0336	1	04 October 2010
0337	1	01 November 1996
0338	1	03 January 2011
0339	1	07 January 2011
0340	1	01 January 2011
0341	1	12 September 2002
0342	1	08 July 2010
0343	1	07 June 2010
0344	1	07 October 2010
0345	1	05 August 2010
0346	1	25 January 2011
0347	1	29 October 2010
0348	1	11 August 2010
0349	1	28 December 2010
0350	1	30 November 2010
0351	1	01 February 2007
0352	1	08 January 2009
0353	1	15 October 2002
0354	1	01 August 1996
0355	1	01 February 2004
0356	1	03 February 2011
0357	1	02 August 2010
0358	1	02 November 2010
0359	1	29 September 2010
0360	1	25 July 2010
0361	1	29 June 2010
0362	1	05 May 2008
0363	0	<NULL>
0364	1	01 May 2002
0365	1	28 December 2010
0366	1	01 July 2010
0367	1	04 October 2010
0368	1	23 March 2010
0369	1	29 July 2005
0370	1	01 September 2008
0371	1	01 September 2004
0372	1	18 May 2006
0373	1	27 August 2009
0374	1	29 September 2006
0375	1	01 September 2007
0376	1	15 September 2005
0377	1	16 September 1993
0378	1	04 December 2002
0379	1	21 November 2002
0380	1	01 August 2008
0381	1	05 January 2011
0382	1	15 November 2010
0383	1	16 January 2009
0384	1	17 July 2009
0385	1	20 May 2010
0386	1	04 June 2010
0387	1	10 June 2009
0388	1	26 November 1996
0389	1	19 August 2010
0390	1	06 April 2010
0391	0	<NULL>
0392	1	30 January 1997
0393	1	24 June 2010
0394	1	15 September 2005
0395	1	01 January 2004
0396	1	25 April 1996
0397	1	30 November 2010
0398	1	06 January 2009
0399	1	07 August 2001
0400	1	01 February 2002
0401	1	24 January 2007
0402	1	05 October 1998
0403	1	30 November 2010
0404	1	25 November 2010
0405	1	30 November 2010
0406	1	05 October 2010
0407	1	20 January 2011
0408	1	02 October 2002
0409	1	01 January 1997
0410	1	02 September 2004
0411	1	19 March 2009
0412	1	01 November 2010
0413	1	05 September 2003
0414	0	<NULL>
0415	1	01 October 2010
0416	1	20 June 2006
0417	1	01 December 2002
0418	1	12 January 1996
0419	1	27 December 2007
0420	1	01 January 2010
0421	1	20 October 2009
0422	1	05 October 2010
0423	1	10 August 2010
0424	1	11 January 2011
0425	1	01 January 2007
0426	1	15 September 2006
0427	1	05 April 2007
0428	1	03 September 1998
0429	1	01 July 1999
0430	1	25 July 1994
0431	1	22 June 2010
0432	1	01 February 2009
0433	1	03 January 1998
0434	1	28 September 2000
0435	1	01 March 2011
0436	1	20 January 2009
0437	1	01 July 2010
0438	1	01 June 2010
0439	1	01 March 2009
0440	1	11 January 2011
0441	1	01 February 2011
0442	1	01 November 2004
0443	1	28 April 2003
0444	1	01 December 2001
0445	1	01 June 2010
0446	1	11 November 2010
0447	1	24 August 2010
0448	1	27 February 2009
0449	1	20 March 2007
0450	1	01 September 2008
0451	1	01 March 2000
0452	1	03 September 2009
0453	1	06 October 2008
0454	1	01 January 2008
0455	1	24 July 2003
0456	1	07 June 2007
0457	1	22 May 2002
0458	1	15 November 2009
0459	1	16 July 1999
0460	1	15 May 2006
0461	1	15 February 2010
0462	1	01 August 2008
0463	1	01 November 2008
0464	1	01 May 2010
0465	1	01 October 2008
0466	1	01 February 2009
0467	1	12 April 2011
0468	1	01 September 2006
0469	1	01 September 2009
0470	1	01 November 2004
0471	1	01 May 1992
0472	1	01 April 2010
0473	1	26 November 2008
0474	1	06 December 2010
0475	1	01 August 2009
0476	1	15 June 2010
0477	1	01 May 1998
0478	1	19 February 2009
0479	1	13 May 2008
0480	1	01 May 2009
0481	1	03 April 2009
0482	1	21 September 2010
0483	1	27 May 2010
0484	1	01 May 2010
0485	0	<NULL>
0486	1	04 September 2008
0487	1	01 November 2007
0488	1	05 March 2009
0489	1	14 October 2010
0490	1	01 January 2011
0491	1	05 June 2008
0492	1	07 September 2009
0493	1	26 June 2009
0494	1	09 November 2010
0495	1	28 March 1996
0496	1	17 February 2010
0497	1	01 July 2010
0498	1	01 January 2009
0499	1	01 September 2009
0500	1	26 October 2010
0501	1	28 July 2004
0502	1	06 September 2001
0503	1	10 January 2009
0504	1	01 November 2010
0505	1	04 March 1999
0506	1	13 September 2007
0507	1	24 September 2010
0508	1	12 November 2009
0509	1	30 June 2010
0510	1	19 October 2010
0511	1	01 February 2010
0512	1	10 September 2009
0513	1	29 October 2009
0514	1	01 June 2003
0515	1	15 February 2009
0516	1	01 September 2008
0517	1	07 September 2010
0518	1	07 September 2010
0519	1	30 November 2001
0520	1	29 August 2008
0521	1	28 October 2004
0522	1	01 May 2009
0523	1	23 August 2010
0524	1	01 October 2010
0525	1	06 December 2010
0526	1	07 December 2010
0527	1	30 June 2008
0528	1	02 February 2009
0529	1	04 March 2010
0530	1	07 May 2009
0531	1	01 February 2011
0532	1	26 May 2009
0533	1	06 July 2010
0534	1	01 August 2010
0535	1	06 January 2009
0536	1	05 August 2010
0537	1	28 September 2010
0538	1	01 October 2010
0539	1	11 October 2010
0540	1	31 October 2006
0541	1	22 September 2007
0542	1	30 October 2009
0543	1	04 September 2008
0544	1	05 May 2009
0545	0	<NULL>
0546	1	25 August 2009
0547	1	23 June 2009
0548	1	01 December 2010
0549	1	11 June 2007
0550	1	01 May 2010
0551	1	05 January 2009
0552	1	06 October 2004
0553	1	19 October 2005
0554	0	<NULL>
0555	1	16 March 2005
0556	1	25 April 2008
0557	0	<NULL>
0558	1	16 November 2010
0559	1	18 November 2010
0560	1	01 July 2007
0561	1	23 November 2009
0562	1	26 February 2008
0563	1	26 September 2003
0564	1	01 May 2003
0565	1	28 January 2011
0566	1	01 June 1989
0567	1	01 January 2008
0568	1	01 February 1987
0569	1	01 May 1996
0570	1	01 August 2004
0571	1	01 January 2004
0572	0	<NULL>
0573	1	01 September 1986
0574	1	16 September 2003
0575	1	30 September 2008
0576	1	01 January 2008
0577	1	05 January 2009
0578	1	07 July 2009
0579	1	02 November 2010
0580	1	28 July 2009
0581	1	01 March 2010
0582	1	01 February 2010
0583	1	19 February 2010
0584	1	18 September 2009
0585	1	21 May 2010
0586	1	01 May 2005
0587	1	06 July 2009
0588	1	16 November 2010
0589	1	29 July 2005
0590	1	06 November 2000
0591	1	06 January 2011
0592	1	04 January 1996
0593	1	01 December 2006
0594	1	17 December 2009
0595	1	23 July 2009
0596	1	04 March 2010
0597	1	24 February 2006
0598	1	29 September 2006
0599	1	29 August 2008
0600	1	01 January 2001
0601	1	15 October 2010
0602	1	15 March 2010
0603	1	02 September 2010
0604	1	01 October 2003
0605	0	<NULL>
0606	1	12 September 2008
0607	1	20 January 2003
0608	1	11 November 2002
0609	1	01 October 2008
0610	1	29 February 2008
0611	1	25 January 2011
0612	1	04 May 2009
0613	1	01 September 2010
0614	1	28 February 1998
0615	1	31 March 2011
0616	1	16 June 2011
0617	1	30 September 2010
0618	1	13 October 2008
0619	1	01 January 2010
0620	1	30 September 2010
0621	1	10 May 2002
0622	1	04 July 2003
0623	1	26 October 2010
0624	1	06 November 2006
0625	1	18 October 2000
0626	1	01 February 2008
0627	1	25 April 2005
0628	1	01 January 2010
0629	1	02 February 2010
0630	1	09 October 2009
0631	1	07 October 2002
0632	1	13 February 2007
0633	1	01 August 2010
0634	1	15 June 2003
0635	0	<NULL>
0636	1	27 January 2011
0637	1	10 June 2004
0638	1	31 August 2000
0639	1	01 March 2010
0640	1	01 December 2009
0641	1	07 February 2008
0642	1	06 October 1995
0643	1	06 February 2006
0644	1	05 April 2011
0645	1	03 November 2009
0646	1	17 June 2002
0647	1	01 June 2008
0648	1	27 April 2010
0649	1	24 January 2006
0650	1	05 December 1996
0651	1	27 July 2010
0652	1	22 November 2005
0653	1	01 October 2010
0654	1	01 October 2008
0655	1	01 October 2000
0656	1	01 October 2002
0657	1	01 November 2010
0658	1	28 April 2003
0659	1	28 February 2006
0660	1	29 March 2011
0661	1	28 September 2010
0662	1	01 January 2009
0663	1	01 December 2008
0664	1	01 March 2008
0665	0	<NULL>
0666	1	29 September 2009
0667	1	01 August 2004
0668	1	01 March 2004
0669	1	28 November 2006
0670	0	<NULL>
0671	1	01 November 2000
0672	1	01 February 2005
0673	1	08 April 2010
0674	1	01 March 2009
0675	1	07 July 2009
0676	1	08 October 2009
0677	1	07 August 2008
0678	1	01 July 2010
0679	1	23 March 2010
0680	1	01 September 2009
0681	1	28 September 2010
0682	0	<NULL>
0683	1	09 December 2008
0684	1	22 September 2009
0685	1	11 February 2003
0686	1	31 December 1994
0687	1	01 August 1998
0688	0	<NULL>
0689	1	17 June 2005
0690	1	30 June 2006
0691	1	20 August 2007
0692	1	03 December 2010
0693	1	26 October 2010
0694	1	01 December 2010
0695	1	03 March 1994
0696	1	01 January 2009
0697	1	26 August 2008
0698	1	03 February 2009
0699	1	26 July 2005
0700	1	29 August 2006
0701	1	23 September 2009
0702	1	12 July 2007
0703	1	01 June 2010
0704	1	01 July 2000
0705	1	07 August 2009
0706	1	09 October 2009
0707	1	23 April 2009
0708	1	29 July 2010
0709	1	24 May 2010
0710	1	24 February 2005
0711	1	12 January 2010
0712	1	05 April 2011
0713	1	17 October 2007
0714	1	13 October 2009
0715	1	08 July 2005
0716	1	01 January 2001
0717	1	19 July 2002
0718	1	22 February 2002
0719	1	05 October 2001
0720	1	04 May 2010
0721	1	09 November 2010
0722	1	14 November 1994
0723	1	24 June 2008
0724	1	02 July 2010
0725	1	01 February 2007
0726	1	05 June 2003
0727	1	13 November 2008
0728	1	25 November 1999
0729	1	01 April 1981
0730	1	18 May 2010
0731	1	08 January 2009
0732	1	07 February 2008
0733	1	01 June 2006
0734	1	14 September 2010
0735	1	01 July 1999
0736	1	02 June 2005
0737	1	13 September 2010
0738	1	16 September 2010
0739	1	01 November 2009
0740	1	02 August 2007
0741	1	27 June 1996
0742	1	28 April 1994
0743	1	23 February 2009
0744	1	26 May 1994
0745	1	04 March 2010
0746	1	01 October 2009
0747	1	19 July 2001
0748	1	03 January 1998
0749	1	15 September 1990
0750	1	15 February 2011
0751	1	01 May 2010
0752	1	20 May 2010
0753	1	01 September 2008
0754	1	25 May 2010
0755	1	04 July 2005
0756	1	04 July 2002
0757	1	01 November 2010
0758	1	01 January 2010
0759	1	19 August 2008
0760	1	03 March 2011
0761	1	02 May 2006
0762	1	06 May 2008
0763	1	27 November 2009
0764	1	13 October 2010
0765	1	19 January 2011
0766	1	12 November 2007
0767	1	30 June 2008
0768	1	01 April 2002
0769	1	31 August 2001
0770	1	09 December 2009
0771	1	14 October 2008
0772	1	01 April 2001
0773	1	19 August 2008
0774	1	08 September 2003
0775	1	15 January 2006
0776	1	11 January 2011
0777	1	01 May 2009
0778	1	20 May 2010
0779	1	25 February 1999
0780	1	01 April 2009
0781	1	01 March 2000
0782	1	31 May 1999
0783	1	03 May 2011
0784	1	01 May 1992
0785	1	01 January 2010
0786	1	01 December 2002
0787	1	01 May 1993
0788	1	07 February 1994
0789	0	<NULL>
0790	1	07 June 1993
0791	1	06 May 2010
0792	1	01 May 2003
0793	1	14 July 2009
0794	1	24 June 2002
0795	1	26 December 2005
0796	1	25 May 2010
0797	1	26 November 2010
0798	1	22 July 2008
0799	0	<NULL>
0800	1	02 July 2009
0801	1	06 October 1999
0802	1	01 April 2000
0803	1	10 April 2000
0804	1	04 February 2010
0805	1	20 July 2010
0806	1	06 January 2011
0807	1	01 January 2010
0808	1	04 February 2010
0809	1	02 December 2010
0810	1	06 October 2006
0811	1	24 November 2006
0812	1	26 June 2008
0813	1	01 June 2010
0814	1	29 December 2009
0815	1	01 March 2006
0816	1	16 March 2010
0817	1	27 January 2009
0818	1	03 August 2010
0819	1	31 July 2010
0820	1	15 April 2010
0821	1	04 May 2004
0822	1	17 March 2011
0823	1	21 October 2010
0824	1	05 November 2009
0825	1	24 November 2006
0826	0	<NULL>
0827	1	01 December 2001
0828	1	26 October 2010
0829	1	27 July 2010
0830	1	15 January 2009
0831	1	30 November 2010
0832	1	04 March 2008
0833	1	03 March 2008
0834	1	15 May 2003
0835	1	01 May 2007
0836	1	05 January 2006
0837	1	01 September 2007
0838	1	01 August 2004
0839	1	01 August 2008
0840	1	01 November 2008
0841	1	06 August 2008
0842	0	<NULL>
0843	1	07 February 2011
0844	1	25 February 2011
0845	1	01 March 2010
0846	1	01 March 2010
0847	1	01 October 2010
0848	1	01 September 2010
0849	1	01 July 2010
0850	1	01 August 2010
0851	1	01 February 2010
0852	1	01 October 2008
0853	1	01 April 2010
0854	1	01 April 2009
0855	1	01 July 2005
0856	1	24 September 2010
0857	1	03 November 2008
0858	1	29 August 2008
0859	1	30 April 2002
0860	1	06 May 2004
0861	1	13 October 2009
0862	1	01 February 2011
0863	1	16 September 2009
0864	1	23 July 2010
0865	1	01 September 1994
0866	1	05 August 2009
0867	1	01 April 2009
0868	1	16 November 2010
0869	1	01 July 2010
0870	1	19 October 2010
0871	1	01 April 2004
0872	1	10 May 2010
0873	1	01 March 2003
0874	1	01 March 2003
0875	1	03 December 2007
0876	1	01 March 2005
0877	1	01 July 1997
0878	1	01 May 2004
0879	1	01 November 2010
0880	1	20 January 2011
0881	1	26 September 2008
0882	1	06 June 1997
0883	1	29 September 2006
0884	1	22 January 2002
0885	1	06 July 2006
0886	1	04 September 2009
0887	1	01 January 2000
0888	1	01 April 1994
0889	1	06 August 2009
0890	1	01 December 2009
0891	1	26 May 1994
0892	1	09 October 2003
0893	1	25 September 2009
0894	1	15 October 2007
0895	1	21 November 2002
0896	1	30 December 2008
0897	1	12 April 2011
0898	1	28 December 2010
0899	1	01 March 1998
0900	1	01 October 2010
0901	1	01 January 2003
0902	1	01 May 2005
0903	1	01 September 2009
0904	1	28 September 2010
0905	1	01 June 2008
0906	1	01 February 2009
0907	1	06 May 2010
0908	1	22 February 2011
0909	1	06 January 2011
0910	1	01 February 2010
0911	1	15 September 2000
0912	1	28 December 2010
0913	1	15 April 2010
0914	1	08 January 2008
0915	1	01 September 1993
0916	1	01 September 1997
0917	1	21 July 2009
0918	1	24 October 2008
0919	1	17 October 2003
0920	1	07 July 2008
0921	1	06 January 2011
0922	1	08 July 2010
0923	1	01 October 2007
0924	1	03 December 2007
0925	1	31 December 2010
0926	1	29 February 2008
0927	1	01 March 2007
0928	1	01 March 2011
0929	1	04 May 2010
0930	1	01 June 2005
0931	1	30 December 2008
0932	1	08 July 2010
0933	1	14 September 2010
0934	1	01 March 2010
0935	1	01 December 1999
0936	1	19 March 2010
0937	1	16 April 2010
0938	1	05 November 2010
0939	1	23 June 2009
0940	0	<NULL>
0941	1	02 September 2010
0942	1	13 July 2010
0943	1	01 October 2007
0944	1	04 January 2010
0945	1	04 January 2010
0946	1	01 September 2009
0947	1	07 September 2009
0948	1	01 May 2009
0949	1	01 October 2009
0950	1	02 June 2008
0951	1	01 November 2009
0952	0	<NULL>
0953	1	07 December 2010
0954	1	19 October 2010
0955	0	<NULL>
0956	1	09 February 2010
0957	1	02 July 2008
0958	1	01 October 2010
0959	1	01 October 2010
0960	1	01 May 2005
0961	1	01 October 2008
0962	1	01 March 2006
0963	1	15 March 2008
0964	1	24 September 2010
0965	1	05 November 2009
0966	1	03 April 2007
0967	1	14 March 2008
0968	1	02 February 2009
0969	1	01 February 2009
0970	1	11 April 2010
0971	1	25 January 2006
0972	1	19 October 2010
0973	1	31 October 2010
0974	1	10 June 2010
0975	1	28 September 2010
0976	0	<NULL>
0977	1	14 September 2010
0978	0	<NULL>
0979	1	07 July 2008
0980	1	22 April 2010
0981	1	01 March 2001
0982	1	01 August 2010
0983	1	07 September 2010
0984	1	07 September 2010
0985	1	12 November 2001
0986	1	28 September 2010
0987	1	28 September 2010
0988	1	28 October 2008
0989	1	28 October 2008
0990	1	01 August 2009
0991	1	01 November 2006
0992	1	25 October 2010
0993	1	01 June 2010
0994	1	29 July 2008
0995	1	27 October 2009
0996	1	07 October 2010
0997	1	27 January 2011
0998	1	01 April 1989
0999	1	06 October 2010
1000	1	15 January 2001
1001	1	03 April 2007
1002	1	01 October 2005
1003	1	14 July 2009
1004	1	01 May 2006
1005	1	28 April 2009
1006	1	28 August 1997
1007	1	19 May 1994
1008	1	01 January 2011
1009	1	15 December 2000
1010	1	01 October 2006
1011	1	06 September 1995
1012	1	06 September 1995
1013	1	01 June 1994
1014	1	02 May 2011
1015	1	15 October 2004
1016	1	04 September 2008
1017	1	24 September 2009
1018	1	01 October 2008
1019	1	02 September 2008
1020	1	02 September 2009
1021	1	29 May 2003
1022	1	01 August 2001
1023	1	02 November 2010
1024	1	28 October 2010
1025	1	17 July 2009
1026	1	20 December 2002
1027	1	21 February 2010
1028	1	01 June 2010
1029	1	01 January 2009
1030	1	12 July 2010
1031	1	01 February 2005
1032	1	25 May 2006
1033	1	01 February 2010
1034	1	09 November 2006
1035	1	06 October 2003
1036	1	08 May 2008
1037	0	<NULL>
1038	1	30 August 1991
1039	1	08 February 1999
1040	1	01 January 2005
1041	1	30 March 1995
1042	1	01 June 2002
1043	1	28 August 1996
1044	1	10 March 2009
1045	1	21 October 2005
1046	1	20 March 2001
1047	1	01 January 2004
1048	0	<NULL>
1049	1	16 September 2008
1050	1	23 June 2009
1051	1	31 August 2010
1052	1	29 March 2007
1053	1	01 October 2008
1054	1	26 March 2010
1055	1	30 January 2007
1056	1	04 March 2008
1057	1	01 May 2009
1058	1	16 May 2008
1059	1	23 October 2009
1060	1	01 May 2009
1061	1	11 July 2007
1062	1	24 November 1977
1063	0	<NULL>
1064	1	29 September 1995
1065	1	10 June 2010
1066	1	20 May 2010
1067	1	02 November 2010
1068	1	01 January 2009
1069	1	01 August 2009
1070	1	28 December 2008
1071	1	24 August 2004
1072	1	02 September 2004
1073	1	01 November 2005
1074	1	03 January 2002
1075	1	25 March 2008
1076	1	13 November 2002
1077	1	02 September 2003
1078	1	01 March 2009
1079	1	16 June 2009
1080	1	14 August 2009
1081	1	09 June 2009
1082	1	28 August 2005
1083	1	01 May 1998
1084	1	01 February 2000
1085	1	01 April 2000
1086	1	02 October 2008
1087	1	20 May 2004
1088	1	12 February 1999
1089	1	01 September 2008
1090	1	01 May 2005
1091	1	01 June 2007
1092	1	03 August 2000
1093	1	09 April 2001
1094	1	24 June 1991
1095	1	01 June 2008
1096	1	25 July 2002
1097	1	26 September 2008
1098	1	24 June 2004
1099	1	07 August 2007
1100	1	01 November 2005
1101	0	<NULL>
1102	1	01 March 1999
1103	1	07 October 1993
1104	1	30 January 2003
1105	1	04 August 2010
1106	1	02 March 1988
1107	1	01 September 2005
1108	1	31 December 1985
1109	1	11 August 2008
1110	1	23 June 2010
1111	1	29 February 2000
1112	1	20 October 2009
1113	1	14 December 2010
1114	1	29 December 2009
1115	1	26 April 2005
1116	1	03 May 2005
1117	1	01 July 2005
1118	1	06 August 2009
1119	1	09 October 2007
1120	1	01 February 2005
1121	0	<NULL>
1122	1	28 March 2003
1123	1	24 February 1994
1124	1	27 March 2003
1125	1	06 September 1995
1126	1	29 April 2000
1127	1	24 October 2001
1128	1	01 April 2004
1129	1	13 July 2007
1130	1	01 October 2009
1131	1	25 September 1986
1132	1	03 November 2005
1133	1	30 June 1994
1134	1	30 June 1994
1135	1	13 July 2006
1136	1	05 February 2010
1137	1	28 March 2003
1138	1	01 February 2000
1139	1	01 July 1993
1140	1	01 June 2008
1141	1	13 July 2010
1142	1	01 July 2008
1143	0	<NULL>
1144	1	15 February 2010
1145	0	<NULL>
1146	1	01 July 2008
1147	1	01 September 2004
1148	1	01 October 2009
1149	1	01 May 2008
1150	1	01 January 1997
1151	1	01 January 1974
1152	1	01 April 2002
1153	1	22 September 1999
1154	1	09 September 2004
1155	1	14 October 2005
1156	1	31 May 2005
1157	1	08 November 2007
1158	1	06 September 2007
1159	1	30 September 1991
1160	1	01 July 2008
1161	1	02 April 2010
1162	1	04 June 2010
1163	1	16 April 2009
1164	1	06 July 2006
1165	1	15 July 2004
1166	0	<NULL>
1167	1	01 May 2004
1168	1	04 July 2008
1169	1	30 August 2005
1170	1	01 April 2009
1171	1	06 April 2009
1172	1	25 August 2000
1173	1	14 September 2008
1174	1	28 September 2009
1175	1	04 June 2009
1176	1	01 May 2010
1177	1	01 December 2010
1178	1	12 June 2010
1179	1	13 April 2010
1180	1	01 February 1998
1181	1	15 June 2007
1182	0	<NULL>
1183	1	28 May 2010
1184	1	09 September 2008
1185	1	01 October 2003
1186	1	02 March 2010
1187	1	22 December 2009
1188	1	19 January 2010
1189	1	07 April 2009
1190	1	01 August 2005
1191	1	01 April 2009
1192	1	01 September 2004
1193	1	06 July 2004
1194	1	30 May 2007
1195	1	01 January 2008
1196	1	10 June 2005
1197	1	06 November 2008
1198	1	05 December 2003
1199	1	16 October 2008
1200	1	04 November 2010
1201	1	29 October 2010
1202	1	07 June 2007
1203	1	26 October 2010
1204	1	01 May 2009
1205	0	<NULL>
1206	1	31 October 2006
1207	1	08 May 2006
1208	1	01 April 2009
1209	1	21 February 2011
1210	1	10 July 2009
1211	1	12 October 2009
1212	1	16 June 2009
1213	1	19 May 2009
1214	1	23 July 2007
1215	1	17 February 2009
1216	1	01 September 2009
1217	1	30 September 2009
1218	1	28 September 2006
1219	1	30 June 2000
1220	1	08 June 2006
1221	1	01 August 1997
1222	1	04 January 2011
1223	1	04 January 2011
1224	1	02 August 2007
1225	1	03 February 2011
1226	1	04 March 2004
1227	1	11 June 2009
1228	1	02 February 2009
1229	1	14 May 2010
1230	1	23 April 2004
1231	1	01 October 1977
1232	1	01 November 1998
1233	1	01 September 1999
1234	1	18 January 2006
1235	1	01 August 2008
1236	1	30 June 2010
1237	1	20 June 2007
1238	1	01 September 2009
1239	0	<NULL>
1240	0	<NULL>
1241	1	05 November 2009
1242	1	27 March 2011
1243	1	01 May 2008
1244	1	01 June 1995
1245	1	23 September 2010
1246	1	14 January 1998
1247	1	29 December 2009
1248	1	06 February 2004
1249	1	25 August 2006
1250	1	11 August 2009
1251	1	01 December 2010
1252	1	01 June 2010
1253	1	15 March 2010
1254	1	04 September 2009
1255	1	04 June 2009
1256	1	31 July 2007
1257	0	<NULL>
1258	0	<NULL>
1259	1	07 February 2006
1260	1	06 March 2007
1261	1	08 March 2010
1262	1	01 September 2010
1263	1	29 July 2009
1264	1	30 July 1992
1265	1	25 March 2010
1266	1	26 November 2009
1267	1	04 March 2010
1268	1	27 October 2009
1269	1	01 May 2004
1270	1	01 January 2004
1271	1	15 January 1999
1272	1	01 May 2008
1273	1	01 October 2007
1274	1	01 July 2007
1275	1	01 May 2007
1276	0	<NULL>
1277	1	30 November 1998
1278	1	03 August 1999
1279	1	06 December 2002
1280	1	01 October 2009
1281	1	01 February 2010
1282	1	25 January 2005
1283	1	01 April 1999
1284	1	24 February 2009
1285	1	01 August 2009
1286	1	01 November 2007
1287	1	06 May 2004
1288	1	01 April 2007
1289	1	01 September 2003
1290	1	27 September 2007
1291	1	01 August 2004
1292	1	15 July 2003
1293	1	13 May 2010
1294	1	27 February 2003
1295	1	27 March 2003
1296	1	21 May 2004
1297	1	14 April 1994
1298	1	28 October 1998
1299	1	01 November 2005
1300	1	14 April 2009
1301	1	28 December 2008
1302	1	01 May 2008
1303	1	25 June 2010
1304	1	20 April 2010
1305	1	01 September 2002
1306	1	03 September 2007
1307	1	02 August 2010
1308	1	15 September 2009
1309	1	06 October 2009
1310	0	<NULL>
1311	1	24 December 2009
1312	1	01 February 2011
1313	1	01 July 2009
1314	1	01 May 2006
1315	1	01 May 2004
1316	1	01 May 2008
1317	1	01 January 1997
1318	1	01 March 2009
1319	1	25 October 1999
1320	1	01 October 1998
1321	1	31 December 1994
1322	1	17 October 1991
1323	1	18 November 2009
1324	1	08 December 2006
1325	1	06 September 2007
1326	1	01 July 2010
1327	1	11 January 1994
1328	1	01 November 2007
1329	1	01 April 2010
1330	1	01 March 1989
1331	1	18 January 2001
1332	1	25 August 2000
1333	1	01 July 2010
1334	1	01 October 2008
1335	1	02 July 2007
1336	1	01 April 2005
1337	1	01 September 2000
1338	1	01 November 2010
1339	1	07 October 1999
1340	1	03 August 2010
1341	1	31 January 2006
1342	1	11 October 2005
1343	1	14 October 2003
1344	1	01 September 2003
1345	1	05 June 2009
1346	1	03 March 2005
1347	1	14 March 2006
1348	1	01 February 2010
1349	1	06 November 2008
1350	1	08 January 2009
1351	1	11 December 2008
1352	1	01 April 2008
1353	1	01 February 2008
1354	1	01 January 2011
1355	1	01 November 2010
1356	1	14 September 2009
1357	1	01 December 2008
1358	1	01 June 2010
1359	1	25 July 2006
1360	1	01 October 2006
1361	1	28 July 2009
1362	1	01 September 2004
1363	1	01 May 2000
1364	1	15 October 2009
1365	1	01 April 2008
1366	1	08 November 2007
1367	1	28 November 2008
1368	1	09 September 2008
1369	1	01 July 2002
1370	1	01 July 2009
1371	1	01 November 2009
1372	1	25 August 2000
1373	0	<NULL>
1374	1	31 March 2009
1375	1	10 November 2005
1376	1	30 June 2005
1377	1	01 August 2007
1378	1	01 October 2006
1379	1	01 October 2001
1380	1	28 August 2007
1381	0	<NULL>
1382	1	06 October 2009
1383	1	13 October 2009
1384	1	01 October 2001
1385	1	08 September 2004
1386	1	24 August 1998
1387	1	21 March 2002
1388	1	01 January 2004
1389	1	11 May 2010
1390	1	18 September 2001
1391	1	31 October 2006
1392	1	15 September 2010
1393	1	31 May 2007
1394	0	<NULL>
1395	1	26 October 2000
1396	1	08 February 2010
1397	1	01 October 2009
1398	0	<NULL>
1399	1	06 September 1995
1400	1	01 November 2000
1401	1	14 August 2008
1402	1	20 February 1995
1403	1	25 July 2007
1404	1	24 May 2007
1405	1	29 January 2004
1406	1	06 January 2000
1407	1	22 May 2008
1408	1	13 October 2009
1409	1	01 January 2003
1410	1	24 September 2006
1411	1	01 March 2006
1412	0	<NULL>
1413	1	20 October 2004
1414	1	01 May 2010
1415	1	01 March 2002
1416	1	01 November 2001
1417	1	08 July 2008
1418	1	27 May 2008
1419	1	01 March 2009
1420	1	27 July 2010
1421	1	28 September 2010
1422	1	24 December 2010
1423	1	06 October 2008
1424	1	04 August 1997
1425	1	30 March 2004
1426	1	30 September 2010
1427	1	25 September 2009
1428	0	<NULL>
1429	1	26 March 2010
1430	1	17 April 2008
1431	1	31 January 2010
1432	1	17 March 2009
1433	1	30 November 2007
1434	1	30 December 2008
1435	1	31 May 2002
1436	1	14 January 2008
1437	1	27 April 2009
1438	1	01 March 2008
1439	1	01 January 2010
1440	1	01 September 2008
1441	1	01 March 2010
1442	1	01 March 2006
1443	1	01 April 2007
1444	1	01 March 2004
1445	1	20 March 2007
1446	0	<NULL>
1447	1	01 July 2009
1448	1	17 March 2008
1449	1	22 May 2003
1450	1	06 February 2008
1451	1	03 October 2008
1452	1	27 October 1994
1453	1	23 September 2010
1454	1	02 March 2009
1455	1	18 December 2009
1456	1	08 October 2009
1457	1	18 August 2009
1458	1	02 December 2008
1459	1	01 January 2009
1460	1	01 June 1997
1461	1	01 May 2010
1462	1	01 August 2005
1463	1	30 September 2010
1464	1	27 November 2009
1465	1	01 October 2010
1466	1	01 November 2001
1467	1	01 August 2010
1468	1	01 November 2006
1469	1	12 June 2008
1470	1	01 June 2006
1471	1	23 September 1996
1472	1	01 January 2005
1473	1	07 April 2008
1474	1	05 August 2010
1475	1	28 October 2007
1476	1	03 January 1998
1477	1	22 September 2000
1478	1	05 May 2009
1479	1	01 May 2009
1480	1	26 November 1999
1481	1	23 August 2010
1482	1	07 September 2009
1483	1	03 April 2008
1484	1	03 September 2009
1485	1	03 April 2008
1486	1	04 July 2002
1487	1	01 November 2005
1488	1	01 September 2006
1489	1	01 October 2005
1490	1	01 December 2005
1491	1	24 December 2010
1492	1	01 August 2003
1493	1	14 December 2007
1494	1	01 November 2005
1495	1	25 May 2009
1496	1	15 October 2010
1497	1	06 March 2008
1498	1	28 February 2007
1499	1	27 January 2011
1500	1	16 December 2010
1501	1	10 August 2000
1502	1	01 September 2010
1503	1	01 September 2010
1504	1	07 September 2009
1505	1	28 February 2010
1506	1	30 September 2002
1507	1	30 October 2006
1508	0	<NULL>
1509	1	01 December 2008
1510	1	11 October 2010
1511	1	06 November 2007
1512	1	14 December 2009
1513	1	10 August 2009
1514	1	11 March 2010
1515	0	<NULL>
1516	0	<NULL>
1517	1	01 August 2005
1518	1	28 August 2008
1519	1	28 August 2008
1520	1	28 August 2007
1521	1	21 August 2007
1522	1	14 June 2004
1523	1	31 May 2010
1524	1	08 May 2001
1525	1	29 August 2008
1526	1	06 August 2009
1527	1	11 August 2010
1528	1	19 December 2008
1529	1	27 March 2009
1530	1	01 January 2002
1531	1	20 April 2009
1532	1	01 April 2005
1533	1	01 April 1996
1534	1	08 September 2009
1535	1	19 October 2010
1536	1	24 January 1998
1537	1	30 October 2008
1538	1	24 September 2004
1539	1	29 July 2004
1540	1	15 November 1994
1541	1	15 November 1995
1542	1	01 May 1977
1543	1	01 December 1999
1544	1	12 October 2006
1545	1	01 September 2010
1546	1	01 September 1993
1547	1	18 July 2006
1548	1	05 December 2010
1549	1	13 April 2010
1550	1	03 April 2007
1551	1	03 June 2010
1552	1	01 May 2008
1553	1	01 September 2005
1554	1	06 October 2009
1555	1	06 October 2009
1556	1	01 April 2010
1557	1	01 May 2010
1558	1	07 September 2010
1559	1	10 March 2010
1560	1	17 June 2009
1561	1	24 April 1998
1562	1	01 April 2005
1563	1	01 December 2003
1564	1	24 April 1998
1565	1	01 November 1989
1566	1	23 May 2007
1567	1	18 January 2011
1568	1	01 March 2011
1569	1	04 January 2011
1570	1	28 December 2010
1571	1	01 February 2007
1572	1	18 November 2004
1573	1	01 December 2010
1574	1	15 January 2003
1575	1	23 January 1986
1576	1	01 January 2004
1577	1	01 February 1993
1578	1	01 May 1999
1579	1	21 October 2002
1580	1	09 April 2009
1581	1	25 May 2007
1582	1	05 September 2005
1583	1	20 August 2009
1584	1	30 April 2009
1585	1	08 October 2009
1586	1	01 September 2006
1587	1	20 March 2008
1588	1	25 January 1973
1589	1	01 January 2004
1590	1	04 November 2004
1591	1	15 January 1993
1592	1	21 April 2010
1593	0	<NULL>
1594	1	10 March 2005
1595	1	03 March 2009
1596	1	31 August 2010
1597	1	01 October 2008
1598	1	01 November 2002
1599	1	14 May 2010
1600	1	26 January 1994
1601	1	31 October 1989
1602	1	26 January 1994
1603	1	01 November 2010
1604	1	15 September 2008
1605	1	21 August 2008
1606	1	01 April 2009
1607	1	05 December 1996
1608	1	10 October 1997
1609	1	01 June 2009
1610	1	13 July 2004
1611	1	21 October 2009
1612	1	04 July 2003
1613	1	01 August 2010
1614	1	24 April 2006
1615	1	01 July 2009
1616	1	15 February 2008
1617	1	19 November 2007
1618	1	31 March 2009
1619	1	01 April 2009
1620	1	27 November 1995
1621	1	01 May 2001
1622	1	11 September 1995
1623	1	01 September 2009
1624	1	29 October 2008
1625	1	28 May 2008
1626	1	16 December 2009
1627	1	12 September 2006
1628	1	24 June 2010
1629	1	20 May 1999
1630	1	25 April 2002
1631	1	01 September 2006
1632	1	01 September 2009
1633	1	03 April 2006
1634	1	01 October 2009
1635	1	01 March 1992
1636	1	30 June 2005
1637	1	30 November 2000
1638	1	29 June 2010
1639	1	25 June 2009
1640	1	28 August 2010
1641	1	07 December 2006
1642	1	01 February 2010
1643	0	<NULL>
1644	1	01 May 2000
1645	1	30 July 2008
1646	1	01 November 1989
1647	1	09 May 2007
1648	1	07 February 2008
1649	1	19 February 2007
1650	1	26 May 2006
1651	1	27 July 2000
1652	0	<NULL>
1653	1	07 July 2009
1654	1	06 March 2007
1655	1	02 January 2007
1656	1	24 January 2006
1657	1	01 May 2007
1658	0	<NULL>
1659	1	06 July 2006
1660	1	26 May 1998
1661	0	<NULL>
1662	1	01 October 2001
1663	1	13 November 2007
1664	1	31 December 1998
1665	1	01 November 2001
1666	1	30 September 2010
1667	1	01 October 2001
1668	1	15 September 2009
1669	1	09 September 2010
1670	1	15 September 2009
1671	1	11 February 2008
1672	1	02 April 2001
1673	1	11 May 2004
1674	1	19 May 2009
1675	0	<NULL>
1676	1	29 May 2007
1677	1	30 January 2008
1678	1	06 January 2010
1679	1	01 August 2005
1680	1	02 January 2006
1681	1	01 February 2008
1682	1	01 February 2003
1683	1	22 October 2009
1684	1	04 May 2004
1685	1	12 April 2002
1686	1	15 June 2010
1687	1	01 December 2006
1688	1	23 June 2009
1689	0	<NULL>
1690	1	10 May 2010
1691	1	05 September 2006
1692	1	04 December 2009
1693	1	27 September 1995
1694	1	30 September 2008
1695	1	01 July 2010
1696	1	16 December 2002
1697	1	07 April 2005
1698	1	03 November 2009
1699	1	01 September 2009
1700	1	01 December 2009
1701	1	03 April 2008
1702	1	21 December 2007
1703	1	20 January 2004
1704	1	01 February 2008
1705	1	27 September 1990
1706	1	01 October 2006
1707	1	29 November 2002
1708	1	01 November 2003
1709	1	09 April 1996
1710	1	06 March 2003
1711	1	01 April 2010
1712	1	01 September 2006
1713	0	<NULL>
1714	1	01 September 2007
1715	1	01 March 2005
1716	1	31 July 1995
1717	1	01 April 2008
1718	1	21 July 2000
1719	1	01 February 1989
1720	1	24 August 1999
1721	1	01 July 2007
1722	1	25 January 2011
1723	1	08 December 1998
1724	1	01 September 2008
1725	1	01 December 1993
1726	1	01 August 2007
1727	1	28 October 2008
1728	1	01 March 2007
1729	0	<NULL>
1730	1	31 March 2009
1731	0	<NULL>
1732	1	01 September 2000
1733	1	05 August 2010
1734	1	05 February 2010
1735	1	01 October 1997
1736	1	10 January 2008
1737	1	01 June 2011
1738	1	21 April 2009
1739	1	06 July 2010
1740	0	<NULL>
1741	1	05 January 2010
1742	1	01 March 2008
1743	1	01 January 2004
1744	1	01 May 2005
1745	0	<NULL>
1746	0	<NULL>
1747	1	25 January 2002
1748	1	20 February 1998
1749	1	01 February 1997
1750	1	18 July 2008
1751	1	18 August 2004
1752	1	18 December 2007
1753	1	17 September 2006
1754	1	04 October 2007
1755	1	01 January 2005
1756	1	26 February 2008
1757	1	20 February 2001
1758	1	10 April 2008
1759	1	05 June 2003
1760	1	01 January 2004
1761	1	30 October 2007
1762	1	01 May 2006
1763	1	08 January 2009
1764	1	01 January 1996
1765	1	01 March 2007
1766	1	30 September 1999
1767	1	04 April 2002
1768	1	05 December 2006
1769	1	01 July 2005
1770	1	19 April 2011
1771	1	01 February 2009
1772	1	01 March 2009
1773	1	24 October 2002
1774	1	01 June 2004
1775	1	29 March 2007
1776	1	04 March 1999
1777	1	28 October 2002
1778	1	25 April 2003
1779	1	05 January 2006
1780	1	01 December 2009
1781	1	31 December 1997
1782	1	30 October 2003
1783	1	01 March 2006
1784	1	01 September 2000
1785	1	01 November 1991
1786	1	12 May 2010
1787	1	01 May 2001
1788	1	09 November 2004
1789	1	01 September 2003
1790	1	01 September 2003
1791	1	01 January 2004
1792	1	05 May 2010
1793	1	03 March 2011
1794	1	01 January 2009
1795	1	29 September 1997
1796	1	14 June 1999
1797	0	<NULL>
1798	1	17 May 2007
1799	1	01 September 2004
1800	1	02 June 2008
1801	1	24 June 1993
1802	1	02 February 2010
1803	1	23 March 2005
1804	1	01 October 2006
1805	1	22 September 2009
1806	1	13 May 2008
1807	1	05 March 2009
1808	1	01 May 2005
1809	1	01 October 1996
1810	1	02 August 2005
1811	1	20 May 2003
1812	1	01 January 2001
1813	1	01 October 1986
1814	1	01 April 2009
1815	1	01 May 2010
1816	1	01 April 2007
1817	1	27 October 2008
1818	1	29 December 2005
1819	1	25 January 2007
1820	1	28 April 2005
1821	1	05 June 2007
1822	1	05 June 2007
1823	1	29 April 2010
1824	1	20 October 2005
1825	1	23 April 1998
1826	1	08 November 2007
1827	1	15 May 2009
1828	1	01 September 2009
1829	1	01 August 2006
1830	1	01 June 2007
1831	1	01 October 2002
1832	1	03 October 2005
1833	1	06 January 2011
1834	1	13 May 2009
1835	1	25 November 2009
1836	1	03 June 2010
1837	1	01 September 2009
1838	1	03 April 1997
1839	1	03 May 2001
1840	1	01 August 2000
1841	0	<NULL>
1842	1	29 December 2009
1843	1	07 May 2009
1844	1	06 December 2000
1845	1	15 May 2003
1846	1	15 January 2003
1847	1	01 November 1996
1848	1	15 September 2008
1849	1	08 November 2008
1850	1	20 May 2008
1851	1	31 December 1997
1852	1	25 July 1995
1853	1	26 April 2001
1854	1	01 August 1999
1855	1	01 February 2004
1856	1	03 November 2006
1857	1	28 January 2005
1858	1	01 October 2001
1859	1	17 September 2007
1860	1	28 January 2010
1861	1	15 November 2008
1862	1	01 May 1999
1863	1	07 July 2005
1864	1	01 December 2004
1865	1	01 December 2000
1866	1	01 October 1998
1867	1	01 December 1995
1868	1	04 October 2010
1869	1	20 October 2008
1870	1	06 November 2008
1871	1	01 July 2010
1872	1	01 September 1998
1873	1	01 May 2008
1874	1	01 January 2006
1875	1	03 August 2009
1876	1	23 June 2006
1877	1	01 November 2004
1878	1	15 June 2007
1879	1	01 August 2007
1880	1	01 July 2004
1881	1	01 January 2004
1882	1	18 August 2008
1883	1	01 March 2008
1884	0	<NULL>
1885	1	17 April 2008
1886	1	25 November 2010
1887	1	02 August 2007
1888	1	27 November 2008
1889	1	06 October 2003
1890	1	01 February 2007
1891	1	17 September 2010
1892	1	02 August 2001
1893	1	01 August 2006
1894	0	<NULL>
1895	1	03 February 2011
1896	1	01 April 2004
1897	1	01 August 2007
1898	1	31 August 2006
1899	1	08 March 2005
1900	0	<NULL>
1901	1	28 December 2010
1902	1	01 November 2009
1903	1	06 January 2010
1904	1	13 April 2010
1905	0	<NULL>
1906	1	14 August 2000
1907	1	01 April 1976
1908	1	05 January 2010
1909	1	01 November 2007
1910	1	24 November 2009
1911	1	06 January 2009
1912	1	01 April 2000
1913	1	15 February 2007
1914	1	01 August 2006
1915	1	01 March 2004
1916	1	30 December 2000
1917	1	02 September 2010
1918	1	09 October 2007
1919	1	15 September 2006
1920	1	07 March 2000
1921	1	07 August 2008
1922	1	27 January 1983
1923	1	01 November 1994
1924	0	<NULL>
1925	1	27 June 2006
1926	1	28 September 2010
1927	1	07 October 2010
1928	1	10 July 2002
1929	1	28 October 2004
1930	1	13 February 2002
1931	1	11 November 2010
1932	1	11 March 2008
1933	1	03 September 2010
1934	1	01 March 2009
1935	1	08 August 2006
1936	1	01 April 2009
1937	1	01 September 2001
1938	1	01 April 1988
1939	1	01 April 1990
1940	1	02 December 2009
1941	1	01 October 2009
1942	1	27 May 2008
1943	1	01 September 2009
1944	1	01 September 2009
1945	1	17 May 2003
1946	1	25 July 2002
1947	1	23 May 2008
1948	1	27 October 2006
1949	0	<NULL>
1950	1	01 December 1993
1951	1	01 September 1998
1952	1	01 August 1994
1953	1	28 May 2004
1954	1	30 December 2005
1955	1	26 September 1996
1956	1	04 July 1996
1957	1	06 January 2011
1958	1	15 March 2010
1959	1	01 June 1979
1960	1	28 December 2010
1961	1	27 August 1998
1962	1	01 October 1998
1963	1	03 April 2008
1964	1	29 June 2007
1965	1	21 January 1991
1966	1	30 July 2006
1967	1	27 September 2010
1968	1	25 September 2007
1969	1	01 May 1995
1970	1	01 October 2003
1971	1	01 July 2009
1972	1	01 June 2009
1973	1	01 November 2010
1974	1	01 April 2008
1975	1	15 March 2008
1976	1	01 March 2009
1977	1	01 October 2010
1978	1	04 January 2010
1979	1	15 August 2009
1980	1	04 April 2005
1981	1	01 November 2006
1982	1	01 December 2010
1983	1	01 May 2010
1984	1	01 August 2007
1985	0	<NULL>
1986	0	<NULL>
1987	1	28 March 2002
1988	1	01 October 2008
1989	1	01 October 2008
1990	1	20 July 1992
1991	1	02 July 2008
1992	1	13 July 2010
1993	1	08 January 2009
1994	1	22 April 2008
1995	1	22 November 2006
1996	1	01 January 2007
1997	1	01 October 2003
1998	1	28 May 2010
1999	0	<NULL>
