book	booksamillion	isbn_13
2000	2000	2000	2000
0000	1	: 9780316125581
0001	1	: 9781420106879
0002	1	: 9781439184301
0003	1	: 9781416586593
0004	1	: 9780441018642
0005	1	: 9780758242662
0006	1	: 9781595142504
0007	1	: 9780515148145
0008	1	: 9780515148152
0009	1	: 9780778328704
0010	1	: 9780505528490
0011	1	: 9780316035439
0012	1	: 9780385504225
0013	1	: 9780446580830
0014	1	: 9780399156533
0015	1	: 9780778329626
0016	1	: 9780373285907
0017	1	: 9781595546890
0018	1	: 9780061474842
0019	1	: 9780778327929
0020	1	: 9781423379966
0021	1	: 9780425234334
0022	1	: 9780316056571
0023	1	: 9781439189856
0024	1	: 9780345497499
0025	1	: 9780316015844
0026	1	: 9780312599072
0027	1	: 9780061626913
0028	1	: 9780778327707
0029	1	: 9780316160193
0030	1	: 9780061728976
0031	1	: 9780143118428
0032	1	: 9781595620156
0033	1	: 9780385532457
0034	1	: 9780786022274
0035	1	: 9780312532598
0036	1	: 9780316036191
0037	1	: 9780451229731
0038	1	: 9780441017157
0039	1	: 9781595230621
0040	1	: 9781848325654
0041	1	: 9781844168750
0042	1	: 9781439133736
0043	1	: 9781439101070
0044	1	: 9780778327806
0045	1	: 9780767928823
0046	1	: 9781416594857
0047	1	: 9781416989400
0048	1	: 9780425235676
0049	1	: 9780312558161
0050	1	: 9780399156243
0051	1	: 9780143038252
0052	1	: 9780393072235
0053	1	: 9781423392071
0054	1	: 9780061728471
0055	1	: 9781441842312
0056	1	: 9780785145431
0057	1	: 9780441018932
0058	1	: 9780312374983
0059	1	: 9780061659225
0060	1	: 9780446570961
0061	1	: 9780786891320
0062	1	: 9780553591903
0063	1	: 9780399156250
0064	1	: 9780515147902
0065	1	: 9780743201148
0066	1	: 9780810993136
0067	1	: 9781605298382
0068	1	: 9780545060493
0069	1	: 9780670021796
0070	1	: 9780307406330
0071	1	: 9780310266266
0072	1	: 9780316018722
0073	1	: 9780441018529
0074	1	: 9780307463579
0075	1	: 9780425227510
0076	1	: 9781439145241
0077	1	: 9780385341653
0078	1	: 9781596981096
0079	1	: 9780312361983
0080	1	: 9780061702303
0081	1	: 9780446567329
0082	1	: 9781595142719
0083	1	: 9780399252051
0084	1	: 9780470285367
0085	1	: 9780743273565
0086	1	: 9781579653774
0087	1	: 9780385343183
0088	1	: 9780446556248
0089	1	: 9780670021390
0090	1	: 9780061771040
0091	1	: 9780441015894
0092	1	: 9780785229216
0093	1	: 9780451225856
0094	1	: 9780553494174
0095	1	: 9780345509086
0096	1	: 9781427816405
0097	1	: 9780785129509
0098	1	: 9780758246691
0099	1	: 9780758232267
0100	1	: 9780452296664
0101	1	: 9780452296640
0102	1	: 9780373210107
0103	1	: 9780061792120
0104	1	: 9780375842207
0105	1	: 9780399156274
0106	1	: 9780446691093
0107	1	: 9780399156465
0108	1	: 9780439023481
0109	1	: 9780385343305
0110	1	: 9780060254926
0111	1	: 9780345522399
0112	1	: 9780439866286
0113	1	: 9780446582346
0114	1	: 9781423121718
0115	1	: 9780307453976
0116	1	: 9780441010516
0117	1	: 9780446561808
0118	1	: 9780545044257
0119	1	: 9781420106862
0120	1	: 9780312556174
0121	1	: 9780316070522
0122	1	: 9780399250330
0123	1	: 9780307268969
0124	1	: 9780446198981
0125	1	: 9780061555091
0126	1	: 9780470100288
0127	1	: 9780446407410
0128	1	: 9780786838653
0129	1	: 9781416994626
0130	1	: 9780440237686
0131	1	: 9780425230152
0132	1	: 9780688014292
0133	1	: 9780545010221
0134	1	: 9781416563686
0135	1	: 9780373773923
0136	1	: 9780310289029
0137	1	: 9780061474316
0138	1	: 9781416954125
0139	1	: 9780061926518
0140	1	: 9780425235102
0141	1	: 9780316075800
0142	1	: 9780061288890
0143	1	: 9780312942311
0144	1	: 9781595552662
0145	1	: 9780316043908
0146	1	: 9780310326281
0147	1	: 9780385474542
0148	1	: 9781590384817
0149	1	: 9780071401944
0150	1	: 9780394800783
0151	1	: 9780470393772
0152	1	: 9780312366056
0153	1	: 9781423101482
0154	1	: 9780312942304
0155	1	: 9780930289232
0156	1	: 9780670011940
0157	1	: 9780446610032
0158	1	: 9781933016443
0159	1	: 9780061562846
0160	1	: 9780316002899
0161	1	: 9780312364120
0162	1	: 9780312368739
0163	1	: 9780515147926
0164	1	: 9780425222195
0165	1	: 9780515148060
0166	1	: 9780312567453
0167	1	: 9780842387583
0168	1	: 9780345516220
0169	1	: 9780316053181
0170	1	: 9780553589337
0171	1	: 9780345518286
0172	1	: 9781584797951
0173	1	: 9780316002905
0174	1	: 9780385340991
0175	1	: 9780312992415
0176	1	: 9780312367541
0177	1	: 9780060530921
0178	1	: 9780312945817
0179	1	: 9780399154188
0180	1	: 9780440243823
0181	1	: 9780553807141
0182	1	: 9780786952335
0183	1	: 9781932319729
0184	1	: 9781594481710
0185	1	: 9780515134506
0186	1	: 9781416589181
0187	1	: 9780345495945
0188	1	: 9780515145069
0189	1	: 9780140157352
0190	1	: 9780739367674
0191	1	: 9780743296410
0192	1	: 9780440244493
0193	1	: 9780061138027
0194	1	: 9781595230546
0195	1	: 9781599903422
0196	1	: 9780373176496
0197	1	: 9780525950790
0198	1	: 9780316004213
0199	1	: 9780553592443
0200	1	: 9780061474309
0201	1	: 9780140177398
0202	1	: 9781423121992
0203	1	: 9780385735292
0204	1	: 9780553296983
0205	1	: 9780694003617
0206	1	: 9780316065788
0207	1	: 9780778326694
0208	1	: 9781416533184
0209	1	: 9780061924682
0210	1	: 9780142427767
0211	1	: 9781439176283
0212	1	: 9780345509888
0213	1	: 9780312934347
0214	1	: 9781595230638
0215	1	: 9780312934330
0216	1	: 9780060572341
0217	1	: 9780061795152
0218	1	: 9780310327653
0219	1	: 9780312934323
0220	1	: 9780312381233
0221	1	: 9780446536103
0222	1	: 9780842356329
0223	1	: 9780553806861
0224	1	: 9780226320557
0225	1	: 9780307272409
0226	1	: 9780061582479
0227	1	: 9780061767586
0228	1	: 9780316075848
0229	1	: 9780451230164
0230	1	: 9780689040344
0231	1	: 9780060892142
0232	1	: 9780316008952
0233	1	: 9780061257070
0234	1	: 9780061651618
0235	1	: 9780312952419
0236	1	: 9780142415092
0237	1	: 9780778327813
0238	1	: 9780761147732
0239	1	: 9780679745587
0240	1	: 9780345495150
0241	1	: 9780312938819
0242	1	: 9780373773640
0243	1	: 9780786021307
0244	1	: 9781576754221
0245	1	: 9780446611213
0246	1	: 9781590523179
0247	1	: 9780451228567
0248	1	: 9780451230485
0249	1	: 9780316073950
0250	1	: 9780061474293
0251	1	: 9781595141750
0252	1	: 9780515134452
0253	1	: 9780060892197
0254	1	: 9780399155482
0255	1	: 9780312349509
0256	1	: 9781416552192
0257	1	: 9780451412904
0258	1	: 9781426296352
0259	1	: 9780316075633
0260	1	: 9780765344328
0261	1	: 9780140385724
0262	1	: 9780515134469
0263	1	: 9780373831784
0264	1	: 9780307455871
0265	1	: 9780061229695
0266	1	: 9780345518859
0267	1	: 9781591858829
0268	1	: 9780374166854
0269	1	: 9780142001745
0270	1	: 9781934876800
0271	1	: 9780515134445
0272	1	: 9780312357191
0273	1	: 9781550229301
0274	1	: 9780451463333
0275	1	: 9780547225470
0276	1	: 9780761129615
0277	1	: 9780061795145
0278	1	: 9780312348670
0279	1	: 9780385343664
0280	1	: 9781414333052
0281	1	: 9781601622716
0282	1	: 9780060774073
0283	1	: 9780312377649
0284	1	: 9780553591705
0285	1	: 9780345499394
0286	1	: 9780345509185
0287	1	: 9781423134947
0288	1	: 9780515144284
0289	1	: 9780486268651
0290	1	: 9780394800011
0291	1	: 9780425217405
0292	1	: 9780670021253
0293	1	: 9780143115007
0294	1	: 9780316168816
0295	1	: 9780060731335
0296	1	: 9780877798071
0297	1	: 9780446548502
0298	1	: 9780425227732
0299	1	: 9780142407332
0300	1	: 9780446566933
0301	1	: 9780399155390
0302	1	: 9780446401265
0303	1	: 9780061662218
0304	1	: 9780553591156
0305	1	: 9780785260929
0306	1	: 9780062008510
0307	1	: 9781416577577
0308	1	: 9781400063840
0309	1	: 9781439129173
0310	1	: 9781414300559
0311	1	: 9780849900419
0312	1	: 9780578041476
0313	1	: 9781439133811
0314	1	: 9780451230492
0315	1	: 9780761152149
0316	1	: 9780312343606
0317	1	: 9780441013814
0318	1	: 9780061928857
0319	1	: 9780345410016
0320	1	: 9781401301309
0321	1	: 9780446544887
0322	1	: 9780060838652
0323	1	: 9780553584493
0324	1	: 9780446547475
0325	1	: 9780312990459
0326	1	: 9780778327547
0327	1	: 9780515140880
0328	1	: 9780778327608
0329	1	: 9780618683352
0330	1	: 9781416914297
0331	1	: 9781416524793
0332	1	: 9780373775231
0333	1	: 9780385751896
0334	1	: 9780061931413
0335	1	: 9780061960383
0336	1	: 9780385486804
0337	1	: 9780439064866
0338	1	: 9780373773848
0339	1	: 9780515132878
0340	1	: 9780425234617
0341	1	: 9780061667848
0342	1	: 9780446618304
0343	1	: 9781557256232
0344	1	: 9781605295503
0345	1	: 9781427818188
0346	1	: 9781602860971
0347	1	: 9780821775899
0348	1	: 9781557481108
0349	1	: 9780061443091
0350	1	: 9781414313047
0351	1	: 9780439709101
0352	1	: 9780849920196
0353	1	: 9780375828256
0354	1	: 9780785263500
0355	1	: 9780679755333
0356	1	: 9780061667855
0357	1	: 9780446199551
0358	1	: 9780764206108
0359	1	: 9780446400985
0360	1	: 9781416509882
0361	1	: 9780446615648
0362	1	: 9780805444780
0363	1	: 9780060520625
0364	1	: 9780312976279
0365	1	: 9781416531647
0366	1	: 9780310228639
0367	1	: 9780425233290
0368	1	: 9780765365859
0369	1	: 9780061449482
0370	1	: 9780762414741
0371	1	: 9780307266309
0372	1	: 9780316085311
0373	1	: 9780425231982
0374	1	: 9781599792583
0375	1	: 9781439148105
0376	1	: 9780785134350
0377	1	: 9780399156281
0378	1	: 9780446548151
0379	1	: 9780312980146
0380	1	: 9780439136358
0381	1	: 9780373285860
0382	1	: 9781416599036
0383	1	: 9781885071330
0384	1	: 9781416967620
0385	1	: 9781599793504
0386	1	: 9780312985363
0387	1	: 9780451462008
0388	1	: 9780425234747
0389	1	: 9780061579516
0390	1	: 9780553591149
0391	1	: 9781594866951
0392	1	: 9781590525722
0393	1	: 9781598695366
0394	1	: 9780425183977
0395	1	: 9781416954217
0396	1	: 9780312562748
0397	1	: 9781886768871
0398	1	: 9780786951444
0399	1	: 9780440243830
0400	1	: 9781595547064
0401	1	: 9781416592969
0402	1	: 9780375837333
0403	1	: 9780670021208
0404	1	: 9781400064281
0405	1	: 9780821778760
0406	1	: 9781589193574
0407	1	: 9780553213102
0408	1	: 9780843199581
0409	1	: 9780525951445
0410	1	: 9780778328827
0411	1	: 9780618267460
0412	1	: 9781416994060
0413	1	: 9780061684388
0414	1	: 9780764201523
0415	1	: 9781400067114
0416	1	: 9780399156045
0417	1	: 9780451458926
0418	1	: 9780440243670
0419	1	: 9780061537936
0420	1	: 9780060572969
0421	1	: 9780465019489
0422	1	: 9780446539821
0423	1	: 9781416914181
0424	1	: 9780439286060
0425	1	: 9780425224847
0426	1	: 9781423116387
0427	1	: 9780553807219
0428	1	: 9780439784542
0429	1	: 9780393061024
0430	1	: 9780525421603
0431	1	: 9781583333686
0432	1	: 9781595543714
0433	1	: 9781420100518
0434	1	: 9780440244233
0435	1	: 9780440421245
0436	1	: 9780425214138
0437	1	: 9780553379884
0438	1	: 9780452288003
0439	1	: 9781416563457
0440	1	: 9781561486779
0441	1	: 9781423101277
0442	1	: 9780060852566
0443	1	: 9780439139601
0444	1	: 9781595544506
0445	1	: 9780763642648
0446	1	: 9780446566834
0447	1	: 9780310245650
0448	1	: 9780515147957
0449	1	: 9780446548632
0450	1	: 9780441018727
0451	1	: 9780425234693
0452	1	: 9781591397830
0453	1	: 9780451211248
0454	1	: 9781439173213
0455	1	: 9780515146899
0456	1	: 9781400066124
0457	1	: 9780312947446
0458	1	: 9780689711817
0459	1	: 9780373774500
0460	1	: 9780778327509
0461	1	: 9780736426626
0462	1	: 9780761147749
0463	1	: 9780446615631
0464	1	: 9781441842732
0465	1	: 9780451224668
0466	1	: 9780061898815
0467	1	: 9781414301914
0468	1	: 9780345423429
0469	1	: 9780307271860
0470	1	: 9781423101451
0471	1	: 9781581345612
0472	1	: 9781889140162
0473	1	: 9780316769174
0474	1	: 9780425232644
0475	1	: 9780345518224
0476	1	: 9780399154485
0477	1	: 9780399240072
0478	1	: 9780451229571
0479	1	: 9780446401036
0480	1	: 9780849996597
0481	1	: 9781416597988
0482	1	: 9780553211764
0483	1	: 9780451229410
0484	1	: 9781426707605
0485	1	: 9780761148012
0486	1	: 9781420101850
0487	1	: 9781578564392
0488	1	: 9781595142528
0489	1	: 9781599951959
0490	1	: 9780060892050
0491	1	: 9780061230950
0492	1	: 9781416594789
0493	1	: 9780142410288
0494	1	: 9780375855726
0495	1	: 9780142410271
0496	1	: 9781593155544
0497	1	: 9781400072941
0498	1	: 9780373775217
0499	1	: 9781606411650
0500	1	: 9780440236528
0501	1	: 9780425216255
0502	1	: 9780316045223
0503	1	: 9780312943004
0504	1	: 9780312581589
0505	1	: 9781600061417
0506	1	: 9780061743528
0507	1	: 9781439153604
0508	1	: 9780312939922
0509	1	: 9780060248024
0510	1	: 9780312554002
0511	1	: 9781416552963
0512	1	: 9781439135730
0513	1	: 9780451459879
0514	1	: 9780394823379
0515	1	: 9781439101155
0516	1	: 9780446582322
0517	1	: 9780451460912
0518	1	: 9780393317558
0519	1	: 9780140348934
0520	1	: 9780316006828
0521	1	: 9781414319315
0522	1	: 9780689848919
0523	1	: 9780451527745
0524	1	: 9780894866371
0525	1	: 9780316055376
0526	1	: 9780739357484
0527	1	: 9780061556302
0528	1	: 9780778328292
0529	1	: 9780312628260
0530	1	: 9780312575939
0531	1	: 9780061340833
0532	1	: 9780618721955
0533	1	: 9780345520333
0534	1	: 9780061852053
0535	1	: 9781427209719
0536	1	: 9780785138686
0537	1	: 9780385517478
0538	1	: 9780373774647
0539	1	: 9780061244087
0540	1	: 9780373831791
0541	1	: 9780486282114
0542	1	: 9780307476302
0543	1	: 9780525950868
0544	1	: 9780385343855
0545	1	: 9780743269742
0546	1	: 9780761512196
0547	1	: 9781420104431
0548	1	: 9781605042992
0549	1	: 9781440211140
0550	1	: 9780425222171
0551	1	: 9780375841859
0552	1	: 9780977326402
0553	1	: 9780071435314
0554	1	: 9781576830277
0555	1	: 9780345503817
0556	1	: 9780061874338
0557	1	: 9780373773701
0558	1	: 9781601621429
0559	1	: 9780943015446
0560	1	: 9780743223133
0561	1	: 9780786881857
0562	1	: 9781593155803
0563	1	: 9781402238659
0564	1	: 9780515146363
0565	1	: 9780446557955
0566	1	: 9780345517760
0567	1	: 9780547258300
0568	1	: 9780553588934
0569	1	: 9780345340429
0570	1	: 9780142410264
0571	1	: 9780385528702
0572	1	: 9780385751537
0573	1	: 9780440234807
0574	1	: 9780385479561
0575	1	: 9781416542209
0576	1	: 9780399244575
0577	1	: 9780787968052
0578	1	: 9781607881940
0579	1	: 9781601622662
0580	1	: 9780061988332
0581	1	: 9780743442848
0582	1	: 9780761117193
0583	1	: 9781602608900
0584	1	: 9780425232699
0585	1	: 9781402242229
0586	1	: 9780761152767
0587	1	: 9781400096275
0588	1	: 9780060736262
0589	1	: 9780671011369
0590	1	: 9780446520805
0591	1	: 9780307264213
0592	1	: 9780061702327
0593	1	: 9780064409599
0594	1	: 9780307265791
0595	1	: 9780307270771
0596	1	: 9781416583868
0597	1	: 9780312947040
0598	1	: 9780310273080
0599	1	: 9780778327448
0600	1	: 9780525951506
0601	1	: 9781580629409
0602	1	: 9780310219231
0603	1	: 9780451228130
0604	1	: 9781420106558
0605	1	: 9780307452740
0606	1	: 9780143112785
0607	1	: 9780312939939
0608	1	: 9780226823379
0609	1	: 9780440404194
0610	1	: 9781401603991
0611	1	: 9780451230546
0612	1	: 9780440244363
0613	1	: 9780312947910
0614	1	: 9780515143188
0615	1	: 9781414311357
0616	1	: 9780452287174
0617	1	: 9780380709588
0618	1	: 9780425233450
0619	1	: 9780425233399
0620	1	: 9780786888160
0621	1	: 9781441850959
0622	1	: 9780736918145
0623	1	: 9780684815008
0624	1	: 9780345337665
0625	1	: 9781416589136
0626	1	: 9780440243311
0627	1	: 9780373249213
0628	1	: 9781401908973
0629	1	: 9780679882800
0630	1	: 9781439137277
0631	1	: 9781596985551
0632	1	: 9780060753948
0633	1	: 9781577311959
0634	1	: 9781400031740
0635	1	: 9780061689321
0636	1	: 9781595543738
0637	1	: 9781439173251
0638	1	: 9781595543592
0639	1	: 9780310266303
0640	1	: 9780786818709
0641	1	: 9780440495963
0642	1	: 9780312379087
0643	1	: 9780399156205
0644	1	: 9780060871284
0645	1	: 9780446563048
0646	1	: 9781600061400
0647	1	: 9780375822667
0648	1	: 9780425232330
0649	1	: 9781402237508
0650	1	: 9780061825934
0651	1	: 9780451463074
0652	1	: 9780425230206
0653	1	: 9781401352080
0654	1	: 9780380709243
0655	1	: 9780440442509
0656	1	: 9780671646783
0657	1	: 9780312372835
0658	1	: 9780310291794
0659	1	: 9780778326892
0660	1	: 9781442300255
0661	1	: 9780385524070
0662	1	: 9780142406137
0663	1	: 9780937611012
0664	1	: 9781439133057
0665	1	: 9781573229890
0666	1	: 9781844168095
0667	1	: 9780062008534
0668	1	: 9780451229274
0669	1	: 9780425234723
0670	1	: 9780785264194
0671	1	: 9780451458124
0672	1	: 9780312351663
0673	1	: 9780670021574
0674	1	: 9780451229809
0675	1	: 9781439183120
0676	1	: 9780316058438
0677	1	: 9780373861323
0678	1	: 9780425219294
0679	1	: 9781594861987
0680	1	: 9781414304502
0681	1	: 9780151015221
0682	1	: 9780794828547
0683	1	: 9781416561408
0684	1	: 9781890572150
0685	1	: 9780961519766
0686	1	: 9781423387961
0687	1	: 9780451463388
0688	1	: 9780373861675
0689	1	: 9780373831852
0690	1	: 9780316074148
0691	1	: 9780312946104
0692	1	: 9780316020701
0693	1	: 9780451227638
0694	1	: 9780142410240
0695	1	: 9780425212691
0696	1	: 9780743462709
0697	1	: 9780440225454
0698	1	: 9780967089737
0699	1	: 9780375837326
0700	1	: 9780515147667
0701	1	: 9780778327257
0702	1	: 9780307351425
0703	1	: 9780765311054
0704	1	: 9780525948926
0705	1	: 9780679824121
0706	1	: 9780070511132
0707	1	: 9780060837372
0708	1	: 9780553805260
0709	1	: 9781416511946
0710	1	: 9781594133916
0711	1	: 9780061690372
0712	1	: 9780553589115
0713	1	: 9780805444209
0714	1	: 9780060527785
0715	1	: 9780451412621
0716	1	: 9780307346599
0717	1	: 9781416525653
0718	1	: 9780132362740
0719	1	: 9781574554502
0720	1	: 9780689711732
0721	1	: 9780394800769
0722	1	: 9780373803187
0723	1	: 9781401215811
0724	1	: 9781423120292
0725	1	: 9780736920865
0726	1	: 9780670022038
0727	1	: 9781441825988
0728	1	: 9780515142716
0729	1	: 9781590525029
0730	1	: 9780802139252
0731	1	: 9780373643783
0732	1	: 9780373773466
0733	1	: 9780061709579
0734	1	: 9780061288845
0735	1	: 9780849919091
0736	1	: 9780439755207
0737	1	: 9780739333044
0738	1	: 9780525421580
0739	1	: 9780515142617
0740	1	: 9780312934309
0741	1	: 9780743250979
0742	1	: 9780394800295
0743	1	: 9780525950974
0744	1	: 9780060871253
0745	1	: 9781416947400
0746	1	: 9780446579629
0747	1	: 9780385516662
0748	1	: 9780312983307
0749	1	: 9780452281424
0750	1	: 9780842329217
0751	1	: 9780470453537
0752	1	: 9780553591712
0753	1	: 9780312386696
0754	1	: 9780451227935
0755	1	: 9780143144878
0756	1	: 9780618919710
0757	1	: 9780312983277
0758	1	: 9781558580091
0759	1	: 9780756656232
0760	1	: 9781606411469
0761	1	: 9781416578444
0762	1	: 9781439160299
0763	1	: 9780756406011
0764	1	: 9780061438462
0765	1	: 9780345502766
0766	1	: 9780373285686
0767	1	: 9780451208637
0768	1	: 9780373774289
0769	1	: 9781416534785
0770	1	: 9780821780664
0771	1	: 9780451210845
0772	1	: 9780440228653
0773	1	: 9781594744426
0774	1	: 9780375429156
0775	1	: 9781416525660
0776	1	: 9780470553732
0777	1	: 9780778325093
0778	1	: 9780425220160
0779	1	: 9781400033416
0780	1	: 9780842329255
0781	1	: 9780671657864
0782	1	: 9780394873336
0783	1	: 9781605295497
0784	1	: 9781416550877
0785	1	: 9781416541134
0786	1	: 9780425228647
0787	1	: 9781401341336
0788	1	: 9781574326406
0789	1	: 9780312383367
0790	1	: 9780310926306
0791	1	: 9780156031172
0792	1	: 9780446604840
0793	1	: 9780307458001
0794	1	: 9781414320601
0795	1	: 9780373210152
0796	1	: 9781601421678
0797	1	: 9780316033664
0798	1	: 9781596980532
0799	1	: 9780375830389
0800	1	: 9780446677479
0801	1	: 9780061699931
0802	1	: 9780758216427
0803	1	: 9780784722589
0804	1	: 9780553591590
0805	1	: 9780373774470
0806	1	: 9781608316144
0807	1	: 9780425220412
0808	1	: 9780061571275
0809	1	: 9780061345722
0810	1	: 9781591840244
0811	1	: 9780345384461
0812	1	: 9781416560821
0813	1	: 9781439133323
0814	1	: 9781439147733
0815	1	: 9780316006811
0816	1	: 9780375409288
0817	1	: 9780470256268
0818	1	: 9781439193624
0819	1	: 9780061438448
0820	1	: 9780312987015
0821	1	: 9780842329279
0822	1	: 9780671449018
0823	1	: 9780345508782
0824	1	: 9780785129516
0825	1	: 9780848732356
0826	1	: 9780375854811
0827	1	: 9781600245916
0828	1	: 9781595548221
0829	1	: 9780061782282
0830	1	: 9781401341299
0831	1	: 9780425219720
0832	1	: 9780142410387
0833	1	: 9780375765759
0834	1	: 9780061120060
0835	1	: 9780375705243
0836	1	: 9780811214049
0837	1	: 9780140389661
0838	1	: 9780470531921
0839	1	: 9780312559953
0840	1	: 9781414311623
0841	1	: 9781571431745
0842	1	: 9780152047702
0843	1	: 9780061768088
0844	1	: 9780310811411
0845	1	: 9780842332286
0846	1	: 9780553259209
0847	1	: 9780061690310
0848	1	: 9780375814693
0849	1	: 9781420104646
0850	1	: 9780307277695
0851	1	: 9780452285934
0852	1	: 9780060525507
0853	1	: 9781421527666
0854	1	: 9780812979572
0855	1	: 9780670011469
0856	1	: 9780425233436
0857	1	: 9780689871320
0858	1	: 9781596986039
0859	1	: 9781416560258
0860	1	: 9780142410974
0861	1	: 9780060525637
0862	1	: 9780440237228
0863	1	: 9780307165206
0864	1	: 9780345458520
0865	1	: 9780312531560
0866	1	: 9781400314287
0867	1	: 9780373774302
0868	1	: 9780425224502
0869	1	: 9781401310042
0870	1	: 9780778327479
0871	1	: 9780767920933
0872	1	: 9780310926054
0873	1	: 9780425197486
0874	1	: 9780821769362
0875	1	: 9780515135213
0876	1	: 9780785264286
0877	1	: 9783836524308
0878	1	: 9781421527543
0879	1	: 9781401323479
0880	1	: 9780755357901
0881	1	: 9780061336980
0882	1	: 9781571984845
0883	1	: 9780778327240
0884	1	: 9781423368939
0885	1	: 9781608601233
0886	1	: 9781595542670
0887	1	: 9780307270726
0888	1	: 9780312947866
0889	1	: 9781416503576
0890	1	: 9780451217608
0891	1	: 9780312282943
0892	1	: 9780765344939
0893	1	: 9780892760831
0894	1	: 9780425223253
0895	1	: 9780316069908
0896	1	: 9781439173145
0897	1	: 9780425224069
0898	1	: 9781607140528
0899	1	: 9780553590555
0900	1	: 9781599791760
0901	1	: 9780425216613
0902	1	: 9780060765378
0903	1	: 9780515142167
0904	1	: 9780785260301
0905	1	: 9780515126778
0906	1	: 9780310289838
0907	1	: 9780307268396
0908	1	: 9781401222819
0909	1	: 9780821779385
0910	1	: 9780451222848
0911	1	: 9781591841661
0912	1	: 9780764125508
0913	1	: 9780553212440
0914	1	: 9780399213014
0915	1	: 9780778326342
0916	1	: 9780385736848
0917	1	: 9780739384916
0918	1	: 9780470527610
0919	1	: 9780785289739
0920	1	: 9780696233975
0921	1	: 9780310276036
0922	1	: 9780761136910
0923	1	: 9780446607650
0924	1	: 9780441017027
0925	1	: 9780312380977
0926	1	: 9780307387837
0927	1	: 9780061728389
0928	1	: 9781440198175
0929	1	: 9781594202469
0930	1	: 9780446555869
0931	1	: 9780312368104
0932	1	: 9781591455523
0933	1	: 9780877798538
0934	1	: 9781414302041
0935	1	: 9780842359917
0936	1	: 9780440234746
0937	1	: 9780590458467
0938	1	: 9780064400565
0939	1	: 9780373773817
0940	1	: 9780310942641
0941	1	: 9780310712473
0942	1	: 9781419553264
0943	1	: 9780515145700
0944	1	: 9780307266538
0945	1	: 9780425201145
0946	1	: 9780689874727
0947	1	: 9780768429527
0948	1	: 9781402708695
0949	1	: 9781578513338
0950	1	: 9780743431019
0951	1	: 9780679721130
0952	1	: 9781595548528
0953	1	: 9781595620408
0954	1	: 9780316059862
0955	1	: 9780061873263
0956	1	: 9780425224137
0957	1	: 9780739316535
0958	1	: 9780156027328
0959	1	: 9780743418171
0960	1	: 9781573229203
0961	1	: 9781416991823
0962	1	: 9780547327945
0963	1	: 9780399155727
0964	1	: 9780743596831
0965	1	: 9780345519948
0966	1	: 9781591744276
0967	1	: 9780385518925
0968	1	: 9780515136265
0969	1	: 9780525950394
0970	1	: 9780156012195
0971	1	: 9780446607711
0972	1	: 9780394859170
0973	1	: 9780778328414
0974	1	: 9780765322722
0975	1	: 9780375424854
0976	1	: 9780312364328
0977	1	: 9780316016636
0978	1	: 9780470009239
0979	1	: 9780785264323
0980	1	: 9780446532655
0981	1	: 9780743436748
0982	1	: 9780764553257
0983	1	: 9781416550402
0984	1	: 9780914936848
0985	1	: 9780446355452
0986	1	: 9781442408623
0987	1	: 9780060871277
0988	1	: 9780786020799
0989	1	: 9780061667534
0990	1	: 9781414312729
0991	1	: 9780060799120
0992	1	: 9780743457026
0993	1	: 9780764553912
0994	1	: 9780310494812
0995	1	: 9781416562139
0996	1	: 9780743596855
0997	1	: 9780451229908
0998	1	: 9780061364945
0999	1	: 9780758238924
1000	1	: 9780758211880
1001	1	: 9780385342032
1002	1	: 9780553588095
1003	1	: 9780785129417
1004	1	: 9780425217214
1005	1	: 9780375759918
1006	1	: 9780375828379
1007	1	: 9780312983291
1008	1	: 9780812548051
1009	1	: 9780452281455
1010	1	: 9780316067348
1011	1	: 9781441815293
1012	1	: 9780515147940
1013	1	: 9780061554162
1014	1	: 9780061208461
1015	1	: 9781414314853
1016	1	: 9781603960229
1017	1	: 9780446617581
1018	1	: 9780931674327
1019	1	: 9780679866978
1020	1	: 9780679428527
1021	1	: 9780394800202
1022	1	: 9780061986833
1023	1	: 9781595547132
1024	1	: 9780451229106
1025	1	: 9780425232194
1026	1	: 9780061449062
1027	1	: 9780425230527
1028	1	: 9780345510662
1029	1	: 9780061730320
1030	1	: 9780553386400
1031	1	: 9781423110705
1032	1	: 9780743497305
1033	1	: 9780446581950
1034	1	: 9780310275015
1035	1	: 9780736919760
1036	1	: 9780312939014
1037	1	: 9780060540746
1038	1	: 9780689856747
1039	1	: 9780679889311
1040	1	: 9780394831299
1041	1	: 9780373285785
1042	1	: 9781400068609
1043	1	: 9781933771922
1044	1	: 9781420114942
1045	1	: 9780425233771
1046	1	: 9780446619004
1047	1	: 9780761142126
1048	1	: 9780789494894
1049	1	: 9780061709999
1050	1	: 9781423329428
1051	1	: 9780800718817
1052	1	: 9780465018802
1053	1	: 9780312380892
1054	1	: 9780312570460
1055	1	: 9781594201318
1056	1	: 9780767911795
1057	1	: 9780515139778
1058	1	: 9780762418749
1059	1	: 9780877798095
1060	1	: 9780874774245
1061	1	: 9780687074822
1062	1	: 9781596985667
1063	1	: 9780375414497
1064	1	: 9781599798608
1065	1	: 9781599952970
1066	1	: 9780399251634
1067	1	: 9780778328988
1068	1	: 9780765353993
1069	1	: 9780764204647
1070	1	: 9780345494887
1071	1	: 9781599982717
1072	1	: 9781932210040
1073	1	: 9780140481341
1074	1	: 9780451226105
1075	1	: 9780618610181
1076	1	: 9780374103699
1077	1	: 9780071630078
1078	1	: 9781605044040
1079	1	: 9780451228901
1080	1	: 9780307405869
1081	1	: 9780843961447
1082	1	: 9780375806148
1083	1	: 9780553295979
1084	1	: 9780375429163
1085	1	: 9780758229021
1086	1	: 9780758225818
1087	1	: 9781421531359
1088	1	: 9780143143642
1089	1	: 9780451229526
1090	1	: 9780061566073
1091	1	: 9781416595649
1092	1	: 9780061442957
1093	1	: 9780060827717
1094	1	: 9781572245136
1095	1	: 9780142408803
1096	1	: 9780764134364
1097	1	: 9780143036661
1098	1	: 9780312983284
1099	1	: 9780307119391
1100	1	: 9780670021826
1101	1	: 9780764206092
1102	1	: 9780448452326
1103	1	: 9781416909774
1104	1	: 9780061243387
1105	1	: 9780446581349
1106	1	: 9780805444605
1107	1	: 9780441014002
1108	1	: 9780743476256
1109	1	: 9780446608893
1110	1	: 9780688046590
1111	1	: 9780515145199
1112	1	: 9780446563208
1113	1	: 9780786020003
1114	1	: 9781423379904
1115	1	: 9781594869129
1116	1	: 9781590388983
1117	1	: 9780142405789
1118	1	: 9781576839324
1119	1	: 9781576834749
1120	1	: 9780064401753
1121	1	: 9780385523868
1122	1	: 9780670021260
1123	1	: 9780373831647
1124	1	: 9781416558583
1125	1	: 9780061801747
1126	1	: 9780425234402
1127	1	: 9780425215210
1128	1	: 9780060899226
1129	1	: 9780515141665
1130	1	: 9780312939038
1131	1	: 9781590525210
1132	1	: 9780446615143
1133	1	: 9780345477637
1134	1	: 9780553806847
1135	1	: 9780451227706
1136	1	: 9780061582561
1137	1	: 9781423357032
1138	1	: 9780451228659
1139	1	: 9780061704109
1140	1	: 9780312570767
1141	1	: 9781401902162
1142	1	: 9780812975291
1143	1	: 9780448431482
1144	1	: 9781572305250
1145	1	: 9780425156681
1146	1	: 9780316027502
1147	1	: 9780425233887
1148	1	: 9780373773343
1149	1	: 9780345506375
1150	1	: 9780151014231
1151	1	: 9780312531591
1152	1	: 9780451463272
1153	1	: 9780307278258
1154	1	: 9781935142041
1155	1	: 9780385338714
1156	1	: 9780446695190
1157	1	: 9780439429351
1158	1	: 9780743249300
1159	1	: 9781576738993
1160	1	: 9780689832130
1161	1	: 9780671704650
1162	1	: 9780373638666
1163	1	: 9780451531391
1164	1	: 9780764201509
1165	1	: 9781423125266
1166	1	: 9780451228291
1167	1	: 9780425228982
1168	1	: 9780373860722
1169	1	: 9780787984915
1170	1	: 9780970247254
1171	1	: 9780849956508
1172	1	: 9780425187067
1173	1	: 9780486282145
1174	1	: 9780553213508
1175	1	: 9780028025001
1176	1	: 9781596985872
1177	1	: 9780393066302
1178	1	: 9781421532059
1179	1	: 9780786020133
1180	1	: 9780451230270
1181	1	: 9780316089494
1182	1	: 9780763631727
1183	1	: 9780312368753
1184	1	: 9781421518657
1185	1	: 9780743292658
1186	1	: 9780515142402
1187	1	: 9781418501495
1188	1	: 9780060511142
1189	1	: 9781590520208
1190	1	: 9781421526768
1191	1	: 9781421529998
1192	1	: 9781416550099
1193	1	: 9780765324429
1194	1	: 9780470580271
1195	1	: 9780375723193
1196	1	: 9780312378226
1197	1	: 9780440244356
1198	1	: 9780446618687
1199	1	: 9780470170014
1200	1	: 9780345484109
1201	1	: 9780312937720
1202	1	: 9780689852237
1203	1	: 9780152163723
1204	1	: 9780515130966
1205	1	: 9780515127225
1206	1	: 9780670021536
1207	1	: 9780843957938
1208	1	: 9781400096794
1209	1	: 9780307458049
1210	1	: 9780440242932
1211	1	: 9780743457064
1212	1	: 9780743493468
1213	1	: 9780471786887
1214	1	: 9780505522085
1215	1	: 9780785273424
1216	1	: 9780470540244
1217	1	: 9780393065145
1218	1	: 9781441856432
1219	1	: 9780978279738
1220	1	: 9780316049009
1221	1	: 9780547203881
1222	1	: 9781437719291
1223	1	: 9781416594994
1224	1	: 9781416594741
1225	1	: 9781400060771
1226	1	: 9780786954896
1227	1	: 9780762757084
1228	1	: 9780759531147
1229	1	: 9780061230929
1230	1	: 9780470570807
1231	1	: 9780778326564
1232	1	: 9780061771750
1233	1	: 9781597896115
1234	1	: 9781414313221
1235	1	: 9781414307206
1236	1	: 9780345476982
1237	1	: 9780440419396
1238	1	: 9780743476249
1239	1	: 9780060578787
1240	1	: 9781878424778
1241	1	: 9780689846236
1242	1	: 9780440235507
1243	1	: 9780345385406
1244	1	: 9780778327004
1245	1	: 9780470379417
1246	1	: 9781439148983
1247	1	: 9781416982685
1248	1	: 9786071100337
1249	1	: 9781595620019
1250	1	: 9780743297271
1251	1	: 9780800794057
1252	1	: 9780553584530
1253	1	: 9780971453210
1254	1	: 9780689831416
1255	1	: 9780553576795
1256	1	: 9780064404341
1257	1	: 9781416585848
1258	1	: 9780393064773
1259	1	: 9781416550778
1260	1	: 9781421521732
1261	1	: 9780312386719
1262	1	: 9781933990200
1263	1	: 9781607882183
1264	1	: 9780316054676
1265	1	: 9780061773969
1266	1	: 9781602860186
1267	1	: 9780060562533
1268	1	: 9780439845090
1269	1	: 9780670034826
1270	1	: 9780849908576
1271	1	: 9780316737371
1272	1	: 9780060505240
1273	1	: 9780765317902
1274	1	: 9781933771472
1275	1	: 9780061924606
1276	1	: 9780451228208
1277	1	: 9781599552385
1278	1	: 9780821780633
1279	1	: 9781599956770
1280	1	: 9781416548898
1281	1	: 9780425215692
1282	1	: 9780312941468
1283	1	: 9780316167260
1284	1	: 9780758206824
1285	1	: 9780373773510
1286	1	: 9780758235268
1287	1	: 9780440244349
1288	1	: 9781596985704
1289	1	: 9780312428921
1290	1	: 9781582435671
1291	1	: 9780375847530
1292	1	: 9780345503404
1293	1	: 9780142414859
1294	1	: 9780451223869
1295	1	: 9780066211701
1296	1	: 9780618724833
1297	1	: 9780061198755
1298	1	: 9781878823236
1299	1	: 9780689859397
1300	1	: 9780310220763
1301	1	: 9780842335713
1302	1	: 9780671447540
1303	1	: 9780061713248
1304	1	: 9780061994395
1305	1	: 9780385516389
1306	1	: 9780470500781
1307	1	: 9780525951575
1308	1	: 9780316030656
1309	1	: 9781421521756
1310	1	: 9780061431388
1311	1	: 9780425219430
1312	1	: 9780451222770
1313	1	: 9780061351426
1314	1	: 9780060887322
1315	1	: 9780425212066
1316	1	: 9780786929085
1317	1	: 9780843943788
1318	1	: 9781416563433
1319	1	: 9780345503381
1320	1	: 9780515147933
1321	1	: 9780385735889
1322	1	: 9780061353246
1323	1	: 9781421521725
1324	1	: 9780061491016
1325	1	: 9781400166695
1326	1	: 9780786953936
1327	1	: 9780425233375
1328	1	: 9780345518484
1329	1	: 9781441736901
1330	1	: 9780805074710
1331	1	: 9780802720979
1332	1	: 9780375429866
1333	1	: 9780312628161
1334	1	: 9780312622688
1335	1	: 9780312599881
1336	1	: 9780312587468
1337	1	: 9780312534837
1338	1	: 9780061958809
1339	1	: 9780061576584
1340	1	: 9780060835576
1341	1	: 9780060871222
1342	1	: 9780553590531
1343	1	: 9780805445404
1344	1	: 9780515143171
1345	1	: 9780778324447
1346	1	: 9780769636931
1347	1	: 9780842313070
1348	1	: 9780425225684
1349	1	: 9780061351433
1350	1	: 9780758212573
1351	1	: 9780312578060
1352	1	: 9780307473707
1353	1	: 9781416550013
1354	1	: 9780451218704
1355	1	: 9781932855418
1356	1	: 9780786939954
1357	1	: 9780609610664
1358	1	: 9780679890690
1359	1	: 9780679851011
1360	1	: 9781599799148
1361	1	: 9780425234808
1362	1	: 9780425234143
1363	1	: 9780307474278
1364	1	: 9780061236242
1365	1	: 9781416971870
1366	1	: 9781416530855
1367	1	: 9780545078863
1368	1	: 9780440245018
1369	1	: 9780451412836
1370	1	: 9780312363918
1371	1	: 9780740784323
1372	1	: 9781598168631
1373	1	: 9780425218235
1374	1	: 9781414309583
1375	1	: 9781400098347
1376	1	: 9780764596520
1377	1	: 9780446612753
1378	1	: 9780821774274
1379	1	: 9781558538443
1380	1	: 9780935008357
1381	1	: 9780060256678
1382	1	: 9780061243400
1383	1	: 9781599797519
1384	1	: 9781414333021
1385	1	: 9781401925925
1386	1	: 9781416562412
1387	1	: 9780761562085
1388	1	: 9780778327134
1389	1	: 9780316067331
1390	1	: 9781401917197
1391	1	: 9780764160851
1392	1	: 9780977323401
1393	1	: 9781416540946
1394	1	: 9780553588071
1395	1	: 9781594417283
1396	1	: 9780451529688
1397	1	: 9780829737868
1398	1	: 9781580420815
1399	1	: 9780380812028
1400	1	: 9780812550290
1401	1	: 9780446602617
1402	1	: 9781439133514
1403	1	: 9780152066086
1404	1	: 9780393064742
1405	1	: 9780060887414
1406	1	: 9781595553072
1407	1	: 9780345513762
1408	1	: 9780061345685
1409	1	: 9781423110712
1410	1	: 9781416530848
1411	1	: 9781410426475
1412	1	: 9781421525815
1413	1	: 9780758220387
1414	1	: 9780670021406
1415	1	: 9780805062892
1416	1	: 9780061339219
1417	1	: 9780142408773
1418	1	: 9780811856751
1419	1	: 9780399153297
1420	1	: 9781590524756
1421	1	: 9780451210869
1422	1	: 9780446691079
1423	1	: 9780800634490
1424	1	: 9780152026325
1425	1	: 9780679890669
1426	1	: 9780812543261
1427	1	: 9780312857059
1428	1	: 9780671679491
1429	1	: 9780892764068
1430	1	: 9780670020713
1431	1	: 9780525951223
1432	1	: 9780786020775
1433	1	: 9780759530485
1434	1	: 9780446546928
1435	1	: 9780061924323
1436	1	: 9781423356790
1437	1	: 9780143113362
1438	1	: 9780785289272
1439	1	: 9780373771981
1440	1	: 9780446699457
1441	1	: 9780743497299
1442	1	: 9780451530578
1443	1	: 9780061124952
1444	1	: 9780785262565
1445	1	: 9780764573262
1446	1	: 9781400033423
1447	1	: 9781584857112
1448	1	: 9780446691260
1449	1	: 9780892760848
1450	1	: 9780071602150
1451	1	: 9781416912057
1452	1	: 9780345496263
1453	1	: 9780373831609
1454	1	: 9780545161961
1455	1	: 9780448452333
1456	1	: 9781421523880
1457	1	: 9780312551025
1458	1	: 9781400066216
1459	1	: 9781400030903
1460	1	: 9780345499912
1461	1	: 9781404187795
1462	1	: 9780849920608
1463	1	: 9780446547758
1464	1	: 9780545143141
1465	1	: 9780981840024
1466	1	: 9780451223203
1467	1	: 9780452288522
1468	1	: 9780470067857
1469	1	: 9781589973091
1470	1	: 9781590524565
1471	1	: 9780812578546
1472	1	: 9780425157534
1473	1	: 9780824948047
1474	1	: 9781439133453
1475	1	: 9780898217292
1476	1	: 9780425226285
1477	1	: 9780061804113
1478	1	: 9781421517964
1479	1	: 9781420100495
1480	1	: 9780786947782
1481	1	: 9780312949211
1482	1	: 9780425214534
1483	1	: 9781414317458
1484	1	: 9781553651840
1485	1	: 9780736901901
1486	1	: 9780425193372
1487	1	: 9780679890478
1488	1	: 9780451167781
1489	1	: 9781601251503
1490	1	: 9780756641191
1491	1	: 9781605045436
1492	1	: 9781583333679
1493	1	: 9781596985490
1494	1	: 9780778326878
1495	1	: 9781607142706
1496	1	: 9780375830792
1497	1	: 9780446541343
1498	1	: 9781439175675
1499	1	: 9780451530967
1500	1	: 9780312427658
1501	1	: 9781416523352
1502	1	: 9781595629982
1503	1	: 9780618773473
1504	1	: 9780446578660
1505	1	: 9780689857959
1506	1	: 9780375800382
1507	1	: 9780385022729
1508	1	: 9781439130728
1509	1	: 9780451227775
1510	1	: 9781595542601
1511	1	: 9780061965494
1512	1	: 9780974320625
1513	1	: 9781570615535
1514	1	: 9781416552529
1515	1	: 9780061458033
1516	1	: 9780060829681
1517	1	: 9780385523417
1518	1	: 9780470045893
1519	1	: 9780786819072
1520	1	: 9780812965223
1521	1	: 9780765346438
1522	1	: 9780515133974
1523	1	: 9780345409973
1524	1	: 9780515123173
1525	1	: 9780786889051
1526	1	: 9781605500638
1527	1	: 9780470288177
1528	1	: 9781439194782
1529	1	: 9781423382645
1530	1	: 9780316044950
1531	1	: 9780312557638
1532	1	: 9780316086059
1533	1	: 9781435497153
1534	1	: 9780470599112
1535	1	: 9781401923112
1536	1	: 9780307460455
1537	1	: 9781600244018
1538	1	: 9780830835317
1539	1	: 9780785135746
1540	1	: 9780061560880
1541	1	: 9780385506250
1542	1	: 9780142409060
1543	1	: 9781421511306
1544	1	: 9780451219244
1545	1	: 9781416928119
1546	1	: 9780425211069
1547	1	: 9780785242192
1548	1	: 9780451192035
1549	1	: 9780899194011
1550	1	: 9780553589771
1551	1	: 9781600104626
1552	1	: 9780778326601
1553	1	: 9780385738101
1554	1	: 9780440243205
1555	1	: 9781439147979
1556	1	: 9781600782886
1557	1	: 9780061340291
1558	1	: 9781607061168
1559	1	: 9780763643744
1560	1	: 9780061214523
1561	1	: 9780425228678
1562	1	: 9781416585831
1563	1	: 9780596806392
1564	1	: 9780446542012
1565	1	: 9780553583601
1566	1	: 9781400311088
1567	1	: 9780446502375
1568	1	: 9780307345844
1569	1	: 9780425233429
1570	1	: 9780786019212
1571	1	: 9780440244479
1572	1	: 9781401323356
1573	1	: 9781414334745
1574	1	: 9780345496102
1575	1	: 9781416553649
1576	1	: 9781591841531
1577	1	: 9780312374655
1578	1	: 9780470097649
1579	1	: 9780842360616
1580	1	: 9780743466776
1581	1	: 9781594417269
1582	1	: 9780345486479
1583	1	: 9781400034772
1584	1	: 9780963571229
1585	1	: 9780743411547
1586	1	: 9780385323307
1587	1	: 9780679877073
1588	1	: 9780060736989
1589	1	: 9780739328002
1590	1	: 9781421523538
1591	1	: 9780061449086
1592	1	: 9780758219886
1593	1	: 9781595543257
1594	1	: 9780736920780
1595	1	: 9781416902447
1596	1	: 9780756628659
1597	1	: 9780767919470
1598	1	: 9780471710233
1599	1	: 9780060598242
1600	1	: 9780842387590
1601	1	: 9780385324137
1602	1	: 9780849937415
1603	1	: 9781423368786
1604	1	: 9780316024488
1605	1	: 9780794828004
1606	1	: 9781935096238
1607	1	: 9780739377741
1608	1	: 9780345502834
1609	1	: 9780312945688
1610	1	: 9780345508980
1611	1	: 9780765356130
1612	1	: 9780743292863
1613	1	: 9780142410370
1614	1	: 9780689866852
1615	1	: 9780310257684
1616	1	: 9780316106542
1617	1	: 9780778801313
1618	1	: 9780345442314
1619	1	: 9780060584023
1620	1	: 9780689863752
1621	1	: 9780954840112
1622	1	: 9780794510084
1623	1	: 9780316701310
1624	1	: 9780439678131
1625	1	: 9780345447845
1626	1	: 9780345444882
1627	1	: 9780553276862
1628	1	: 9780316777735
1629	1	: 9780452269576
1630	1	: 9780385468053
1631	1	: 9780140042597
1632	1	: 9780670451494
1633	1	: 9780394800776
1634	1	: 9781400202263
1635	1	: 9781933027937
1636	1	: 9781597801874
1637	1	: 9781439154120
1638	1	: 9781420114966
1639	1	: 9780785143512
1640	1	: 9780764207556
1641	1	: 9780545213592
1642	1	: 9780545048873
1643	1	: 9780451230294
1644	1	: 9780451229977
1645	1	: 9780373774890
1646	1	: 9780373185368
1647	1	: 9780310720171
1648	1	: 9780310292760
1649	1	: 9780061456466
1650	1	: 9780060850593
1651	1	: 9780440245001
1652	1	: 9780061711923
1653	1	: 9780874478532
1654	1	: 9780778328568
1655	1	: 9780618979745
1656	1	: 9780756636029
1657	1	: 9781593574260
1658	1	: 9781584795599
1659	1	: 9780425195475
1660	1	: 9780425191651
1661	1	: 9780449003794
1662	1	: 9780764220760
1663	1	: 9780380794553
1664	1	: 9780440409410
1665	1	: 9780515090260
1666	1	: 9780380756292
1667	1	: 9781439107980
1668	1	: 9781615190201
1669	1	: 9780765323729
1670	1	: 9780345477446
1671	1	: 9781844168118
1672	1	: 9780843962635
1673	1	: 9780399155505
1674	1	: 9781400078943
1675	1	: 9781593693404
1676	1	: 9780345504388
1677	1	: 9780399241611
1678	1	: 9780525478843
1679	1	: 9780470127636
1680	1	: 9781416913184
1681	1	: 9781416505068
1682	1	: 9780821779842
1683	1	: 9780763625894
1684	1	: 9781421501680
1685	1	: 9780553585988
1686	1	: 9780425204207
1687	1	: 9780756605308
1688	1	: 9780060534042
1689	1	: 9780345441133
1690	1	: 9780684801285
1691	1	: 9780553286441
1692	1	: 9781400114252
1693	1	: 9780810983557
1694	1	: 9780061542831
1695	1	: 9780440244691
1696	1	: 9780553592610
1697	1	: 9780545046268
1698	1	: 9780446505246
1699	1	: 9781595540874
1700	1	: 9780312949143
1701	1	: 9780740785375
1702	1	: 9780736425476
1703	1	: 9780505527677
1704	1	: 9780307275844
1705	1	: 9780345497611
1706	1	: 9781400073788
1707	1	: 9781423337751
1708	1	: 9780425221204
1709	1	: 9780156034500
1710	1	: 9780425219317
1711	1	: 9780758218704
1712	1	: 9780515143942
1713	1	: 9780345496621
1714	1	: 9781593154462
1715	1	: 9780312367558
1716	1	: 9780762430758
1717	1	: 9780060796624
1718	1	: 9780425204306
1719	1	: 9780689854262
1720	1	: 9780618485222
1721	1	: 9780718006396
1722	1	: 9780825462078
1723	1	: 9780380804382
1724	1	: 9780440944591
1725	1	: 9780679887928
1726	1	: 9780802132758
1727	1	: 9780553213409
1728	1	: 9780307119384
1729	1	: 9780800733445
1730	1	: 9780764207945
1731	1	: 9780061776359
1732	1	: 9781605295800
1733	1	: 9781595142917
1734	1	: 9781585427994
1735	1	: 9780399254352
1736	1	: 9780778328933
1737	1	: 9781420109931
1738	1	: 9781420108873
1739	1	: 9780061841293
1740	1	: 9780061576614
1741	1	: 9781616080235
1742	1	: 9780425231609
1743	1	: 9781439153888
1744	1	: 9780743270489
1745	1	: 9780061575396
1746	1	: 9780545150590
1747	1	: 9780310292500
1748	1	: 9780316007023
1749	1	: 9781416586128
1750	1	: 9781416588337
1751	1	: 9780446616935
1752	1	: 9781594033759
1753	1	: 9780757306785
1754	1	: 9780425214497
1755	1	: 9780767926102
1756	1	: 9780767916257
1757	1	: 9780064410151
1758	1	: 9780764552960
1759	1	: 9780316174480
1760	1	: 9780515131086
1761	1	: 9780849975097
1762	1	: 9781563054426
1763	1	: 9780671869205
1764	1	: 9780312355296
1765	1	: 9780743598309
1766	1	: 9780345518767
1767	1	: 9780393075960
1768	1	: 9781561644438
1769	1	: 9780786950669
1770	1	: 9781605294780
1771	1	: 9780470401149
1772	1	: 9780525951278
1773	1	: 9780141040387
1774	1	: 9780061684289
1775	1	: 9781595824196
1776	1	: 9781599795232
1777	1	: 9780316043731
1778	1	: 9780061567186
1779	1	: 9780061432668
1780	1	: 9780345480316
1781	1	: 9781419552137
1782	1	: 9780060843090
1783	1	: 9780743272568
1784	1	: 9780345504418
1785	1	: 9780446619073
1786	1	: 9781569242643
1787	1	: 9780385518338
1788	1	: 9780142409862
1789	1	: 9780143036401
1790	1	: 9780743487580
1791	1	: 9780486419237
1792	1	: 9780380815586
1793	1	: 9781565547063
1794	1	: 9780440508274
1795	1	: 9780671041786
1796	1	: 9780374525644
1797	1	: 9780394829128
1798	1	: 9781416589433
1799	1	: 9781416525899
1800	1	: 9781416994619
1801	1	: 9781903141687
1802	1	: 9780547085753
1803	1	: 9780307267092
1804	1	: 9780439918800
1805	1	: 9780848732912
1806	1	: 9780805087499
1807	1	: 9780756641238
1808	1	: 9780307352194
1809	1	: 9780061372926
1810	1	: 9780345503657
1811	1	: 9780143113874
1812	1	: 9780060792985
1813	1	: 9781599987439
1814	1	: 9781416532866
1815	1	: 9780764204043
1816	1	: 9780142407493
1817	1	: 9780448439822
1818	1	: 9780764583292
1819	1	: 9780345454942
1820	1	: 9780425198322
1821	1	: 9780440241072
1822	1	: 9780505524683
1823	1	: 9780446609326
1824	1	: 9780684853949
1825	1	: 9780345410054
1826	1	: 9780553277395
1827	1	: 9781416958741
1828	1	: 9780137009039
1829	1	: 9781594202230
1830	1	: 9780199737499
1831	1	: 9780505527455
1832	1	: 9781416543336
1833	1	: 9781421523347
1834	1	: 9781594202025
1835	1	: 9780312946739
1836	1	: 9780810972636
1837	1	: 9780061711862
1838	1	: 9780802473622
1839	1	: 9780399251610
1840	1	: 9780061245039
1841	1	: 9781423104889
1842	1	: 9780756633530
1843	1	: 9780446616911
1844	1	: 9780142408193
1845	1	: 9780451221728
1846	1	: 9780375833397
1847	1	: 9780446617680
1848	1	: 9780451529947
1849	1	: 9780974458908
1850	1	: 9780590316811
1851	1	: 9780385496599
1852	1	: 9780553272833
1853	1	: 9780671729417
1854	1	: 9781878424112
1855	1	: 9780425228296
1856	1	: 9780764207716
1857	1	: 9780743294072
1858	1	: 9780451229595
1859	1	: 9780595502639
1860	1	: 9780439436595
1861	1	: 9781420103748
1862	1	: 9780823015016
1863	1	: 9780451463302
1864	1	: 9780307736246
1865	1	: 9781423363194
1866	1	: 9780373774739
1867	1	: 9781599797526
1868	1	: 9781420111439
1869	1	: 9780786949298
1870	1	: 9780765316547
1871	1	: 9780767929509
1872	1	: 9780769660790
1873	1	: 9780736924184
1874	1	: 9780307405852
1875	1	: 9781607883760
1876	1	: 9780393338072
1877	1	: 9781565125681
1878	1	: 9781423107668
1879	1	: 9780739340738
1880	1	: 9780061780271
1881	1	: 9781420101072
1882	1	: 9781416532491
1883	1	: 9780307393852
1884	1	: 9781586485634
1885	1	: 9781579653552
1886	1	: 9780312364083
1887	1	: 9780060759841
1888	1	: 9780618897414
1889	1	: 9780373860128
1890	1	: 9780769636962
1891	1	: 9781416927181
1892	1	: 9780310271765
1893	1	: 9781590525784
1894	1	: 9781400065059
1895	1	: 9780743251549
1896	1	: 9780316606080
1897	1	: 9780689832123
1898	1	: 9780385333214
1899	1	: 9781580622240
1900	1	: 9780689810039
1901	1	: 9780345391803
1902	1	: 9780316069311
1903	1	: 9780312567446
1904	1	: 9780373773718
1905	1	: 9780345465283
1906	1	: 9780142428078
1907	1	: 9780786949786
1908	1	: 9781416961499
1909	1	: 9780061914171
1910	1	: 9780143145493
1911	1	: 9780441016068
1912	1	: 9780465077717
1913	1	: 9781599987590
1914	1	: 9781416572589
1915	1	: 9780451223685
1916	1	: 9780385736060
1917	1	: 9780142409329
1918	1	: 9780312368784
1919	1	: 9780142409879
1920	1	: 9780345451903
1921	1	: 9780375813566
1922	1	: 9780440416791
1923	1	: 9780385302319
1924	1	: 9780307476319
1925	1	: 9780736926362
1926	1	: 9780756643089
1927	1	: 9780310283676
1928	1	: 9781596986190
1929	1	: 9781423368434
1930	1	: 9780812981551
1931	1	: 9780310322016
1932	1	: 9781590308110
1933	1	: 9781421531281
1934	1	: 9781416941910
1935	1	: 9780785143727
1936	1	: 9780763646660
1937	1	: 9780375429835
1938	1	: 9780375429767
1939	1	: 9780373199686
1940	1	: 9780312559755
1941	1	: 9780312379094
1942	1	: 9781414335636
1943	1	: 9780373774357
1944	1	: 9781932714814
1945	1	: 9780425226407
1946	1	: 9780786020225
1947	1	: 9781416553922
1948	1	: 9780470497746
1949	1	: 9780307386175
1950	1	: 9780312358389
1951	1	: 9780439023443
1952	1	: 9780425215555
1953	1	: 9781416948827
1954	1	: 9781590529911
1955	1	: 9781400308873
1956	1	: 9780689857973
1957	1	: 9780446692786
1958	1	: 9780743477109
1959	1	: 9780425189863
1960	1	: 9780843176711
1961	1	: 9781577489177
1962	1	: 9780446603096
1963	1	: 9780440975342
1964	1	: 9781599951492
1965	1	: 9781607881872
1966	1	: 9781416595243
1967	1	: 9780061686597
1968	1	: 9780786018376
1969	1	: 9781416990116
1970	1	: 9780763641672
1971	1	: 9780505527882
1972	1	: 9780061690297
1973	1	: 9780425228951
1974	1	: 9780373774999
1975	1	: 9780310291862
1976	1	: 9780547074214
1977	1	: 9780451462541
1978	1	: 9780307474858
1979	1	: 9781414319551
1980	1	: 9780393041651
1981	1	: 9780785125969
1982	1	: 9780312949181
1983	1	: 9781931873116
1984	1	: 9780451530684
1985	1	: 9781590529324
1986	1	: 9781423102991
1987	1	: 9780743276375
1988	1	: 9780842300520
1989	1	: 9780525473466
1990	1	: 9780451213174
1991	1	: 9780060080952
1992	1	: 9780786927081
1993	1	: 9780830726363
1994	1	: 9780310701972
1995	1	: 9780060793005
1996	1	: 9781605299495
1997	1	: 9781441829917
1998	1	: 9780446502054
1999	1	: 9780446698290
