book	borders	publication_date
2000	2000	2000	737
0000	1	June 29, 2010
0001	1	June 23, 2009
0002	1	June 23, 2009
0003	1	May 25, 2010
0004	1	January 30, 2007
0005	1	July 02, 2010
0006	1	June 15, 2010
0007	1	June 15, 2010
0008	1	July 09, 2009
0009	1	May 04, 2010
0010	1	January 15, 2011
0011	1	June 29, 2010
0012	1	June 29, 2010
0013	1	February 16, 2010
0014	1	June 29, 2010
0015	1	August 11, 2009
0016	1	April 01, 2007
0017	1	June 29, 2010
0018	1	April 27, 2010
0019	1	December 01, 2005
0020	1	November 01, 2008
0021	1	June 29, 2010
0022	1	April 07, 2009
0023	1	June 08, 2010
0024	1	June 08, 2010
0025	1	March 01, 2008
0026	1	May 04, 2010
0027	1	March 02, 2010
0028	1	September 01, 2009
0029	1	October 01, 1988
0030	1	June 29, 2010
0031	1	June 01, 2008
0032	1	September 26, 2006
0033	1	April 06, 2010
0034	1	May 04, 2010
0035	1	August 04, 2009
0036	1	May 25, 2010
0037	1	June 08, 2010
0038	1	June 08, 2010
0039	1	June 22, 2010
0040	1	June 16, 2009
0041	1	July 09, 2009
0042	1	May 31, 2008
0043	1	September 12, 2006
0044	1	September 15, 2009
0045	1	June 22, 2010
0046	1	February 04, 2010
0047	1	September 08, 2009
0048	1	August 24, 2010
0049	1	January 26, 2010
0050	1	May 01, 1991
0051	1	January 01, 2009
0052	1	December 01, 2008
0053	1	June 29, 2010
0054	1	June 29, 2010
0055	1	February 26, 2009
0056	1	August 11, 2009
0057	1	September 30, 2008
0058	1	June 22, 2010
0059	1	December 26, 2005
0060	1	May 18, 2004
0061	1	August 01, 1994
0062	1	April 27, 2010
0063	1	April 27, 2010
0064	1	June 22, 2010
0065	1	June 22, 2010
0066	1	January 09, 2006
0067	1	March 17, 2010
0068	1	May 12, 2009
0069	1	May 12, 2009
0070	1	June 15, 2010
0071	1	June 22, 2010
0072	1	September 30, 2004
0073	1	March 21, 2010
0074	1	July 01, 2008
0075	1	July 14, 2009
0076	1	July 13, 2009
0077	1	May 04, 2010
0078	1	October 01, 2006
0079	1	January 16, 2008
0080	1	January 01, 2005
0081	1	June 01, 2010
0082	1	February 01, 2008
0083	1	September 01, 1993
0084	1	January 01, 2003
0085	1	June 29, 2010
0086	1	June 29, 2010
0087	1	December 22, 2009
0088	1	October 06, 2009
0089	1	February 26, 2009
0090	1	January 01, 2007
0091	1	May 25, 2010
0092	1	June 01, 2010
0093	1	May 04, 2010
0094	1	October 01, 2008
0095	1	August 04, 2009
0096	1	April 01, 1987
0097	1	April 01, 2004
0098	1	November 18, 2008
0099	1	November 18, 2008
0100	1	June 15, 2010
0101	1	May 01, 2005
0102	1	October 06, 2009
0103	1	July 07, 2009
0104	1	September 01, 2008
0105	1	February 26, 2009
0106	1	April 01, 2002
0107	1	September 01, 2002
0108	1	March 30, 2010
0109	1	July 01, 1994
0110	1	February 18, 2002
0111	1	April 27, 2010
0112	1	May 01, 2010
0113	1	May 25, 2010
0114	1	June 25, 2009
0115	1	December 01, 1991
0116	1	December 01, 1991
0117	1	October 16, 2007
0118	1	June 09, 2009
0119	1	September 12, 2006
0120	1	July 01, 2010
0121	1	June 29, 2010
0122	1	June 01, 2010
0123	1	April 27, 2010
0124	1	February 16, 2010
0125	1	October 27, 2009
0126	1	September 01, 1991
0127	1	June 22, 2010
0128	1	August 01, 1996
0129	1	May 26, 2009
0130	1	May 26, 2009
0131	1	September 16, 2008
0132	1	April 23, 2009
0133	1	June 22, 2010
0134	1	February 02, 2010
0135	1	June 29, 2010
0136	1	September 15, 2009
0137	1	April 06, 2010
0138	1	October 18, 2007
0139	1	October 01, 2010
0140	1	May 01, 2003
0141	1	June 15, 2010
0142	1	June 30, 2004
0143	1	September 04, 2007
0144	1	June 01, 1989
0145	1	October 01, 2000
0146	1	August 25, 2009
0147	1	March 01, 2008
0148	1	October 01, 2009
0149	1	January 02, 2008
0150	1	December 01, 2001
0151	1	October 30, 2004
0152	1	June 01, 2008
0153	1	July 01, 1995
0154	1	August 01, 1994
0155	1	June 24, 2009
0156	1	June 03, 2008
0157	1	April 27, 2010
0158	1	June 01, 2010
0159	1	May 04, 2010
0160	1	May 07, 2010
0161	1	April 01, 1995
0162	1	August 01, 2009
0163	1	February 26, 2009
0164	1	December 07, 2009
0165	1	July 01, 2008
0166	1	October 01, 1994
0167	1	March 25, 2008
0168	1	May 22, 2007
0169	1	May 01, 2008
0170	1	October 19, 2010
0171	1	September 15, 2009
0172	1	June 22, 2010
0173	1	September 22, 2009
0174	1	October 01, 1999
0175	1	April 27, 2009
0176	1	August 25, 2009
0177	1	August 18, 2009
0178	1	May 24, 2005
0179	1	October 02, 2007
0180	1	May 24, 2005
0181	1	May 24, 2005
0182	1	June 22, 2010
0183	1	June 22, 2010
0184	1	July 20, 2010
0185	1	June 29, 2010
0186	1	October 01, 2002
0187	1	June 01, 2004
0188	1	June 01, 2010
0189	1	June 29, 2010
0190	1	June 24, 2008
0191	1	May 05, 2009
0192	1	January 04, 2011
0193	1	June 22, 2010
0194	1	July 02, 2009
0195	1	June 21, 2009
0196	1	September 30, 2009
0197	1	June 01, 2010
0198	1	June 01, 2010
0199	1	April 10, 2008
0200	1	December 01, 2009
0201	1	June 01, 2004
0202	1	May 25, 2010
0203	1	July 02, 2009
0204	1	May 18, 2010
0205	1	April 21, 2009
0206	1	May 13, 2008
0207	1	November 24, 2009
0208	1	May 18, 2010
0209	1	December 27, 2005
0210	1	June 01, 2010
0211	1	August 01, 1997
0212	1	January 30, 2005
0213	1	October 01, 1992
0214	1	November 30, 2004
0215	1	October 01, 2009
0216	1	August 04, 2009
0217	1	February 15, 2009
0218	1	September 01, 2000
0219	1	June 30, 2004
0220	1	December 15, 2005
0221	1	August 19, 2009
0222	1	January 30, 1999
0223	1	September 01, 2000
0224	1	April 02, 2007
0225	1	July 06, 2010
0226	1	January 26, 2010
0227	1	June 29, 2010
0228	1	June 01, 2001
0229	1	February 26, 2009
0230	1	May 01, 2007
0231	1	December 01, 1991
0232	1	November 01, 2009
0233	1	April 01, 1991
0234	1	May 25, 2010
0235	1	June 02, 2009
0236	1	January 01, 2006
0237	1	June 01, 2006
0238	1	November 01, 2000
0239	1	April 27, 2010
0240	1	June 01, 2010
0241	1	September 08, 2009
0242	1	June 08, 2010
0243	1	April 05, 2007
0244	1	May 01, 2006
0245	1	February 03, 2010
0246	1	March 09, 2010
0247	1	June 22, 2010
0248	1	October 27, 2009
0249	1	July 05, 2004
0250	1	June 29, 2010
0251	1	March 01, 2008
0252	1	September 01, 2003
0253	1	May 01, 1987
0254	1	March 01, 2005
0255	1	January 01, 2003
0256	1	May 01, 2004
0257	1	February 09, 2009
0258	1	March 01, 1997
0259	1	April 01, 1996
0260	1	May 01, 2001
0261	1	March 27, 2008
0262	1	April 06, 2010
0263	1	August 25, 2009
0264	1	April 06, 2010
0265	1	July 01, 1989
0266	1	January 01, 2003
0267	1	September 01, 1998
0268	1	June 29, 2010
0269	1	March 10, 2009
0270	1	April 11, 2006
0271	1	April 24, 2007
0272	1	June 01, 2010
0273	1	May 25, 2010
0274	1	July 06, 2010
0275	1	July 08, 2009
0276	1	March 25, 2008
0277	1	April 06, 2010
0278	1	September 15, 1996
0279	1	November 30, 2009
0280	1	April 01, 1998
0281	1	October 01, 1992
0282	1	September 01, 1993
0283	1	May 01, 1994
0284	1	October 28, 2009
0285	1	October 25, 2004
0286	1	August 01, 1999
0287	1	June 29, 2010
0288	1	March 01, 1994
0289	1	November 01, 2000
0290	1	April 27, 2004
0291	1	March 01, 1995
0292	1	April 01, 2008
0293	1	May 21, 2010
0294	1	April 01, 2009
0295	1	August 01, 2008
0296	1	November 17, 2009
0297	1	January 01, 2003
0298	1	May 28, 2008
0299	1	June 09, 2009
0300	1	June 30, 2004
0301	1	June 01, 2010
0302	1	June 09, 2009
0303	1	August 06, 2009
0304	1	February 07, 2006
0305	1	February 01, 1996
0306	1	April 02, 2009
0307	1	September 01, 2001
0308	1	August 01, 2005
0309	1	February 05, 2008
0310	1	June 02, 2009
0311	1	April 27, 2010
0312	1	March 09, 2010
0313	1	May 13, 2008
0314	1	September 01, 2009
0315	1	June 29, 2010
0316	1	April 21, 2010
0317	1	April 20, 2010
0318	1	January 13, 2009
0319	1	May 18, 2010
0320	1	August 18, 2009
0321	1	October 06, 2009
0322	1	March 05, 2009
0323	1	August 01, 1994
0324	1	April 27, 2010
0325	1	April 01, 2007
0326	1	May 17, 2005
0327	1	June 10, 2009
0328	1	March 02, 2010
0329	1	April 06, 2010
0330	1	June 15, 2010
0331	1	April 27, 2010
0332	1	April 27, 2010
0333	1	April 07, 2009
0334	1	March 04, 2008
0335	1	December 23, 2009
0336	1	October 05, 2009
0337	1	October 27, 2009
0338	1	February 10, 2009
0339	1	March 01, 2001
0340	1	June 14, 2010
0341	1	August 05, 2004
0342	1	March 01, 2000
0343	1	April 20, 2010
0344	1	April 07, 2009
0345	1	March 02, 2009
0346	1	March 02, 2009
0347	1	October 17, 2006
0348	1	August 01, 1996
0349	1	June 16, 2010
0350	1	September 01, 1998
0351	1	May 25, 2010
0352	1	June 22, 2010
0353	1	July 02, 2009
0354	1	May 01, 1997
0355	1	September 01, 2009
0356	1	May 01, 2007
0357	1	May 11, 2010
0358	1	March 23, 2010
0359	1	May 19, 2009
0360	1	May 19, 2009
0361	1	May 19, 2009
0362	1	March 09, 2010
0363	1	July 01, 2005
0364	1	March 30, 2010
0365	1	August 01, 1992
0366	1	February 08, 2005
0367	1	March 01, 2005
0368	1	December 01, 2003
0369	1	January 09, 2007
0370	1	March 01, 2004
0371	1	February 09, 2009
0372	1	February 09, 2009
0373	1	July 06, 2010
0374	1	September 10, 2009
0375	1	September 01, 2002
0376	1	September 23, 2008
0377	1	November 30, 2009
0378	1	September 23, 2008
0379	1	May 25, 2010
0380	1	May 25, 2010
0381	1	April 27, 2010
0382	1	November 01, 1998
0383	1	May 01, 2003
0384	1	August 18, 2009
0385	1	July 01, 2005
0386	1	August 24, 2009
0387	1	February 26, 2009
0388	1	May 01, 2002
0389	1	February 22, 2011
0390	1	June 21, 2009
0391	1	May 04, 2010
0392	1	June 01, 2009
0393	1	October 30, 2007
0394	1	April 27, 2010
0395	1	September 30, 2006
0396	1	October 09, 1998
0397	1	April 01, 2005
0398	1	November 01, 2005
0399	1	June 15, 2010
0400	1	June 18, 2010
0401	1	May 26, 2009
0402	1	March 03, 2009
0403	1	April 26, 2009
0404	1	March 09, 2010
0405	1	April 28, 2009
0406	1	May 15, 2009
0407	1	May 17, 2010
0408	1	April 13, 2010
0409	1	May 02, 2010
0410	1	June 29, 2010
0411	1	November 23, 2009
0412	1	October 01, 1999
0413	1	February 01, 2003
0414	1	February 27, 2006
0415	1	May 01, 2002
0416	1	January 01, 1993
0417	1	January 12, 2010
0418	1	April 07, 2009
0419	1	February 04, 2008
0420	1	April 06, 2010
0421	1	June 09, 2009
0422	1	May 25, 2010
0423	1	December 03, 2009
0424	1	February 26, 2009
0425	1	April 05, 2010
0426	1	May 04, 2010
0427	1	June 22, 2010
0428	1	December 15, 2009
0429	1	September 07, 2006
0430	1	July 01, 2009
0431	1	July 01, 2009
0432	1	May 01, 2004
0433	1	August 19, 2008
0434	1	August 21, 2007
0435	1	August 01, 2008
0436	1	April 28, 2009
0437	1	June 24, 2008
0438	1	January 01, 1992
0439	1	October 01, 2001
0440	1	April 04, 2006
0441	1	June 21, 2009
0442	1	July 01, 2000
0443	1	November 11, 2008
0444	1	March 07, 2006
0445	1	January 01, 1989
0446	1	August 01, 2008
0447	1	April 01, 1988
0448	1	August 01, 1994
0449	1	August 01, 1982
0450	1	June 16, 2005
0451	1	November 04, 2008
0452	1	February 01, 2010
0453	1	April 12, 2010
0454	1	November 13, 2008
0455	1	April 26, 2010
0456	1	April 22, 2008
0457	1	January 01, 1999
0458	1	October 01, 2009
0459	1	May 01, 1996
0460	1	August 01, 2001
0461	1	May 31, 2006
0462	1	August 30, 2009
0463	1	August 30, 2005
0464	1	December 28, 2009
0465	1	March 15, 2007
0466	1	June 09, 2010
0467	1	April 13, 2010
0468	1	June 01, 2003
0469	1	April 28, 2009
0470	1	January 01, 2008
0471	1	June 08, 2010
0472	1	May 23, 2006
0473	1	February 26, 2009
0474	1	February 16, 2006
0475	1	July 25, 2006
0476	1	March 16, 2009
0477	1	June 01, 2009
0478	1	August 01, 1993
0479	1	June 15, 2010
0480	1	August 01, 1996
0481	1	January 01, 2000
0482	1	April 21, 2005
0483	1	October 01, 1995
0484	1	January 01, 1986
0485	1	May 21, 2010
0486	1	June 02, 2009
0487	1	April 27, 2010
0488	1	January 01, 2002
0489	1	June 21, 2009
0490	1	February 27, 2007
0491	1	April 27, 2004
0492	1	May 11, 2008
0493	1	February 01, 1997
0494	1	August 04, 2008
0495	1	October 01, 1998
0496	1	March 23, 2010
0497	1	June 02, 2009
0498	1	October 01, 2001
0499	1	February 26, 2009
0500	1	August 01, 1990
0501	1	July 27, 2009
0502	1	June 15, 2010
0503	1	September 01, 1998
0504	1	February 01, 1998
0505	1	February 26, 2009
0506	1	October 01, 1996
0507	1	June 29, 2010
0508	1	November 01, 1997
0509	1	December 31, 2004
0510	1	September 01, 2000
0511	1	May 19, 2009
0512	1	June 22, 2010
0513	1	May 05, 2009
0514	1	February 26, 2009
0515	1	April 01, 2005
0516	1	May 11, 2010
0517	1	May 01, 2001
0518	1	August 21, 2007
0519	1	March 01, 1960
0520	1	May 04, 2010
0521	1	May 25, 2010
0522	1	August 01, 2009
0523	1	May 15, 2008
0524	1	May 15, 2008
0525	1	May 01, 2010
0526	1	May 01, 2008
0527	1	May 04, 2010
0528	1	March 08, 2011
0529	1	August 04, 2009
0530	1	May 31, 2004
0531	1	September 01, 1950
0532	1	July 01, 1988
0533	1	June 01, 2004
0534	1	July 15, 2008
0535	1	December 15, 2002
0536	1	January 01, 1992
0537	1	August 16, 2010
0538	1	April 27, 2010
0539	1	June 15, 2006
0540	1	June 29, 2010
0541	1	October 28, 2008
0542	1	August 04, 2009
0543	1	May 29, 2007
0544	1	February 23, 2010
0545	1	June 01, 1997
0546	1	June 22, 2009
0547	1	June 06, 2006
0548	1	May 19, 2000
0549	1	July 27, 2010
0550	1	September 01, 1993
0551	1	March 01, 2007
0552	1	April 01, 2008
0553	1	November 01, 1994
0554	1	September 01, 1994
0555	1	April 01, 2007
0556	1	August 01, 2008
0557	1	September 14, 2010
0558	1	December 08, 2008
0559	1	December 01, 1999
0560	1	April 01, 2008
0561	1	April 14, 2000
0562	1	January 06, 2009
0563	1	April 01, 2009
0564	1	September 24, 2007
0565	1	October 01, 1999
0566	1	August 01, 1990
0567	1	June 22, 2010
0568	1	June 22, 2010
0569	1	May 11, 2010
0570	1	June 01, 1998
0571	1	March 01, 1999
0572	1	June 10, 2009
0573	1	May 01, 2002
0574	1	May 11, 2010
0575	1	March 24, 2009
0576	1	August 03, 2010
0577	1	April 30, 1992
0578	1	May 01, 2001
0579	1	November 01, 2001
0580	1	June 29, 2010
0581	1	November 17, 2009
0582	1	January 13, 2009
0583	1	May 01, 2010
0584	1	May 05, 2009
0585	1	February 01, 1998
0586	1	October 01, 1999
0587	1	October 01, 1996
0588	1	August 01, 2006
0589	1	April 27, 2010
0590	1	September 08, 2009
0591	1	September 08, 2009
0592	1	June 01, 2010
0593	1	May 25, 2010
0594	1	March 03, 2009
0595	1	January 05, 2010
0596	1	November 30, 2009
0597	1	November 04, 2009
0598	1	May 02, 2005
0599	1	September 25, 2007
0600	1	March 01, 2004
0601	1	May 01, 2002
0602	1	April 27, 2010
0603	1	June 25, 2009
0604	1	December 21, 2009
0605	1	February 26, 2009
0606	1	July 28, 2009
0607	1	April 23, 2009
0608	1	August 04, 2009
0609	1	April 07, 2009
0610	1	June 08, 2010
0611	1	December 23, 2008
0612	1	April 26, 2009
0613	1	August 16, 2007
0614	1	April 01, 2008
0615	1	September 01, 2003
0616	1	September 01, 2007
0617	1	February 26, 2009
0618	1	November 24, 2009
0619	1	April 28, 2009
0620	1	September 01, 1987
0621	1	June 14, 2010
0622	1	August 10, 2009
0623	1	October 01, 1998
0624	1	March 14, 2006
0625	1	May 06, 2008
0626	1	July 01, 2002
0627	1	November 16, 2009
0628	1	June 22, 2010
0629	1	October 13, 2009
0630	1	June 01, 1997
0631	1	June 15, 2010
0632	1	July 01, 2010
0633	1	May 01, 1999
0634	1	April 01, 2008
0635	1	July 09, 2008
0636	1	September 01, 2003
0637	1	June 15, 2010
0638	1	February 23, 2010
0639	1	March 31, 2009
0640	1	June 22, 2010
0641	1	March 01, 2010
0642	1	October 01, 2004
0643	1	November 01, 2003
0644	1	June 01, 2004
0645	1	July 01, 2003
0646	1	August 19, 2009
0647	1	April 01, 2008
0648	1	December 14, 2009
0649	1	December 14, 2009
0650	1	April 01, 1999
0651	1	June 08, 2010
0652	1	June 08, 2010
0653	1	June 22, 2010
0654	1	April 26, 2009
0655	1	October 01, 2009
0656	1	June 01, 1991
0657	1	February 28, 2007
0658	1	April 28, 2006
0659	1	March 05, 2009
0660	1	June 01, 2005
0661	1	August 15, 1994
0662	1	June 01, 1990
0663	1	October 01, 1999
0664	1	June 01, 1957
0665	1	September 01, 1998
0666	1	March 10, 2009
0667	1	February 01, 2001
0668	1	May 01, 2001
0669	1	April 27, 2010
0670	1	May 11, 2010
0671	1	September 30, 2005
0672	1	June 17, 2008
0673	1	June 14, 2004
0674	1	July 20, 2010
0675	1	February 10, 2009
0676	1	October 07, 2008
0677	1	February 16, 2010
0678	1	April 28, 2009
0679	1	April 01, 2009
0680	1	October 29, 2002
0681	1	April 01, 2010
0682	1	October 28, 2008
0683	1	February 26, 2009
0684	1	January 03, 2006
0685	1	May 01, 2002
0686	1	December 01, 2003
0687	1	May 01, 2002
0688	1	May 19, 2009
0689	1	March 19, 2009
0690	1	April 20, 2010
0691	1	January 01, 2009
0692	1	November 10, 2009
0693	1	March 01, 2003
0694	1	October 27, 2009
0695	1	October 03, 2006
0696	1	November 01, 2005
0697	1	June 10, 2010
0698	1	January 12, 2010
0699	1	February 03, 2009
0700	1	May 01, 2008
0701	1	April 13, 2010
0702	1	April 13, 2010
0703	1	May 14, 2009
0704	1	October 01, 2000
0705	1	November 13, 2006
0706	1	March 01, 2001
0707	1	May 01, 2004
0708	1	May 25, 2010
0709	1	October 31, 2009
0710	1	June 25, 2009
0711	1	March 29, 2005
0712	1	June 15, 2010
0713	1	August 01, 2004
0714	1	May 15, 2007
0715	1	May 15, 2007
0716	1	June 01, 2010
0717	1	July 31, 2001
0718	1	June 28, 2005
0719	1	September 26, 2006
0720	1	September 27, 2005
0721	1	June 23, 2009
0722	1	March 24, 2009
0723	1	May 27, 2008
0724	1	May 18, 2010
0725	1	April 20, 2006
0726	1	January 05, 2010
0727	1	August 25, 2009
0728	1	August 25, 2009
0729	1	August 25, 2009
0730	1	April 17, 2007
0731	1	March 11, 2008
0732	1	March 01, 2003
0733	1	May 01, 2002
0734	1	April 27, 2010
0735	1	July 14, 2009
0736	1	September 26, 2006
0737	1	March 21, 2010
0738	1	March 01, 2007
0739	1	April 11, 2006
0740	1	April 23, 2009
0741	1	February 03, 2009
0742	1	February 03, 2009
0743	1	April 21, 2009
0744	1	April 26, 2009
0745	1	May 25, 2010
0746	1	March 01, 2002
0747	1	July 09, 2009
0748	1	April 17, 2008
0749	1	May 26, 2009
0750	1	June 14, 2009
0751	1	April 19, 2005
0752	1	August 01, 2004
0753	1	November 24, 2009
0754	1	April 14, 2009
0755	1	June 08, 2010
0756	1	August 01, 2007
0757	1	April 18, 2010
0758	1	June 01, 2010
0759	1	February 02, 2010
0760	1	May 10, 2006
0761	1	September 26, 2006
0762	1	September 01, 2002
0763	1	March 09, 2010
0764	1	May 04, 2010
0765	1	February 02, 2010
0766	1	November 18, 2008
0767	1	May 23, 2006
0768	1	April 27, 2010
0769	1	September 01, 2003
0770	1	July 01, 2010
0771	1	April 20, 2010
0772	1	December 23, 2008
0773	1	May 25, 2010
0774	1	May 01, 2002
0775	1	April 05, 2007
0776	1	September 01, 1995
0777	1	November 01, 2010
0778	1	May 19, 2009
0779	1	May 01, 2010
0780	1	May 30, 2006
0781	1	June 01, 2007
0782	1	February 01, 2007
0783	1	February 16, 2006
0784	1	March 01, 2002
0785	1	September 01, 2006
0786	1	November 01, 1995
0787	1	May 01, 1999
0788	1	March 01, 2000
0789	1	January 05, 2010
0790	1	April 01, 2004
0791	1	December 30, 2008
0792	1	May 08, 2007
0793	1	April 06, 2010
0794	1	October 01, 1999
0795	1	April 01, 2000
0796	1	June 15, 2010
0797	1	February 01, 1999
0798	1	April 01, 1995
0799	1	June 01, 2000
0800	1	February 01, 2003
0801	1	November 01, 2007
0802	1	May 01, 2010
0803	1	May 30, 2006
0804	1	February 12, 2008
0805	1	October 13, 2009
0806	1	June 21, 2010
0807	1	October 01, 1999
0808	1	October 30, 2007
0809	1	August 19, 2009
0810	1	November 08, 2005
0811	1	May 04, 2010
0812	1	February 05, 2008
0813	1	June 01, 2009
0814	1	February 01, 2002
0815	1	April 27, 2010
0816	1	November 01, 2007
0817	1	November 01, 2005
0818	1	May 15, 2004
0819	1	January 01, 2004
0820	1	April 27, 2010
0821	1	May 04, 2010
0822	1	February 01, 1997
0823	1	May 01, 1989
0824	1	April 01, 2008
0825	1	June 22, 2010
0826	1	July 01, 2003
0827	1	January 01, 2008
0828	1	June 29, 2010
0829	1	April 01, 1997
0830	1	September 01, 2007
0831	1	June 01, 2008
0832	1	November 01, 1992
0833	1	June 16, 2005
0834	1	February 01, 2009
0835	1	May 15, 2008
0836	1	December 01, 2004
0837	1	December 26, 2001
0838	1	April 01, 2004
0839	1	September 07, 2010
0840	1	August 30, 2009
0841	1	July 01, 2003
0842	1	March 01, 1987
0843	1	September 28, 2006
0844	1	April 01, 2009
0845	1	April 20, 2010
0846	1	June 10, 2009
0847	1	May 01, 2006
0848	1	June 01, 2010
0849	1	May 20, 2005
0850	1	May 19, 2009
0851	1	October 01, 1997
0852	1	October 01, 1995
0853	1	September 22, 2009
0854	1	September 01, 2002
0855	1	June 29, 2010
0856	1	June 28, 2005
0857	1	February 21, 2006
0858	1	October 05, 2009
0859	1	September 22, 2009
0860	1	May 25, 2010
0861	1	May 11, 2010
0862	1	August 01, 2004
0863	1	September 01, 2003
0864	1	November 03, 2009
0865	1	May 15, 2007
0866	1	September 04, 2007
0867	1	October 01, 2007
0868	1	January 06, 2009
0869	1	November 30, 2009
0870	1	September 01, 1998
0871	1	September 01, 2004
0872	1	June 01, 1977
0873	1	November 02, 2006
0874	1	November 30, 2009
0875	1	October 27, 2009
0876	1	March 23, 2010
0877	1	April 28, 2009
0878	1	April 07, 2009
0879	1	March 25, 2008
0880	1	June 08, 2010
0881	1	October 15, 2008
0882	1	January 01, 2001
0883	1	October 01, 2001
0884	1	August 24, 2010
0885	1	October 06, 2009
0886	1	May 04, 2010
0887	1	March 15, 2005
0888	1	February 02, 2010
0889	1	July 15, 1998
0890	1	June 21, 2009
0891	1	December 23, 2009
0892	1	October 01, 1993
0893	1	February 01, 1990
0894	1	November 30, 2009
0895	1	November 24, 2009
0896	1	April 28, 2009
0897	1	March 01, 2000
0898	1	October 01, 2003
0899	1	April 24, 2007
0900	1	May 04, 2010
0901	1	April 01, 1994
0902	1	November 01, 2006
0903	1	June 29, 2010
0904	1	May 25, 2010
0905	1	July 19, 2005
0906	1	April 01, 1990
0907	1	August 25, 2009
0908	1	September 12, 2006
0909	1	May 18, 2010
0910	1	December 21, 2010
0911	1	May 19, 2009
0912	1	April 13, 2010
0913	1	July 07, 2009
0914	1	June 01, 2008
0915	1	November 24, 2009
0916	1	May 25, 2010
0917	1	April 20, 2010
0918	1	April 30, 2008
0919	1	February 26, 2009
0920	1	May 27, 2008
0921	1	June 01, 1998
0922	1	April 26, 2009
0923	1	February 02, 2010
0924	1	June 24, 2008
0925	1	November 30, 2009
0926	1	September 26, 2006
0927	1	July 01, 2010
0928	1	June 17, 2010
0929	1	November 01, 1996
0930	1	June 15, 2010
0931	1	August 22, 2006
0932	1	October 11, 2005
0933	1	August 01, 1997
0934	1	April 18, 2010
0935	1	September 01, 1992
0936	1	September 22, 2009
0937	1	October 27, 2009
0938	1	April 06, 2010
0939	1	January 10, 2008
0940	1	February 26, 2009
0941	1	May 19, 2009
0942	1	May 15, 2007
0943	1	April 28, 2010
0944	1	May 01, 2006
0945	1	April 06, 2010
0946	1	May 26, 2009
0947	1	July 06, 2010
0948	1	May 06, 2008
0949	1	October 01, 2007
0950	1	January 05, 2010
0951	1	August 11, 2009
0952	1	August 25, 2009
0953	1	April 26, 2009
0954	1	January 01, 2010
0955	1	June 15, 2010
0956	1	October 01, 2008
0957	1	October 08, 2007
0958	1	October 30, 2008
0959	1	January 01, 2003
0960	1	June 01, 2006
0961	1	January 05, 2010
0962	1	February 03, 2010
0963	1	October 01, 1992
0964	1	October 01, 1997
0965	1	March 01, 2005
0966	1	June 14, 2009
0967	1	February 26, 2009
0968	1	May 01, 2010
0969	1	September 08, 2009
0970	1	November 01, 1996
0971	1	July 08, 2009
0972	1	October 05, 2007
0973	1	October 01, 2004
0974	1	October 01, 2003
0975	1	November 24, 2009
0976	1	June 10, 2010
0977	1	April 26, 2009
0978	1	June 23, 2009
0979	1	January 26, 2010
0980	1	May 26, 2009
0981	1	September 01, 1998
0982	1	April 27, 2010
0983	1	July 01, 2010
0984	1	December 02, 2003
0985	1	June 29, 2010
0986	1	August 01, 2001
0987	1	January 01, 1994
0988	1	October 16, 2009
0989	1	October 01, 2009
0990	1	July 08, 2009
0991	1	October 08, 2008
0992	1	April 26, 2005
0993	1	February 01, 2004
0994	1	October 24, 2006
0995	1	November 25, 2008
0996	1	November 26, 2008
0997	1	October 24, 2006
0998	1	March 30, 2010
0999	1	August 04, 2009
1000	1	June 01, 2005
1001	1	May 25, 2010
1002	1	October 19, 1999
1003	1	August 18, 2009
1004	1	June 01, 1977
1005	1	October 13, 2009
1006	1	May 10, 2010
1007	1	October 13, 2009
1008	1	July 06, 2010
1009	1	October 01, 1994
1010	1	May 01, 1996
1011	1	November 20, 2009
1012	1	September 01, 2002
1013	1	August 01, 2001
1014	1	June 15, 2010
1015	1	June 01, 2010
1016	1	June 08, 2010
1017	1	August 01, 2001
1018	1	November 04, 2008
1019	1	September 01, 2009
1020	1	May 01, 2006
1021	1	January 05, 2010
1022	1	June 15, 2006
1023	1	July 01, 1999
1024	1	January 01, 1994
1025	1	May 01, 1999
1026	1	August 08, 2006
1027	1	April 01, 2003
1028	1	September 01, 1998
1029	1	May 22, 2007
1030	1	March 23, 2009
1031	1	April 08, 2008
1032	1	June 16, 2010
1033	1	October 25, 1999
1034	1	June 01, 1995
1035	1	April 07, 2005
1036	1	December 22, 2009
1037	1	November 01, 1982
1038	1	December 01, 1989
1039	1	May 04, 2010
1040	1	March 01, 2005
1041	1	July 13, 2010
1042	1	November 01, 2005
1043	1	September 01, 2002
1044	1	October 25, 2004
1045	1	August 11, 2009
1046	1	November 01, 1995
1047	1	June 15, 2008
1048	1	September 01, 1996
1049	1	July 01, 2008
1050	1	July 02, 2009
1051	1	May 01, 2008
1052	1	June 01, 2008
1053	1	December 01, 2003
1054	1	January 01, 2010
1055	1	July 21, 2010
1056	1	August 23, 2005
1057	1	August 23, 2005
1058	1	November 30, 2005
1059	1	July 21, 2005
1060	1	February 16, 2006
1061	1	March 23, 2010
1062	1	April 22, 2008
1063	1	May 01, 2000
1064	1	May 18, 2009
1065	1	March 22, 2010
1066	1	August 31, 2009
1067	1	April 13, 2010
1068	1	August 31, 2009
1069	1	May 01, 2008
1070	1	October 01, 2001
1071	1	October 01, 1999
1072	1	June 01, 1961
1073	1	May 31, 2010
1074	1	April 06, 2010
1075	1	June 15, 2000
1076	1	April 27, 2010
1077	1	April 01, 2005
1078	1	April 06, 2009
1079	1	May 01, 2001
1080	1	January 20, 2010
1081	1	September 01, 2004
1082	1	October 08, 2007
1083	1	March 21, 2010
1084	1	May 29, 2008
1085	1	May 01, 1998
1086	1	October 27, 2009
1087	1	June 01, 2010
1088	1	January 01, 2010
1089	1	July 09, 2008
1090	1	May 21, 2002
1091	1	August 18, 2009
1092	1	May 01, 2004
1093	1	April 20, 2005
1094	1	November 03, 2009
1095	1	May 04, 2010
1096	1	April 21, 2009
1097	1	May 30, 2009
1098	1	January 12, 2010
1099	1	March 01, 1989
1100	1	October 01, 2001
1101	1	August 10, 2010
1102	1	October 01, 2001
1103	1	May 01, 2007
1104	1	December 30, 2009
1105	1	October 01, 2009
1106	1	August 11, 2009
1107	1	August 11, 2009
1108	1	August 01, 2003
1109	1	July 01, 2008
1110	1	April 01, 1992
1111	1	July 06, 2010
1112	1	January 04, 2005
1113	1	April 01, 2008
1114	1	June 15, 1999
1115	1	December 01, 2000
1116	1	June 29, 2010
1117	1	June 29, 2010
1118	1	April 27, 2010
1119	1	March 22, 2005
1120	1	October 16, 2009
1121	1	March 01, 2004
1122	1	November 12, 2009
1123	1	December 22, 2009
1124	1	March 01, 2008
1125	1	May 01, 2004
1126	1	October 01, 2002
1127	1	July 01, 2001
1128	1	September 01, 2006
1129	1	October 01, 2002
1130	1	September 10, 2007
1131	1	September 01, 1981
1132	1	October 13, 2009
1133	1	August 18, 2006
1134	1	September 01, 2008
1135	1	May 01, 2000
1136	1	January 01, 2003
1137	1	February 03, 2010
1138	1	October 06, 2009
1139	1	April 27, 2010
1140	1	September 22, 2009
1141	1	May 04, 2010
1142	1	January 19, 2010
1143	1	May 25, 2010
1144	1	February 02, 2010
1145	1	March 01, 2001
1146	1	March 01, 2004
1147	1	May 05, 2009
1148	1	April 24, 2008
1149	1	June 18, 2010
1150	1	March 01, 1996
1151	1	April 01, 1996
1152	1	July 02, 2010
1153	1	August 01, 2003
1154	1	December 01, 1999
1155	1	September 22, 2009
1156	1	June 15, 2010
1157	1	February 01, 1989
1158	1	April 01, 2005
1159	1	June 01, 2010
1160	1	October 01, 1979
1161	1	July 03, 2002
1162	1	January 01, 1998
1163	1	January 01, 2009
1164	1	January 01, 2008
1165	1	May 11, 2010
1166	1	March 10, 2009
1167	1	June 15, 2001
1168	1	March 30, 2010
1169	1	June 23, 2009
1170	1	November 30, 2009
1171	1	September 29, 2009
1172	1	December 15, 2008
1173	1	July 02, 2009
1174	1	March 30, 2010
1175	1	October 28, 2002
1176	1	March 29, 2005
1177	1	February 10, 2010
1178	1	February 26, 2009
1179	1	April 01, 1997
1180	1	April 26, 2009
1181	1	July 01, 2010
1182	1	May 01, 2008
1183	1	May 01, 1999
1184	1	May 04, 2010
1185	1	November 11, 2009
1186	1	June 30, 2004
1187	1	April 02, 2009
1188	1	June 01, 1984
1189	1	January 01, 2001
1190	1	January 01, 2006
1191	1	April 26, 2009
1192	1	February 01, 2000
1193	1	April 01, 1984
1194	1	April 24, 1997
1195	1	October 01, 2008
1196	1	February 28, 2007
1197	1	October 01, 1999
1198	1	September 01, 2003
1199	1	May 01, 1976
1200	1	April 19, 2005
1201	1	July 09, 2009
1202	1	April 27, 2010
1203	1	October 20, 2009
1204	1	June 01, 1963
1205	1	September 01, 2002
1206	1	December 29, 2009
1207	1	July 01, 2009
1208	1	June 02, 2009
1209	1	August 25, 2009
1210	1	June 15, 2010
1211	1	December 01, 1997
1212	1	June 21, 2009
1213	1	September 01, 2005
1214	1	February 05, 2004
1215	1	June 22, 2010
1216	1	June 25, 2010
1217	1	May 01, 2010
1218	1	October 01, 2002
1219	1	May 11, 2010
1220	1	May 04, 2009
1221	1	October 23, 2009
1222	1	August 11, 2009
1223	1	January 01, 1997
1224	1	September 15, 2004
1225	1	September 28, 2004
1226	1	November 12, 2009
1227	1	September 01, 2009
1228	1	March 28, 2005
1229	1	October 17, 2006
1230	1	June 15, 2010
1231	1	September 18, 2007
1232	1	February 23, 2010
1233	1	August 04, 2009
1234	1	March 21, 2010
1235	1	July 29, 2008
1236	1	October 01, 2007
1237	1	June 01, 1996
1238	1	June 01, 2010
1239	1	June 30, 2004
1240	1	September 04, 2007
1241	1	August 01, 2008
1242	1	May 01, 2000
1243	1	November 17, 1988
1244	1	May 21, 2010
1245	1	January 02, 2008
1246	1	June 30, 2004
1247	1	November 01, 1991
1248	1	November 01, 1996
1249	1	April 27, 2010
1250	1	November 01, 1993
1251	1	July 01, 1996
1252	1	September 08, 2009
1253	1	April 07, 2009
1254	1	June 21, 2009
1255	1	July 06, 2010
1256	1	November 26, 2009
1257	1	July 01, 2010
1258	1	June 10, 2009
1259	1	February 10, 2009
1260	1	June 22, 2010
1261	1	July 01, 2010
1262	1	April 27, 2010
1263	1	September 29, 2009
1264	1	September 29, 2009
1265	1	April 01, 2000
1266	1	May 18, 2010
1267	1	March 01, 2001
1268	1	May 04, 2010
1269	1	June 02, 2008
1270	1	March 01, 2009
1271	1	March 16, 2009
1272	1	January 07, 2010
1273	1	July 01, 2010
1274	1	June 01, 1978
1275	1	June 01, 2010
1276	1	July 01, 2010
1277	1	January 01, 1994
1278	1	August 18, 2009
1279	1	June 01, 1996
1280	1	December 01, 2003
1281	1	October 21, 2006
1282	1	February 15, 2009
1283	1	May 21, 2010
1284	1	July 07, 2008
1285	1	October 21, 1994
1286	1	January 01, 1989
1287	1	June 01, 2003
1288	1	June 22, 2010
1289	1	March 22, 2005
1290	1	September 25, 2007
1291	1	December 01, 2003
1292	1	September 09, 2009
1293	1	April 01, 1995
1294	1	May 08, 2006
1295	1	December 26, 2007
1296	1	February 01, 1999
1297	1	February 18, 2008
1298	1	March 27, 2007
1299	1	April 01, 2007
1300	1	May 01, 2010
1301	1	June 01, 1942
1302	1	July 01, 2003
1303	1	October 01, 2009
1304	1	April 26, 2005
1305	1	December 08, 2008
1306	1	February 01, 2005
1307	1	June 01, 1994
1308	1	April 28, 2009
1309	1	May 13, 2010
1310	1	December 02, 2008
1311	1	March 01, 2004
1312	1	July 01, 1997
1313	1	September 01, 2008
1314	1	February 13, 2007
1315	1	February 13, 2007
1316	1	January 19, 2010
1317	1	October 27, 2009
1318	1	April 27, 2010
1319	1	May 04, 2010
1320	1	June 02, 2009
1321	1	April 13, 2010
1322	1	June 01, 2003
1323	1	July 01, 2003
1324	1	June 15, 2010
1325	1	June 01, 2010
1326	1	May 01, 1999
1327	1	May 04, 2010
1328	1	May 03, 2010
1329	1	May 19, 2009
1330	1	June 02, 2009
1331	1	September 01, 2002
1332	1	June 01, 1989
1333	1	January 19, 2010
1334	1	November 24, 2009
1335	1	November 24, 2009
1336	1	November 25, 2008
1337	1	November 19, 2009
1338	1	June 08, 2010
1339	1	September 01, 1983
1340	1	June 08, 2010
1341	1	July 01, 2003
1342	1	April 13, 2004
1343	1	June 21, 2005
1344	1	November 30, 2009
1345	1	June 22, 2004
1346	1	April 01, 2004
1347	1	August 25, 2009
1348	1	January 26, 2010
1349	1	August 01, 1995
1350	1	August 01, 2003
1351	1	June 01, 2004
1352	1	June 21, 2005
1353	1	May 01, 1998
1354	1	January 07, 2010
1355	1	January 07, 2010
1356	1	September 01, 2008
1357	1	December 22, 2009
1358	1	February 09, 2010
1359	1	March 29, 2006
1360	1	June 01, 1968
1361	1	March 30, 2010
1362	1	June 21, 2005
1363	1	March 09, 2010
1364	1	May 25, 2010
1365	1	July 14, 2009
1366	1	June 15, 2010
1367	1	April 01, 2010
1368	1	February 18, 2010
1369	1	April 06, 2010
1370	1	September 01, 1985
1371	1	May 01, 2000
1372	1	September 29, 2009
1373	1	June 01, 2010
1374	1	November 20, 2009
1375	1	September 15, 1997
1376	1	March 01, 2008
1377	1	May 01, 2003
1378	1	June 01, 2002
1379	1	April 27, 2004
1380	1	November 09, 2001
1381	1	October 01, 1994
1382	1	January 02, 2007
1383	1	March 01, 2007
1384	1	February 26, 2009
1385	1	June 01, 2009
1386	1	December 30, 2008
1387	1	August 14, 2009
1388	1	June 30, 2010
1389	1	October 01, 1999
1390	1	August 01, 2004
1391	1	November 13, 2007
1392	1	February 26, 2009
1393	1	September 01, 1990
1394	1	October 02, 2007
1395	1	November 24, 2009
1396	1	April 27, 2010
1397	1	September 21, 2009
1398	1	October 26, 2009
1399	1	July 29, 2008
1400	1	October 01, 2000
1401	1	October 28, 1985
1402	1	September 30, 1988
1403	1	November 01, 2008
1404	1	May 01, 1998
1405	1	January 01, 1996
1406	1	July 01, 2003
1407	1	October 07, 2008
1408	1	June 21, 2009
1409	1	May 19, 2009
1410	1	June 01, 2006
1411	1	July 01, 1977
1412	1	January 12, 2010
1413	1	March 16, 2010
1414	1	June 29, 2010
1415	1	August 01, 2009
1416	1	February 01, 2003
1417	1	June 10, 2009
1418	1	March 30, 2010
1419	1	November 24, 2009
1420	1	November 01, 2002
1421	1	June 01, 2009
1422	1	March 16, 2009
1423	1	October 27, 2009
1424	1	December 01, 1990
1425	1	November 30, 2009
1426	1	November 27, 2007
1427	1	November 20, 2007
1428	1	August 25, 2009
1429	1	October 27, 2009
1430	1	April 01, 1983
1431	1	June 01, 2009
1432	1	May 01, 2006
1433	1	November 25, 2008
1434	1	July 06, 2010
1435	1	October 25, 1999
1436	1	July 06, 2010
1437	1	August 01, 2008
1438	1	September 01, 2009
1439	1	May 01, 2010
1440	1	June 01, 2010
1441	1	January 05, 2010
1442	1	March 01, 2009
1443	1	June 15, 2010
1444	1	May 01, 2010
1445	1	May 25, 2010
1446	1	March 01, 2005
1447	1	May 01, 2002
1448	1	October 01, 2001
1449	1	October 01, 2007
1450	1	March 27, 2007
1451	1	April 27, 2010
1452	1	May 11, 2010
1453	1	May 01, 2010
1454	1	October 01, 2003
1455	1	May 25, 2010
1456	1	July 28, 2009
1457	1	June 09, 2008
1458	1	September 07, 2006
1459	1	June 29, 2010
1460	1	February 01, 2010
1461	1	June 15, 2010
1462	1	March 23, 2010
1463	1	October 13, 2009
1464	1	May 04, 2010
1465	1	April 07, 2009
1466	1	June 28, 2005
1467	1	May 31, 2005
1468	1	February 26, 2009
1469	1	June 01, 1996
1470	1	June 14, 2010
1471	1	April 29, 2008
1472	1	July 28, 2009
1473	1	June 27, 2006
1474	1	March 08, 2005
1475	1	April 27, 2010
1476	1	May 25, 2010
1477	1	August 01, 1999
1478	1	January 26, 2010
1479	1	July 31, 2007
1480	1	February 01, 2009
1481	1	July 01, 2002
1482	1	August 01, 2002
1483	1	November 24, 2009
1484	1	January 01, 1991
1485	1	May 28, 2008
1486	1	November 01, 2000
1487	1	October 01, 2009
1488	1	August 30, 2005
1489	1	August 30, 2009
1490	1	January 16, 2007
1491	1	October 28, 2002
1492	1	June 01, 1992
1493	1	February 01, 2007
1494	1	September 01, 2006
1495	1	June 16, 2009
1496	1	November 01, 2005
1497	1	October 27, 2009
1498	1	April 20, 2010
1499	1	November 01, 1998
1500	1	June 01, 2010
1501	1	May 14, 2009
1502	1	May 01, 2007
1503	1	May 04, 2010
1504	1	May 26, 2009
1505	1	April 26, 2009
1506	1	June 01, 2007
1507	1	October 15, 2009
1508	1	September 01, 1997
1509	1	July 05, 2010
1510	1	February 28, 2006
1511	1	November 14, 2007
1512	1	March 02, 2010
1513	1	December 06, 2005
1514	1	January 01, 2004
1515	1	January 01, 2004
1516	1	December 03, 2009
1517	1	September 08, 2009
1518	1	March 23, 2010
1519	1	March 28, 2006
1520	1	September 14, 2010
1521	1	January 14, 2010
1522	1	September 01, 2005
1523	1	February 01, 2004
1524	1	November 09, 2009
1525	1	May 22, 2007
1526	1	April 01, 2010
1527	1	April 15, 2010
1528	1	June 01, 2010
1529	1	July 28, 2009
1530	1	July 28, 2009
1531	1	July 30, 2009
1532	1	October 10, 2005
1533	1	April 01, 2005
1534	1	February 24, 2009
1535	1	January 12, 2010
1536	1	February 19, 2008
1537	1	March 01, 1996
1538	1	March 01, 2010
1539	1	February 01, 2010
1540	1	February 23, 2010
1541	1	April 20, 2009
1542	1	February 26, 2009
1543	1	October 01, 1978
1544	1	June 01, 1993
1545	1	June 01, 2009
1546	1	June 01, 2009
1547	1	March 01, 1997
1548	1	November 03, 2009
1549	1	July 01, 2009
1550	1	May 01, 2003
1551	1	February 09, 2010
1552	1	July 06, 2010
1553	1	June 02, 2009
1554	1	April 27, 2010
1555	1	July 01, 2008
1556	1	October 16, 2008
1557	1	October 05, 2009
1558	1	April 01, 2000
1559	1	July 01, 1988
1560	1	August 05, 2008
1561	1	October 26, 2010
1562	1	May 25, 2010
1563	1	March 01, 1993
1564	1	April 01, 1998
1565	1	June 29, 2010
1566	1	November 10, 2009
1567	1	September 01, 2004
1568	1	April 06, 2010
1569	1	October 01, 2002
1570	1	October 25, 2005
1571	1	October 20, 2009
1572	1	May 01, 2009
1573	1	November 01, 2009
1574	1	January 29, 2008
1575	1	April 25, 2009
1576	1	May 01, 2001
1577	1	January 26, 2010
1578	1	May 11, 2010
1579	1	June 25, 1999
1580	1	September 01, 2007
1581	1	May 01, 2003
1582	1	October 02, 2007
1583	1	April 28, 2009
1584	1	July 01, 2003
1585	1	August 01, 2008
1586	1	February 01, 2001
1587	1	June 29, 2010
1588	1	August 01, 2008
1589	1	October 01, 1999
1590	1	November 09, 2009
1591	1	April 01, 2009
1592	1	May 01, 2003
1593	1	February 09, 2010
1594	1	October 01, 1990
1595	1	July 01, 2007
1596	1	March 01, 1986
1597	1	February 27, 2007
1598	1	December 01, 2000
1599	1	April 30, 2005
1600	1	August 28, 2007
1601	1	May 01, 2007
1602	1	August 01, 1995
1603	1	October 01, 1991
1604	1	June 10, 2008
1605	1	December 24, 2009
1606	1	October 21, 2010
1607	1	July 01, 2010
1608	1	March 07, 2006
1609	1	August 11, 2009
1610	1	June 29, 2010
1611	1	March 14, 2006
1612	1	March 14, 2006
1613	1	March 09, 2010
1614	1	March 03, 2010
1615	1	August 01, 1994
1616	1	April 13, 2010
1617	1	September 01, 2003
1618	1	June 29, 2010
1619	1	May 01, 1993
1620	1	June 01, 2010
1621	1	April 29, 2008
1622	1	April 18, 2006
1623	1	July 07, 2009
1624	1	March 02, 2010
1625	1	March 01, 2009
1626	1	February 23, 2010
1627	1	June 29, 2010
1628	1	July 01, 2007
1629	1	June 03, 2010
1630	1	April 07, 2009
1631	1	April 07, 2009
1632	1	March 02, 2010
1633	1	June 15, 2010
1634	1	September 05, 2006
1635	1	June 24, 2010
1636	1	October 27, 2009
1637	1	April 08, 2008
1638	1	March 23, 2010
1639	1	August 06, 2009
1640	1	August 06, 2009
1641	1	August 19, 2009
1642	1	July 01, 2010
1643	1	May 11, 2010
1644	1	March 31, 2009
1645	1	November 30, 2009
1646	1	April 07, 2009
1647	1	April 01, 2010
1648	1	April 02, 2002
1649	1	November 28, 2006
1650	1	July 07, 2009
1651	1	April 15, 2008
1652	1	September 01, 2009
1653	1	January 01, 1997
1654	1	February 26, 2009
1655	1	July 01, 1994
1656	1	June 10, 2010
1657	1	June 01, 2010
1658	1	June 10, 2009
1659	1	July 01, 2001
1660	1	May 01, 2001
1661	1	October 01, 2006
1662	1	July 30, 2004
1663	1	April 01, 2001
1664	1	August 15, 1994
1665	1	September 10, 2007
1666	1	August 01, 1997
1667	1	July 01, 2003
1668	1	June 18, 2009
1669	1	April 01, 2010
1670	1	June 01, 1991
1671	1	March 10, 2010
1672	1	October 01, 1992
1673	1	January 30, 2005
1674	1	September 01, 1995
1675	1	July 01, 2003
1676	1	July 14, 2008
1677	1	August 18, 2009
1678	1	October 14, 2008
1679	1	February 26, 2009
1680	1	June 01, 2008
1681	1	February 24, 2009
1682	1	March 01, 1982
1683	1	February 15, 2007
1684	1	July 27, 2004
1685	1	March 01, 2002
1686	1	April 01, 2007
1687	1	March 01, 1994
1688	1	December 30, 2004
1689	1	June 01, 1997
1690	1	January 15, 2009
1691	1	May 01, 1997
1692	1	July 31, 2005
1693	1	January 01, 2004
1694	1	September 23, 2008
1695	1	June 02, 2009
1696	1	May 25, 2010
1697	1	June 25, 2002
1698	1	October 01, 2002
1699	1	December 29, 2009
1700	1	June 22, 2010
1701	1	August 06, 2002
1702	1	January 01, 2003
1703	1	May 01, 2007
1704	1	April 13, 2010
1705	1	November 01, 1995
1706	1	March 01, 2006
1707	1	March 01, 2002
1708	1	March 27, 2008
1709	1	December 01, 2002
1710	1	December 01, 1994
1711	1	June 01, 1996
1712	1	March 30, 2009
1713	1	August 01, 2006
1714	1	July 07, 2006
1715	1	July 13, 2007
1716	1	July 01, 2003
1717	1	September 01, 2002
1718	1	February 05, 2004
1719	1	January 01, 2002
1720	1	January 01, 2002
1721	1	September 28, 2010
1722	1	June 14, 2010
1723	1	October 01, 2009
1724	1	May 01, 2010
1725	1	May 01, 2008
1726	1	August 01, 2007
1727	1	April 01, 2006
1728	1	April 01, 2006
1729	1	July 07, 2008
1730	1	May 21, 2010
1731	1	February 05, 2004
1732	1	September 01, 2009
1733	1	July 26, 2008
1734	1	June 01, 2010
1735	1	March 23, 1998
1736	1	February 26, 2009
1737	1	February 24, 2009
1738	1	February 03, 2010
1739	1	June 01, 2009
1740	1	September 22, 2009
1741	1	September 25, 2007
1742	1	February 01, 1985
1743	1	September 09, 2008
1744	1	June 29, 2010
1745	1	August 20, 2009
1746	1	July 01, 2010
1747	1	March 01, 2000
1748	1	June 08, 2010
1749	1	March 01, 2002
1750	1	October 19, 2005
1751	1	February 26, 2009
1752	1	June 02, 2009
1753	1	April 28, 2006
1754	1	September 01, 2005
1755	1	January 05, 2010
1756	1	October 27, 2009
1757	1	May 25, 2010
1758	1	September 27, 2005
1759	1	May 01, 1997
1760	1	January 07, 2009
1761	1	September 14, 2009
1762	1	May 01, 2010
1763	1	January 05, 2010
1764	1	June 15, 2010
1765	1	August 01, 1990
1766	1	May 04, 2010
1767	1	September 15, 2009
1768	1	October 20, 2008
1769	1	June 02, 2009
1770	1	May 01, 2005
1771	1	June 23, 2009
1772	1	September 11, 2007
1773	1	April 27, 2010
1774	1	April 01, 2010
1775	1	June 22, 2010
1776	1	February 01, 2002
1777	1	April 20, 2010
1778	1	January 01, 2005
1779	1	July 01, 2005
1780	1	May 14, 2009
1781	1	May 26, 2009
1782	1	September 01, 2008
1783	1	March 01, 1971
1784	1	March 01, 2003
1785	1	July 10, 2007
1786	1	May 12, 2009
1787	1	November 30, 2009
1788	1	May 01, 2009
1789	1	March 16, 2010
1790	1	August 22, 2006
1791	1	February 01, 2008
1792	1	May 22, 2009
1793	1	March 28, 2006
1794	1	March 28, 2006
1795	1	October 01, 2002
1796	1	May 11, 2010
1797	1	July 06, 2010
1798	1	February 07, 2006
1799	1	December 01, 2008
1800	1	December 01, 2008
1801	1	August 25, 2009
1802	1	January 01, 1996
1803	1	April 28, 2010
1804	1	June 02, 2009
1805	1	July 30, 2009
1806	1	November 03, 2009
1807	1	August 17, 2010
1808	1	November 03, 2009
1809	1	October 27, 2009
1810	1	August 01, 1992
1811	1	January 22, 2009
1812	1	November 10, 2007
1813	1	July 01, 2008
1814	1	June 01, 1999
1815	1	March 16, 2010
1816	1	March 16, 2010
1817	1	March 16, 2010
1818	1	February 01, 2008
1819	1	August 01, 2009
1820	1	September 30, 2009
1821	1	May 01, 2010
1822	1	May 25, 2010
1823	1	October 01, 1993
1824	1	October 31, 2006
1825	1	June 01, 2010
1826	1	February 01, 2010
1827	1	June 08, 2010
1828	1	April 23, 2009
1829	1	October 16, 2007
1830	1	July 10, 2007
1831	1	September 01, 2009
1832	1	February 26, 2009
1833	1	May 01, 1999
1834	1	June 21, 2009
1835	1	May 20, 2008
1836	1	June 22, 2010
1837	1	July 22, 2008
1838	1	November 30, 2009
1839	1	March 16, 2009
1840	1	April 26, 2005
1841	1	May 18, 2010
1842	1	June 18, 2010
1843	1	November 09, 2009
1844	1	April 13, 2010
1845	1	January 01, 2010
1846	1	March 01, 2010
1847	1	August 14, 2008
1848	1	June 01, 2010
1849	1	September 30, 2009
1850	1	October 12, 2009
1851	1	April 27, 2010
1852	1	August 01, 1985
1853	1	April 28, 2010
1854	1	October 01, 1996
1855	1	March 09, 2010
1856	1	May 25, 2010
1857	1	December 23, 2009
1858	1	June 29, 2010
1859	1	August 01, 2009
1860	1	July 01, 2010
1861	1	July 08, 2009
1862	1	October 17, 2006
1863	1	October 17, 2006
1864	1	May 05, 2009
1865	1	May 01, 2008
1866	1	May 01, 1995
1867	1	May 06, 2010
1868	1	August 06, 2009
1869	1	August 01, 1988
1870	1	January 30, 2005
1871	1	January 05, 2010
1872	1	February 01, 2001
1873	1	August 10, 2010
1874	1	June 15, 2010
1875	1	March 01, 2003
1876	1	October 15, 2009
1877	1	May 30, 2006
1878	1	December 23, 2009
1879	1	May 04, 2010
1880	1	May 11, 2010
1881	1	October 03, 2006
1882	1	April 27, 2010
1883	1	October 01, 1999
1884	1	February 01, 2008
1885	1	September 01, 2004
1886	1	October 01, 2008
1887	1	May 11, 2010
1888	1	April 20, 2010
1889	1	April 01, 2004
1890	1	September 01, 2003
1891	1	September 21, 2009
1892	1	May 01, 2004
1893	1	April 13, 2010
1894	1	September 15, 1993
1895	1	September 08, 2008
1896	1	September 08, 2008
1897	1	February 01, 2003
1898	1	September 01, 1992
1899	1	March 30, 2009
1900	1	October 15, 2009
1901	1	July 06, 2010
1902	1	May 11, 2010
1903	1	June 08, 2010
1904	1	January 01, 2010
1905	1	February 23, 2010
1906	1	January 07, 2003
1907	1	January 01, 1996
1908	1	June 22, 2010
1909	1	March 30, 2010
1910	1	August 20, 2007
1911	1	March 04, 2003
1912	1	September 01, 1999
1913	1	October 01, 2003
1914	1	March 09, 2010
1915	1	February 01, 2005
1916	1	August 28, 2006
1917	1	May 04, 2010
1918	1	January 01, 2009
1919	1	March 03, 2005
1920	1	September 11, 2008
1921	1	January 19, 2010
1922	1	August 25, 2009
1923	1	August 25, 2009
1924	1	May 25, 2010
1925	1	October 01, 1994
1926	1	May 04, 2010
1927	1	May 01, 2001
1928	1	February 26, 2009
1929	1	September 01, 2009
1930	1	October 01, 2009
1931	1	June 18, 2010
1932	1	February 02, 2010
1933	1	March 19, 2010
1934	1	March 23, 2010
1935	1	March 06, 2007
1936	1	October 18, 2006
1937	1	September 09, 1939
1938	1	November 26, 2009
1939	1	April 06, 2010
1940	1	June 15, 2010
1941	1	December 03, 2009
1942	1	December 08, 2009
1943	1	May 11, 2005
1944	1	May 01, 2000
1945	1	April 15, 2009
1946	1	June 08, 2010
1947	1	September 29, 2009
1948	1	April 01, 2008
1949	1	December 29, 2009
1950	1	August 18, 2009
1951	1	May 01, 2009
1952	1	June 05, 2006
1953	1	April 28, 2010
1954	1	March 14, 2006
1955	1	August 19, 2009
1956	1	October 26, 2009
1957	1	February 16, 2010
1958	1	May 13, 2008
1959	1	March 28, 2006
1960	1	June 16, 2004
1961	1	April 01, 2007
1962	1	October 26, 2010
1963	1	March 10, 2009
1964	1	January 12, 2010
1965	1	April 06, 2010
1966	1	June 14, 2010
1967	1	October 28, 2008
1968	1	May 01, 2007
1969	1	October 02, 2008
1970	1	June 01, 2010
1971	1	March 09, 2010
1972	1	January 19, 2010
1973	1	January 19, 2010
1974	1	June 01, 2010
1975	1	December 27, 2005
1976	1	October 09, 2007
1977	1	June 09, 2009
1978	1	April 04, 2006
1979	1	January 19, 2010
1980	1	October 10, 2006
1981	1	June 11, 2009
1982	1	April 01, 2008
1983	1	March 16, 2009
1984	1	May 11, 2010
1985	1	February 01, 2001
1986	1	January 04, 2010
1987	1	January 01, 2003
1988	1	January 18, 2010
1989	1	January 06, 2009
1990	1	April 27, 2010
1991	1	May 04, 2010
1992	1	June 01, 1958
1993	1	October 01, 1999
1994	1	October 13, 2009
1995	1	August 01, 1999
1996	1	March 01, 2006
1997	1	June 01, 2010
1998	1	February 16, 2009
1999	1	March 10, 2009
