book	borders	isbn_13
2000	2000	2000	2000
0000	1	9780312605391
0001	1	9780307454546
0002	1	9780307473479
0003	1	9780307269997
0004	1	9780143038412
0005	1	9781429922487
0006	1	9780446561365
0007	1	9781607882374
0008	1	9780316052641
0009	1	9781423113386
0010	1	9781594133886
0011	1	9780373774463
0012	1	9781416586593
0013	1	9781416589648
0014	1	9780061795176
0015	1	9780143144397
0016	1	9781423103349
0017	1	9780345515483
0018	1	9781429936606
0019	1	9780440419396
0020	1	9780316038379
0021	1	9780143118428
0022	1	9781423101499
0023	1	9780446580830
0024	1	9781607882183
0025	1	9780060887353
0026	1	9780062002945
0027	1	9781416543077
0028	1	9780439023498
0029	1	9780446310789
0030	1	9780373285907
0031	1	9780060887384
0032	1	9780739337271
0033	1	9781607881896
0034	1	9780441018642
0035	1	9780316027656
0036	1	9780525423843
0037	1	9780061566172
0038	1	9781416980087
0039	1	9780553591903
0040	1	9780553807233
0041	1	9780553906639
0042	1	9780316024969
0043	1	9780739337202
0044	1	9780316075633
0045	1	9780385343169
0046	1	9780446570978
0047	1	9780446549158
0048	1	9780439023511
0049	1	9781594133831
0050	1	9780385303880
0051	1	9781934137123
0052	1	9780060887414
0053	1	9780515148145
0054	1	9780446618328
0055	1	9780446542180
0056	1	9780446698344
0057	1	9781600243714
0058	1	9780385342469
0059	1	9780762424931
0060	1	9781400032716
0061	1	9780380709588
0062	1	9781429910958
0063	1	9781427208767
0064	1	9781439133613
0065	1	9781416525677
0066	1	9780743247542
0067	1	9781416550600
0068	1	9780312359324
0069	1	9781427206664
0070	1	9780399156533
0071	1	9781439155493
0072	1	9780743273565
0073	1	9780743246392
0074	1	9781602834125
0075	1	9780061919718
0076	1	9780307271983
0077	1	9781439155202
0078	1	9780060850524
0079	1	9781602833364
0080	1	9781586217198
0081	1	9781421534749
0082	1	9780810994737
0083	1	9780140177398
0084	1	9781565117709
0085	1	9780061885662
0086	1	9781400065455
0087	1	9780312605599
0088	1	9780345505347
0089	1	9780345512505
0090	1	9780060899226
0091	1	9780307710772
0092	1	9780142427781
0093	1	9780670021727
0094	1	9780545060394
0095	1	9780739318928
0096	1	9780689840920
0097	1	9780807204771
0098	1	9780316024976
0099	1	9781600243912
0100	1	9780345479730
0101	1	9780441012183
0102	1	9780441018284
0103	1	9780399155819
0104	1	9780316113694
0105	1	9780316039925
0106	1	9780441009237
0107	1	9780440237686
0108	1	9780061189531
0109	1	9780812550702
0110	1	9780765342294
0111	1	9781429963930
0112	1	9781597801584
0113	1	9780446539838
0114	1	9780446551489
0115	1	9780786102334
0116	1	9780786102327
0117	1	9780307346612
0118	1	9780307351937
0119	1	9780307346605
0120	1	9780446542043
0121	1	9780425235386
0122	1	9780545116145
0123	1	9780425233689
0124	1	9780307463579
0125	1	9781568584256
0126	1	9780694003617
0127	1	9780312541910
0128	1	9780380709540
0129	1	9781400067114
0130	1	9780739359334
0131	1	9781423113492
0132	1	9780759514188
0133	1	9780385341974
0134	1	9780441018321
0135	1	9780060596996
0136	1	9781930448278
0137	1	9781416563693
0138	1	9781595141712
0139	1	9781595141880
0140	1	9780156027328
0141	1	9781400066032
0142	1	9781419142901
0143	1	9780307386861
0144	1	9780786100576
0145	1	9780393976045
0146	1	9780143105428
0147	1	9781400136339
0148	1	9781904633013
0149	1	9780451530783
0150	1	9781551110288
0151	1	9781593083243
0152	1	9780099511151
0153	1	9780140860603
0154	1	9780812523362
0155	1	9780316032513
0156	1	9781600241826
0157	1	9781429915649
0158	1	9780345518569
0159	1	9780446566872
0160	1	9780446568210
0161	1	9780140230277
0162	1	9780061256691
0163	1	9780759568990
0164	1	9780446567329
0165	1	9781600242779
0166	1	9780385474542
0167	1	9781400062089
0168	1	9780743554435
0169	1	9781434768513
0170	1	9781400079148
0171	1	9780739319178
0172	1	9780553592450
0173	1	9780307476869
0174	1	9780613033572
0175	1	9781400111794
0176	1	9780345518729
0177	1	9780739376652
0178	1	9780743226714
0179	1	9781416542100
0180	1	9780743540070
0181	1	9780743544238
0182	1	9780310266273
0183	1	9780310325079
0184	1	9780545123280
0185	1	9780061898709
0186	1	9780767905923
0187	1	9780739311127
0188	1	9780143117490
0189	1	9780778327844
0190	1	9780385736008
0191	1	9780307266309
0192	1	9780307279187
0193	1	9780345498892
0194	1	9780345509666
0195	1	9780759527737
0196	1	9781600248429
0197	1	9780061702303
0198	1	9780061997372
0199	1	9781401323257
0200	1	9780441018291
0201	1	9780312321185
0202	1	9780312599072
0203	1	9781416995753
0204	1	9781442409781
0205	1	9780312348663
0206	1	9781427204219
0207	1	9781429937740
0208	1	9780767931113
0209	1	9781416914631
0210	1	9780545221764
0211	1	9780553210095
0212	1	9781400130603
0213	1	9780679417316
0214	1	9781551116365
0215	1	9781904633129
0216	1	9780451531353
0217	1	9780199537808
0218	1	9780679783381
0219	1	9781419181498
0220	1	9780312256937
0221	1	9780553897364
0222	1	9780835902625
0223	1	9780140280197
0224	1	9781598870923
0225	1	9780451230850
0226	1	9781400078455
0227	1	9781439152959
0228	1	9781586210663
0229	1	9780316040358
0230	1	9780312360269
0231	1	9780440180296
0232	1	9781607883678
0233	1	9780679734772
0234	1	9781594133725
0235	1	9780399155659
0236	1	9780060838676
0237	1	9780061120060
0238	1	9780060199494
0239	1	9780307718228
0240	1	9780307387097
0241	1	9780307267146
0242	1	9781439176283
0243	1	9780142408810
0244	1	9780800744366
0245	1	9780307589385
0246	1	9780307277473
0247	1	9780312374983
0248	1	9781101148945
0249	1	9780156029438
0250	1	9780345505101
0251	1	9781400136315
0252	1	9781593080006
0253	1	9780590433891
0254	1	9780786180370
0255	1	9780660189222
0256	1	9780743487573
0257	1	9780470152874
0258	1	9780804115711
0259	1	9780812504224
0260	1	9780486417806
0261	1	9780141321097
0262	1	9781595143105
0263	1	9781595141989
0264	1	9780143145592
0265	1	9780451163967
0266	1	9780141181226
0267	1	9781562476663
0268	1	9780316035439
0269	1	9781427206077
0270	1	9781594200823
0271	1	9781594132056
0272	1	9780451228321
0273	1	9780373285891
0274	1	9781442405967
0275	1	9781439163849
0276	1	9781416914297
0277	1	9780545060486
0278	1	9780805047905
0279	1	9781429984362
0280	1	9780140383515
0281	1	9780679417958
0282	1	9780688120504
0283	1	9780553211405
0284	1	9780679641186
0285	1	9781593080440
0286	1	9781551111803
0287	1	9781602835658
0288	1	9780786106486
0289	1	9780679783329
0290	1	9780743487641
0291	1	9780140366785
0292	1	9781400106356
0293	1	9780822071044
0294	1	9780764140082
0295	1	9781400136889
0296	1	9780307736536
0297	1	9780141439556
0298	1	9780099511595
0299	1	9780679640004
0300	1	9781419127243
0301	1	9781421535692
0302	1	9781427208408
0303	1	9780061892134
0304	1	9781594481925
0305	1	9781573220224
0306	1	9780525421030
0307	1	9780439136365
0308	1	9780786135363
0309	1	9780061650499
0310	1	9781439103333
0311	1	9780802720856
0312	1	9781442408623
0313	1	9780739373408
0314	1	9780316113687
0315	1	9780061922985
0316	1	9780446576253
0317	1	9780446566834
0318	1	9780375934865
0319	1	9781423116608
0320	1	9781400077687
0321	1	9780786954179
0322	1	9780141325286
0323	1	9780061081859
0324	1	9781429915991
0325	1	9780738710181
0326	1	9780739323670
0327	1	9781400077700
0328	1	9780446563086
0329	1	9781607881735
0330	1	9780061562846
0331	1	9780061728914
0332	1	9780061983948
0333	1	9780743579674
0334	1	9780312360306
0335	1	9781429974660
0336	1	9780756655297
0337	1	9781416994282
0338	1	9780763644321
0339	1	9780613395038
0340	1	9780763649456
0341	1	9780763625573
0342	1	9780763607760
0343	1	9781401341237
0344	1	9780307450739
0345	1	9781400141470
0346	1	9781400111473
0347	1	9780743564410
0348	1	9780440212560
0349	1	9780440335160
0350	1	9780385319959
0351	1	9780373774555
0352	1	9780061882647
0353	1	9780679462712
0354	1	9780679457527
0355	1	9780681750074
0356	1	9780786851973
0357	1	9781401341299
0358	1	9780440243687
0359	1	9780739340714
0360	1	9780739328460
0361	1	9780385340571
0362	1	9780385342032
0363	1	9780060838584
0364	1	9781427210272
0365	1	9780553213300
0366	1	9780689865381
0367	1	9781417660544
0368	1	9780613494175
0369	1	9780739338971
0370	1	9781594378157
0371	1	9780316037587
0372	1	9780316007023
0373	1	9781439180914
0374	1	9780765318411
0375	1	9780439139601
0376	1	9780312379834
0377	1	9781429931823
0378	1	9781427205735
0379	1	9780440243311
0380	1	9780778327981
0381	1	9780143117469
0382	1	9780767900232
0383	1	9780375822735
0384	1	9780375890802
0385	1	9780060731427
0386	1	9781400112869
0387	1	9780316040228
0388	1	9780553381689
0389	1	9780553593716
0390	1	9780553897845
0391	1	9781423128649
0392	1	9780316051590
0393	1	9780849963957
0394	1	9780061353246
0395	1	9780143038092
0396	1	9780684856094
0397	1	9781594830631
0398	1	9781594831218
0399	1	9780670021796
0400	1	9780137083640
0401	1	9780385735292
0402	1	9780312369729
0403	1	9781439156308
0404	1	9780316006835
0405	1	9780425227510
0406	1	9781594133312
0407	1	9781596985964
0408	1	9780061348143
0409	1	9780061988172
0410	1	9780446542081
0411	1	9780743237154
0412	1	9780808519256
0413	1	9780375823756
0414	1	9781594831164
0415	1	9780142001431
0416	1	9780679924128
0417	1	9780736426404
0418	1	9780446199254
0419	1	9780316004329
0420	1	9781401341336
0421	1	9781401340902
0422	1	9780062002969
0423	1	9781418572273
0424	1	9780316045742
0425	1	9780470550472
0426	1	9780425234600
0427	1	9780345496089
0428	1	9780307465351
0429	1	9780316013260
0430	1	9780316044271
0431	1	9781600245329
0432	1	9780142401767
0433	1	9781596433410
0434	1	9781416940906
0435	1	9781598877625
0436	1	9780385737289
0437	1	9780385733588
0438	1	9780345339683
0439	1	9780066620992
0440	1	9780618711659
0441	1	9780759527805
0442	1	9780446677387
0443	1	9781427205124
0444	1	9780451530066
0445	1	9780393956238
0446	1	9780199536368
0447	1	9780075535744
0448	1	9780679601005
0449	1	9780899663975
0450	1	9780143058144
0451	1	9780399250323
0452	1	9780316036221
0453	1	9780316072083
0454	1	9781594201929
0455	1	9780528355318
0456	1	9780681687110
0457	1	9780393960693
0458	1	9781904633075
0459	1	9789626340820
0460	1	9780486415864
0461	1	9781854598905
0462	1	9781848373198
0463	1	9780976072645
0464	1	9781400145478
0465	1	9780525477846
0466	1	9780316053631
0467	1	9781401310127
0468	1	9780439405577
0469	1	9780143114963
0470	1	9781594201455
0471	1	9780375429781
0472	1	9780375834035
0473	1	9780759513587
0474	1	9780142406113
0475	1	9780739335352
0476	1	9780375894428
0477	1	9780061689338
0478	1	9780679824244
0479	1	9780375894206
0480	1	9780451191137
0481	1	9780786199297
0482	1	9780525948933
0483	1	9781558743663
0484	1	9780553213508
0485	1	9780822070429
0486	1	9780307271129
0487	1	9781429990134
0488	1	9780142000731
0489	1	9780553898156
0490	1	9780486456430
0491	1	9780743487559
0492	1	9780199219650
0493	1	9780786111060
0494	1	9781400108626
0495	1	9780812565683
0496	1	9780061450556
0497	1	9780759509092
0498	1	9780446605489
0499	1	9780759521483
0500	1	9780380709526
0501	1	9780316043632
0502	1	9781607882473
0503	1	9780399144462
0504	1	9780446605236
0505	1	9780446930642
0506	1	9780446520805
0507	1	9780758242662
0508	1	9780446604802
0509	1	9781572704497
0510	1	9781568497365
0511	1	9780446519298
0512	1	9780345511683
0513	1	9780739328552
0514	1	9780446931397
0515	1	9780446696128
0516	1	9780312629021
0517	1	9780141312422
0518	1	9780312369811
0519	1	9780394800134
0520	1	9780307592293
0521	1	9780345509130
0522	1	9780545060455
0523	1	9780670018703
0524	1	9780143143475
0525	1	9780756663179
0526	1	9780061214677
0527	1	9781401310356
0528	1	9780375850868
0529	1	9780399155864
0530	1	9780143035008
0531	1	9780075536321
0532	1	9780553213461
0533	1	9780786184415
0534	1	9780199536061
0535	1	9781586638238
0536	1	9780679410003
0537	1	9780316089517
0538	1	9780385528191
0539	1	9780142406632
0540	1	9781844168750
0541	1	9780763640798
0542	1	9781416983088
0543	1	9780312948962
0544	1	9780142416662
0545	1	9780553212471
0546	1	9780486470535
0547	1	9780307350152
0548	1	9780312227623
0549	1	9789380028248
0550	1	9780394848273
0551	1	9780747587514
0552	1	9780764137815
0553	1	9780140367126
0554	1	9780812551501
0555	1	9781933618128
0556	1	9788497649193
0557	1	9780789320858
0558	1	9781906332501
0559	1	9781551113081
0560	1	9780764160578
0561	1	9780312191269
0562	1	9781597071307
0563	1	9781600246692
0564	1	9781600240171
0565	1	9780808510574
0566	1	9780380709243
0567	1	9781441764225
0568	1	9781439177952
0569	1	9780061690310
0570	1	9780679889311
0571	1	9780553108033
0572	1	9780553897852
0573	1	9780553381696
0574	1	9781416580522
0575	1	9780743579636
0576	1	9781416972259
0577	1	9780395631249
0578	1	9780141001821
0579	1	9781586211967
0580	1	9780441018925
0581	1	9780143116530
0582	1	9780670020485
0583	1	9780545227704
0584	1	9780307275172
0585	1	9780689818769
0586	1	9780613050142
0587	1	9780440412670
0588	1	9780894864025
0589	1	9780375857959
0590	1	9780375958953
0591	1	9780375858956
0592	1	9780316131612
0593	1	9781439128305
0594	1	9781416551058
0595	1	9780312606121
0596	1	9781429991216
0597	1	9780385729956
0598	1	9781590525135
0599	1	9780446619059
0600	1	9780142501559
0601	1	9780670035304
0602	1	9780451229731
0603	1	9780446581271
0604	1	9781400112883
0605	1	9780316040273
0606	1	9780553593334
0607	1	9780316026109
0608	1	9781600248498
0609	1	9780375894596
0610	1	9781416967620
0611	1	9781416974475
0612	1	9781416595151
0613	1	9780142410370
0614	1	9780312380038
0615	1	9781586215637
0616	1	9780446401265
0617	1	9780759514386
0618	1	9780451228574
0619	1	9780451225856
0620	1	9780802130204
0621	1	9781400143757
0622	1	9780316029209
0623	1	9780671027032
0624	1	9781400078776
0625	1	9781416961338
0626	1	9780375728198
0627	1	9780316043731
0628	1	9780312621032
0629	1	9781416989417
0630	1	9780140386646
0631	1	9780375894220
0632	1	9780373129317
0633	1	9780375800382
0634	1	9780743289696
0635	1	9780761149156
0636	1	9780802140111
0637	1	9781439182017
0638	1	9781594133879
0639	1	9780525951056
0640	1	9780061774157
0641	1	9780810984257
0642	1	9780446610223
0643	1	9781586215804
0644	1	9781400032808
0645	1	9780385509510
0646	1	9781400078998
0647	1	9781600242304
0648	1	9780316036245
0649	1	9780316071055
0650	1	9780064400558
0651	1	9780061735066
0652	1	9780061998041
0653	1	9780312562779
0654	1	9781416503064
0655	1	9781904633068
0656	1	9780811468404
0657	1	9780451530578
0658	1	9781572705289
0659	1	9780141325545
0660	1	9780786180394
0661	1	9780780717039
0662	1	9780786100194
0663	1	9780808519959
0664	1	9780394800011
0665	1	9780689817007
0666	1	9780399155390
0667	1	9780060652937
0668	1	9780375902925
0669	1	9780061703782
0670	1	9780375861253
0671	1	9780375821820
0672	1	9780739327999
0673	1	9780156030083
0674	1	9781595824882
0675	1	9781416953586
0676	1	9780451224996
0677	1	9780385528757
0678	1	9780446536103
0679	1	9780545105767
0680	1	9780743436748
0681	1	9780316076173
0682	1	9780446533423
0683	1	9780446551823
0684	1	9780425207604
0685	1	9780060001933
0686	1	9780613668996
0687	1	9780060004835
0688	1	9780440245988
0689	1	9780142414736
0690	1	9780812974522
0691	1	9780681843714
0692	1	9780061845666
0693	1	9780142437339
0694	1	9780061935909
0695	1	9780805080872
0696	1	9780743277709
0697	1	9781600785283
0698	1	9780142415603
0699	1	9780441016761
0700	1	9780060852566
0701	1	9781439191187
0702	1	9781441752185
0703	1	9780448450445
0704	1	9780446608817
0705	1	9781594836114
0706	1	9780613336079
0707	1	9780375928246
0708	1	9780312628260
0709	1	9781930448292
0710	1	9780525950769
0711	1	9781416500186
0712	1	9780061953774
0713	1	9780375507250
0714	1	9780312348656
0715	1	9781427201560
0716	1	9781421528090
0717	1	9781565115217
0718	1	9780441012688
0719	1	9780143036937
0720	1	9780739308783
0721	1	9781423124528
0722	1	9781416986034
0723	1	9780739376935
0724	1	9781439101131
0725	1	9780142407332
0726	1	9781416905868
0727	1	9781588368515
0728	1	9780739383377
0729	1	9781400066216
0730	1	9780446699310
0731	1	9781400075720
0732	1	9780553573428
0733	1	9780553381702
0734	1	9780061230912
0735	1	9780061230905
0736	1	9780446619035
0737	1	9781439157039
0738	1	9780446618151
0739	1	9780446696517
0740	1	9780759513457
0741	1	9780739370773
0742	1	9780385527408
0743	1	9780743291460
0744	1	9781416564898
0745	1	9780440245711
0746	1	9780310247456
0747	1	9780446551175
0748	1	9780843126983
0749	1	9780143115625
0750	1	9780375894626
0751	1	9780739322208
0752	1	9781400052929
0753	1	9780061929373
0754	1	9781605296500
0755	1	9780061997983
0756	1	9780515143508
0757	1	9781442413863
0758	1	9780764205095
0759	1	9781421533056
0760	1	9780802715524
0761	1	9780739337295
0762	1	9780451458926
0763	1	9780307463760
0764	1	9780316020718
0765	1	9780425235676
0766	1	9781416974512
0767	1	9780743497466
0768	1	9780373774524
0769	1	9780060558123
0770	1	9780373129287
0771	1	9780061160882
0772	1	9780375838828
0773	1	9780778328681
0774	1	9780380805600
0775	1	9780142408773
0776	1	9780679866947
0777	1	9780810984912
0778	1	9780440245995
0779	1	9780545102445
0780	1	9780143037149
0781	1	9781401908973
0782	1	9780451461032
0783	1	9780142406120
0784	1	9780439376068
0785	1	9781553379867
0786	1	9780786108947
0787	1	9780140283297
0788	1	9780375703768
0789	1	9781878424686
0790	1	9780399239793
0791	1	9781605298382
0792	1	9780307278449
0793	1	9780061449086
0794	1	9780446607650
0795	1	9780446676434
0796	1	9780375894855
0797	1	9780590634274
0798	1	9780446600477
0799	1	9780156012195
0800	1	9780380813810
0801	1	9780061438592
0802	1	9780316122467
0803	1	9780143037521
0804	1	9781590305478
0805	1	9781590307434
0806	1	9780857080097
0807	1	9780833509451
0808	1	9780553582031
0809	1	9780553900323
0810	1	9780553801507
0811	1	9780786954834
0812	1	9780451461551
0813	1	9781889392332
0814	1	9780312979973
0815	1	9781429938976
0816	1	9780515143829
0817	1	9780425206249
0818	1	9780312335168
0819	1	9781593973599
0820	1	9780465017751
0821	1	9780736427098
0822	1	9780140384512
0823	1	9780679723110
0824	1	9780756404741
0825	1	9780802720962
0826	1	9780451210845
0827	1	9780670018215
0828	1	9781427816894
0829	1	9789626341155
0830	1	9780764137785
0831	1	9780099511229
0832	1	9780812523010
0833	1	9780143058106
0834	1	9780954502577
0835	1	9780199535934
0836	1	9780786181483
0837	1	9780312241704
0838	1	9780794500894
0839	1	9781402773242
0840	1	9781848373297
0841	1	9780613639330
0842	1	9780553212716
0843	1	9788466627122
0844	1	9788497645515
0845	1	9780375424502
0846	1	9780307424983
0847	1	9780446617796
0848	1	9780061995033
0849	1	9780451529947
0850	1	9780525950974
0851	1	9780440414124
0852	1	9780385321754
0853	1	9780385729857
0854	1	9780670031269
0855	1	9780843964103
0856	1	9781400060283
0857	1	9780739334676
0858	1	9781588364746
0859	1	9781580089876
0860	1	9780316085311
0861	1	9780736427135
0862	1	9780812973013
0863	1	9780375506161
0864	1	9780451462947
0865	1	9780312367466
0866	1	9780307381262
0867	1	9781400135363
0868	1	9780739328279
0869	1	9781429990882
0870	1	9780812551488
0871	1	9780767908184
0872	1	9780140502343
0873	1	9780843121278
0874	1	9781429982467
0875	1	9781427208057
0876	1	9780061779725
0877	1	9780375837326
0878	1	9780375894619
0879	1	9780375837319
0880	1	9780375429828
0881	1	9780981461014
0882	1	9780375902918
0883	1	9780613337670
0884	1	9780385737951
0885	1	9780385907026
0886	1	9781400202829
0887	1	9781589268555
0888	1	9780061930935
0889	1	9780312966096
0890	1	9781416597919
0891	1	9780061954740
0892	1	9780812511819
0893	1	9780812500486
0894	1	9781429959810
0895	1	9780765323996
0896	1	9780312559953
0897	1	9780679885504
0898	1	9780375824944
0899	1	9780143111979
0900	1	9780451230164
0901	1	9780446600255
0902	1	9780441013401
0903	1	9781594487620
0904	1	9780312624149
0905	1	9780743453981
0906	1	9780345361790
0907	1	9780307473707
0908	1	9780307277886
0909	1	9780062000675
0910	1	9781416950066
0911	1	9781416543848
0912	1	9780312608668
0913	1	9780312380960
0914	1	9780060871222
0915	1	9780765327253
0916	1	9780778327851
0917	1	9780061732324
0918	1	9781596445451
0919	1	9780307541345
0920	1	9780375852084
0921	1	9780679781493
0922	1	9780743471275
0923	1	9780312602383
0924	1	9780312374624
0925	1	9781429986366
0926	1	9780743270755
0927	1	9780545221733
0928	1	9780486478036
0929	1	9780679863748
0930	1	9780375894251
0931	1	9781416505013
0932	1	9780743550062
0933	1	9780812551471
0934	1	9780553897449
0935	1	9780064441551
0936	1	9781439158906
0937	1	9781439166710
0938	1	9780061668050
0939	1	9780446582599
0940	1	9780446505956
0941	1	9780440246015
0942	1	9780385340557
0943	1	9781439106501
0944	1	9781594834837
0945	1	9780425232545
0946	1	9780452295544
0947	1	9780743499309
0948	1	9781594483080
0949	1	9780451222381
0950	1	9780375864506
0951	1	9780736425964
0952	1	9781416505044
0953	1	9781416593997
0954	1	9780373775224
0955	1	9781595825049
0956	1	9780061345685
0957	1	9780156035217
0958	1	9780448450551
0959	1	9780141439563
0960	1	9780060776398
0961	1	9780375857355
0962	1	9780446698856
0963	1	9780140186390
0964	1	9780679883395
0965	1	9780060577322
0966	1	9780743237178
0967	1	9780307394125
0968	1	9780810984301
0969	1	9781416545361
0970	1	9780679882817
0971	1	9780743419741
0972	1	9780307389732
0973	1	9780060525613
0974	1	9780060000042
0975	1	9780312428921
0976	1	9781594202551
0977	1	9781439101841
0978	1	9781416909842
0979	1	9780446401203
0980	1	9780316166300
0981	1	9780064407052
0982	1	9780307393982
0983	1	9780316038874
0984	1	9780743261951
0985	1	9780515148152
0986	1	9780385335997
0987	1	9780385302326
0988	1	9780440335153
0989	1	9780316056632
0990	1	9780446194341
0991	1	9781600244742
0992	1	9780375826696
0993	1	9781400090686
0994	1	9780440238485
0995	1	9780143143758
0996	1	9780143143789
0997	1	9780743496711
0998	1	9780312934361
0999	1	9781427206749
1000	1	9781416902867
1001	1	9780373774593
1002	1	9780316353298
1003	1	9781416599685
1004	1	9780822207511
1005	1	9781934781616
1006	1	9780316092104
1007	1	9781439158012
1008	1	9781442403802
1009	1	9780440220657
1010	1	9780385323284
1011	1	9780385528863
1012	1	9780743437493
1013	1	9780312282998
1014	1	9780307460110
1015	1	9781416589181
1016	1	9780061974076
1017	1	9780743224543
1018	1	9780446195508
1019	1	9780312594411
1020	1	9780439845007
1021	1	9781595581037
1022	1	9780807014271
1023	1	9780679751526
1024	1	9780679429227
1025	1	9780440944591
1026	1	9781416928171
1027	1	9780451528810
1028	1	9780590353403
1029	1	9780375838705
1030	1	9780470449745
1031	1	9780681888647
1032	1	9780547341545
1033	1	9780395978344
1034	1	9780440220442
1035	1	9780142404034
1036	1	9780060892166
1037	1	9780671449025
1038	1	9780345350688
1039	1	9780307713544
1040	1	9780743454544
1041	1	9781451612837
1042	1	9780312330538
1043	1	9780802139252
1044	1	9780618538225
1045	1	9780375429644
1046	1	9780553213348
1047	1	9780199535576
1048	1	9780140378504
1049	1	9780451531018
1050	1	9780553902440
1051	1	9781400106899
1052	1	9780099511557
1053	1	9781593080495
1054	1	9780764207402
1055	1	9780486477435
1056	1	9780375926709
1057	1	9780375826702
1058	1	9788496544079
1059	1	9780448437477
1060	1	9780142406144
1061	1	9780061229640
1062	1	9780375940903
1063	1	9780609805794
1064	1	9780547237602
1065	1	9781400141975
1066	1	9780470460269
1067	1	9780316088039
1068	1	9781416996446
1069	1	9781400136650
1070	1	9780345451323
1071	1	9780684845593
1072	1	9780394800202
1073	1	9780756663148
1074	1	9780061288890
1075	1	9780312971342
1076	1	9781429971393
1077	1	9781559279642
1078	1	9780446697965
1079	1	9780761120148
1080	1	9780785134350
1081	1	9780446614450
1082	1	9781600241345
1083	1	9781416579489
1084	1	9780670063338
1085	1	9780877799160
1086	1	9780061658198
1087	1	9780451463388
1088	1	9780373775248
1089	1	9780761149125
1090	1	9780743227445
1091	1	9780743583015
1092	1	9780446615143
1093	1	9780446696586
1094	1	9780759527843
1095	1	9781439188965
1096	1	9780375415425
1097	1	9780307271556
1098	1	9780739372968
1099	1	9780679721031
1100	1	9780375811746
1101	1	9780375863479
1102	1	9781586212230
1103	1	9780440421245
1104	1	9781401922641
1105	1	9781401926526
1106	1	9780375893513
1107	1	9780739380994
1108	1	9780743436762
1109	1	9780743571968
1110	1	9780345410054
1111	1	9780425235263
1112	1	9780316735506
1113	1	9781401309572
1114	1	9780312966973
1115	1	9780446676441
1116	1	9780452296640
1117	1	9781427817761
1118	1	9781439133545
1119	1	9780609809648
1120	1	9780307237811
1121	1	9780609610626
1122	1	9781440212956
1123	1	9780061927317
1124	1	9780061456572
1125	1	9780142002421
1126	1	9780446691093
1127	1	9780451528018
1128	1	9781551117225
1129	1	9780812966060
1130	1	9780192720047
1131	1	9780140001112
1132	1	9781602836594
1133	1	9780763630645
1134	1	9781400108978
1135	1	9780689835711
1136	1	9780970802224
1137	1	9781439173046
1138	1	9781423102267
1139	1	9780451229519
1140	1	9780399156014
1141	1	9780812975703
1142	1	9780375430459
1143	1	9780345518859
1144	1	9781427817693
1145	1	9780440228653
1146	1	9780375927355
1147	1	9780345502834
1148	1	9780618829255
1149	1	9780547346601
1150	1	9780679863731
1151	1	9780679963738
1152	1	9780316013604
1153	1	9780345447869
1154	1	9780380810338
1155	1	9780142414934
1156	1	9781416594994
1157	1	9780446353205
1158	1	9780060757359
1159	1	9780307461476
1160	1	9780064440219
1161	1	9780312265854
1162	1	9780679883401
1163	1	9780060892074
1164	1	9780060892050
1165	1	9780553494174
1166	1	9780385746540
1167	1	9780312976279
1168	1	9781906735692
1169	1	9780312534899
1170	1	9781429984300
1171	1	9780143116301
1172	1	9780756645182
1173	1	9780385528290
1174	1	9781594133909
1175	1	9780486424712
1176	1	9781416500216
1177	1	9780446558402
1178	1	9780759568372
1179	1	9780380728855
1180	1	9780743449229
1181	1	9780373276851
1182	1	9780061443084
1183	1	9780843174984
1184	1	9780451229861
1185	1	9780738607276
1186	1	9781419155703
1187	1	9780192728012
1188	1	9780899261232
1189	1	9780439227148
1190	1	9781599611143
1191	1	9781416525325
1192	1	9780767905015
1193	1	9780553211375
1194	1	9780486295558
1195	1	9780099511175
1196	1	9789626344361
1197	1	9780812565881
1198	1	9781593080488
1199	1	9780140501735
1200	1	9780312315214
1201	1	9780316071956
1202	1	9780312946395
1203	1	9780316075848
1204	1	9780394800301
1205	1	9781584855286
1206	1	9780143116479
1207	1	9780061673566
1208	1	9780451227195
1209	1	9781598802870
1210	1	9780375894695
1211	1	9780446604840
1212	1	9780759524927
1213	1	9780446616492
1214	1	9784774307077
1215	1	9780312580148
1216	1	9781429921633
1217	1	9780778328841
1218	1	9780312979980
1219	1	9780060871307
1220	1	9780060871284
1221	1	9780307587770
1222	1	9780385337465
1223	1	9780385311403
1224	1	9780743272933
1225	1	9780689874727
1226	1	9781440212949
1227	1	9780061673986
1228	1	9780140186420
1229	1	9780312346065
1230	1	9781401324070
1231	1	9780385518338
1232	1	9781416550006
1233	1	9781594483493
1234	1	9781416987352
1235	1	9780441016150
1236	1	9781847490087
1237	1	9789626340950
1238	1	9780955881886
1239	1	9781419117718
1240	1	9780307386847
1241	1	9781400106875
1242	1	9780393972849
1243	1	9780192547040
1244	1	9780822070634
1245	1	9780451530820
1246	1	9781551113210
1247	1	9780679405818
1248	1	9780679882824
1249	1	9780515147902
1250	1	9780345348104
1251	1	9780345407276
1252	1	9780470497432
1253	1	9780307278821
1254	1	9781588367167
1255	1	9780312595678
1256	1	9780981461021
1257	1	9780373655380
1258	1	9780307405722
1259	1	9780812975406
1260	1	9780440245421
1261	1	9780545221696
1262	1	9780061995064
1263	1	9780553592856
1264	1	9780553906806
1265	1	9780802136831
1266	1	9781439157312
1267	1	9780439267618
1268	1	9780061661204
1269	1	9780762435050
1270	1	9781600245626
1271	1	9780446536141
1272	1	9780143144052
1273	1	9780373655366
1274	1	9780448405209
1275	1	9781402236969
1276	1	9780373276875
1277	1	9780140187649
1278	1	9780553900446
1279	1	9780679447276
1280	1	9781593080242
1281	1	9781844083749
1282	1	9780199538140
1283	1	9780679641216
1284	1	9781400138456
1285	1	9780486282404
1286	1	9780590427920
1287	1	9780789497123
1288	1	9780345512444
1289	1	9780385732314
1290	1	9780807223765
1291	1	9780385730280
1292	1	9780446559805
1293	1	9780930289232
1294	1	9780156031561
1295	1	9781427202406
1296	1	9780440225706
1297	1	9780756636029
1298	1	9780739348840
1299	1	9780060827625
1300	1	9781607882992
1301	1	9780075556084
1302	1	9780613639835
1303	1	9781904633334
1304	1	9781416500254
1305	1	9781400110384
1306	1	9780689878350
1307	1	9780786106974
1308	1	9780739328415
1309	1	9780448453859
1310	1	9780143143659
1311	1	9780142400760
1312	1	9780887431470
1313	1	9780061374968
1314	1	9780375838095
1315	1	9780375938092
1316	1	9780061566141
1317	1	9780345511133
1318	1	9780553592962
1319	1	9780767926157
1320	1	9780767926140
1321	1	9780765323118
1322	1	9780452284708
1323	1	9780060555665
1324	1	9780375894794
1325	1	9781402239267
1326	1	9780385334204
1327	1	9780451229724
1328	1	9780446402415
1329	1	9780446402408
1330	1	9780446552080
1331	1	9780515134520
1332	1	9780807508527
1333	1	9780312603472
1334	1	9780425231456
1335	1	9781594133633
1336	1	9780143143680
1337	1	9780761158356
1338	1	9780307592835
1339	1	9780064440417
1340	1	9780375429811
1341	1	9780877798095
1342	1	9780306813542
1343	1	9780312936228
1344	1	9781429971577
1345	1	9781593975685
1346	1	9780060586751
1347	1	9781423107088
1348	1	9780345509055
1349	1	9780385479561
1350	1	9780439376129
1351	1	9780312991463
1352	1	9781593977481
1353	1	9780515134476
1354	1	9780143144076
1355	1	9780143144274
1356	1	9781600244605
1357	1	9780061878589
1358	1	9781416547907
1359	1	9780769664705
1360	1	9780843100594
1361	1	9781400115792
1362	1	9781593977757
1363	1	9780375424694
1364	1	9780505527998
1365	1	9780763645960
1366	1	9780061714283
1367	1	9780802144737
1368	1	9781555846046
1369	1	9781423128991
1370	1	9780394873343
1371	1	9780679990673
1372	1	9781401323820
1373	1	9780545174770
1374	1	9781439183571
1375	1	9780805053883
1376	1	9780545041874
1377	1	9780446612548
1378	1	9781586212872
1379	1	9780743487627
1380	1	9780486419237
1381	1	9780786107896
1382	1	9780425201398
1383	1	9780446619004
1384	1	9780759567009
1385	1	9780061721717
1386	1	9780440243205
1387	1	9780830737185
1388	1	9781439176948
1389	1	9780613019248
1390	1	9780312992422
1391	1	9781600242519
1392	1	9780759515932
1393	1	9780060920081
1394	1	9780312427368
1395	1	9780345485809
1396	1	9780515147919
1397	1	9780756656072
1398	1	9780470481561
1399	1	9781423101277
1400	1	9780515134506
1401	1	9780395390306
1402	1	9780395488768
1403	1	9780061351433
1404	1	9780141180977
1405	1	9780140247732
1406	1	9780312984823
1407	1	9780425224243
1408	1	9781439164365
1409	1	9780743582001
1410	1	9781933718002
1411	1	9780307118394
1412	1	9780375857348
1413	1	9780345511584
1414	1	9780060798901
1415	1	9780688177249
1416	1	9781400034772
1417	1	9781400077656
1418	1	9780805092264
1419	1	9781429983495
1420	1	9780765340740
1421	1	9781599951683
1422	1	9780316041690
1423	1	9781587266393
1424	1	9780312851408
1425	1	9781429960137
1426	1	9780440243830
1427	1	9780385340915
1428	1	9780441017386
1429	1	9781587266423
1430	1	9780399208539
1431	1	9780061288869
1432	1	9780060765248
1433	1	9780440243816
1434	1	9781421537276
1435	1	9780395978351
1436	1	9780425235645
1437	1	9780681888760
1438	1	9781401918828
1439	1	9780778328834
1440	1	9780425235102
1441	1	9780375847479
1442	1	9780061138010
1443	1	9780786954902
1444	1	9780778328803
1445	1	9780345508676
1446	1	9781593974961
1447	1	9780765342409
1448	1	9780613337540
1449	1	9780060827717
1450	1	9780515142815
1451	1	9780061554162
1452	1	9780061991998
1453	1	9780545208789
1454	1	9780060533489
1455	1	9780375865398
1456	1	9780316051958
1457	1	9780316018593
1458	1	9781582406725
1459	1	9781401310301
1460	1	9781426849558
1461	1	9780375894824
1462	1	9780763642150
1463	1	9781401323592
1464	1	9780061366932
1465	1	9780375894565
1466	1	9780375930317
1467	1	9780316010795
1468	1	9780759511217
1469	1	9780307090355
1470	1	9780763652418
1471	1	9780681799189
1472	1	9780375429385
1473	1	9780375830341
1474	1	9780375830334
1475	1	9780345505095
1476	1	9780446552301
1477	1	9780679990659
1478	1	9781591843160
1479	1	9780307341556
1480	1	9780061771354
1481	1	9780375806148
1482	1	9780375906145
1483	1	9781605295404
1484	1	9780553213119
1485	1	9780099511182
1486	1	9780786119349
1487	1	9781904633778
1488	1	9789626343586
1489	1	9781848373266
1490	1	9780205514083
1491	1	9780618265718
1492	1	9780835902250
1493	1	9780764159770
1494	1	9780763630188
1495	1	9780812974539
1496	1	9780743254564
1497	1	9780316055376
1498	1	9780843199635
1499	1	9780679990628
1500	1	9780061336980
1501	1	9780525477433
1502	1	9780451221254
1503	1	9781421527673
1504	1	9780743580366
1505	1	9780743492621
1506	1	9780060765378
1507	1	9780843189513
1508	1	9780064442121
1509	1	9780393058994
1510	1	9780515140873
1511	1	9780451225245
1512	1	9781400031870
1513	1	9780785287964
1514	1	9781589263703
1515	1	9781589263697
1516	1	9781418578756
1517	1	9781592404759
1518	1	9780061688669
1519	1	9781416524793
1520	1	9781442338111
1521	1	9780743422802
1522	1	9780439696432
1523	1	9780812971040
1524	1	9781588363107
1525	1	9781416917489
1526	1	9780810984219
1527	1	9780794831462
1528	1	9780061987502
1529	1	9780375856488
1530	1	9780375956485
1531	1	9780375894640
1532	1	9781421501680
1533	1	9780060585440
1534	1	9780739357453
1535	1	9780736426442
1536	1	9780812975222
1537	1	9780380715435
1538	1	9780439700900
1539	1	9780756660628
1540	1	9780143116875
1541	1	9781400111565
1542	1	9780307549587
1543	1	9780394837369
1544	1	9780060915544
1545	1	9780061765223
1546	1	9780061782107
1547	1	9780553577129
1548	1	9780060852573
1549	1	9780061703720
1550	1	9780156028356
1551	1	9780399156199
1552	1	9780451230751
1553	1	9780385530606
1554	1	9780375855900
1555	1	9780786950461
1556	1	9780142412091
1557	1	9780385520133
1558	1	9780735812994
1559	1	9780671657864
1560	1	9780739374535
1561	1	9780385528047
1562	1	9780071736978
1563	1	9780380713806
1564	1	9780679890515
1565	1	9781427817662
1566	1	9781598802894
1567	1	9780152053109
1568	1	9780425233801
1569	1	9780679642619
1570	1	9780345483577
1571	1	9780446582186
1572	1	9780446539876
1573	1	9780061959172
1574	1	9781416575887
1575	1	9780743218290
1576	1	9780743504744
1577	1	9780345511676
1578	1	9780805091595
1579	1	9780486408835
1580	1	9789626344583
1581	1	9780140447941
1582	1	9780451530691
1583	1	9780765356147
1584	1	9780613639996
1585	1	9781400106905
1586	1	9780375756740
1587	1	9781439169421
1588	1	9781400136902
1589	1	9780808509844
1590	1	9780679641407
1591	1	9780061284403
1592	1	9781573229890
1593	1	9780738213729
1594	1	9780679732242
1595	1	9780061285271
1596	1	9780140421996
1597	1	9780486456768
1598	1	9780679783428
1599	1	9780451529732
1600	1	9780736424745
1601	1	9781421511306
1602	1	9780441790340
1603	1	9780441788385
1604	1	9781423104889
1605	1	9781585427680
1606	1	9780486478999
1607	1	9780373655403
1608	1	9780307336187
1609	1	9780307276766
1610	1	9780061987465
1611	1	9780375830358
1612	1	9780307283870
1613	1	9780061284410
1614	1	9780061981494
1615	1	9780064471046
1616	1	9781414301273
1617	1	9780385511612
1618	1	9780061885280
1619	1	9780440461265
1620	1	9780451230478
1621	1	9780307388995
1622	1	9780739324288
1623	1	9781416972273
1624	1	9781400068937
1625	1	9780439825979
1626	1	9781416550877
1627	1	9781439133736
1628	1	9780060827670
1629	1	9780446547987
1630	1	9780307407795
1631	1	9780739377178
1632	1	9780465014910
1633	1	9780307455161
1634	1	9780312498085
1635	1	9781594202469
1636	1	9780061911699
1637	1	9780375848209
1638	1	9781416960898
1639	1	9780446552066
1640	1	9781600246432
1641	1	9780307472892
1642	1	9780764144783
1643	1	9780736426084
1644	1	9780312949419
1645	1	9781429926218
1646	1	9780061431395
1647	1	9780448450650
1648	1	9780743418171
1649	1	9780312934347
1650	1	9780312506483
1651	1	9780809073641
1652	1	9780312581435
1653	1	9780446602617
1654	1	9780307557148
1655	1	9780394805726
1656	1	9780525951711
1657	1	9780373861644
1658	1	9780307390530
1659	1	9780679890706
1660	1	9780440416791
1661	1	9780764159763
1662	1	9781417929573
1663	1	9780375756825
1664	1	9780780717046
1665	1	9780192719980
1666	1	9780786100392
1667	1	9780613632386
1668	1	9781598595703
1669	1	9780955881817
1670	1	9780811468442
1671	1	9780141192451
1672	1	9780679418009
1673	1	9781400130788
1674	1	9780785411208
1675	1	9780689854682
1676	1	9781400138470
1677	1	9780446401197
1678	1	9780316166294
1679	1	9780316040167
1680	1	9780316067942
1681	1	9781416587002
1682	1	9780394851310
1683	1	9781887169776
1684	1	9780743482806
1685	1	9780764120855
1686	1	9780810993259
1687	1	9780844257471
1688	1	9781840023923
1689	1	9789626341254
1690	1	9780712350334
1691	1	9781903436417
1692	1	9780521618700
1693	1	9781417663989
1694	1	9780375855528
1695	1	9780681495418
1696	1	9780312381974
1697	1	9780743455961
1698	1	9780689839085
1699	1	9780061998669
1700	1	9780345512147
1701	1	9780743418713
1702	1	9780689853494
1703	1	9781423101451
1704	1	9780446538640
1705	1	9780553211283
1706	1	9780143039563
1707	1	9780520235755
1708	1	9780141321103
1709	1	9780451528643
1710	1	9780786108497
1711	1	9789626340806
1712	1	9781402211676
1713	1	9781598890457
1714	1	9781551116525
1715	1	9780192719997
1716	1	9780613631723
1717	1	9780753454787
1718	1	9784774307039
1719	1	9781883332488
1720	1	9781883332754
1721	1	9780763648312
1722	1	9780763651558
1723	1	9780060882105
1724	1	9780761148012
1725	1	9780061567193
1726	1	9781400134717
1727	1	9780786143986
1728	1	9780786174409
1729	1	9781400138432
1730	1	9780957886896
1731	1	9784774307053
1732	1	9780061774607
1733	1	9780448449937
1734	1	9781439142738
1735	1	9780395900239
1736	1	9780307566300
1737	1	9780739328248
1738	1	9781439106655
1739	1	9780759567870
1740	1	9781416586654
1741	1	9780739318898
1742	1	9780812035728
1743	1	9780307405807
1744	1	9780143117674
1745	1	9780143145240
1746	1	9780545211277
1747	1	9780440225454
1748	1	9781416549727
1749	1	9780553381535
1750	1	9780316058254
1751	1	9780316048699
1752	1	9780307460448
1753	1	9781572705258
1754	1	9780440420057
1755	1	9781599903422
1756	1	9780345511768
1757	1	9781616050931
1758	1	9780553804362
1759	1	9780345417978
1760	1	9780316037556
1761	1	9781600248191
1762	1	9780778328810
1763	1	9780060539108
1764	1	9781595545251
1765	1	9780307125842
1766	1	9780758238924
1767	1	9781600246623
1768	1	9780316024754
1769	1	9781421530543
1770	1	9781572244139
1771	1	9780312561284
1772	1	9781416915263
1773	1	9780848733186
1774	1	9780448453385
1775	1	9781442406568
1776	1	9780439324595
1777	1	9780312368135
1778	1	9780765348784
1779	1	9780060741877
1780	1	9780448451886
1781	1	9781933372716
1782	1	9780764140563
1783	1	9780395137192
1784	1	9780385730587
1785	1	9780812970128
1786	1	9780805088410
1787	1	9781429993074
1788	1	9780061160905
1789	1	9781414318639
1790	1	9780375841002
1791	1	9780810970861
1792	1	9780385504218
1793	1	9780739339787
1794	1	9780739326749
1795	1	9780375822261
1796	1	9780061905285
1797	1	9781421538198
1798	1	9781416914143
1799	1	9781400108886
1800	1	9781400138883
1801	1	9780440246091
1802	1	9780812543261
1803	1	9781429905473
1804	1	9780307279446
1805	1	9780307270344
1806	1	9780739377383
1807	1	9780553386813
1808	1	9780307702104
1809	1	9781587266454
1810	1	9780679722649
1811	1	9780448448626
1812	1	9780802143372
1813	1	9780061340406
1814	1	9780694013012
1815	1	9780312380755
1816	1	9781429961332
1817	1	9781427209559
1818	1	9780061236075
1819	1	9780764195945
1820	1	9780071623544
1821	1	9780545200240
1822	1	9780778328537
1823	1	9780812513714
1824	1	9780553384093
1825	1	9781421530604
1826	1	9780778328872
1827	1	9780375429767
1828	1	9780316022835
1829	1	9780316004305
1830	1	9781400065301
1831	1	9780316002578
1832	1	9780316040884
1833	1	9780452281325
1834	1	9780759526471
1835	1	9781416543800
1836	1	9781416999997
1837	1	9780312386078
1838	1	9781429937894
1839	1	9780316041652
1840	1	9781416500278
1841	1	9781439153611
1842	1	9781439177044
1843	1	9780470527610
1844	1	9780740791512
1845	1	9780778328988
1846	1	9781426853869
1847	1	9780448449982
1848	1	9780373774579
1849	1	9780735626669
1850	1	9780470523988
1851	1	9780778327745
1852	1	9780394873336
1853	1	9781429954662
1854	1	9780553256697
1855	1	9781439191057
1856	1	9780312366056
1857	1	9781429938013
1858	1	9780143117797
1859	1	9780373803170
1860	1	9780545146050
1861	1	9780759569041
1862	1	9781594835841
1863	1	9781594835803
1864	1	9780399155710
1865	1	9780545055741
1866	1	9781561890460
1867	1	9780446555890
1868	1	9780307272300
1869	1	9780553213515
1870	1	9781400130771
1871	1	9781602838154
1872	1	9781551113050
1873	1	9789380028262
1874	1	9781596986046
1875	1	9780060529703
1876	1	9780448452524
1877	1	9780312992620
1878	1	9780061986109
1879	1	9781593155780
1880	1	9780385736626
1881	1	9781594865954
1882	1	9781429963961
1883	1	9780785716341
1884	1	9780764194078
1885	1	9780060507046
1886	1	9780061236112
1887	1	9781605293332
1888	1	9780843199475
1889	1	9780736422208
1890	1	9780807219904
1891	1	9780756655273
1892	1	9780060581817
1893	1	9781602838734
1894	1	9780460873642
1895	1	9781400139484
1896	1	9781400109487
1897	1	9780141439570
1898	1	9780679600015
1899	1	9780979984785
1900	1	9780803731561
1901	1	9780786022663
1902	1	9780061969744
1903	1	9781400068029
1904	1	9780778328995
1905	1	9780373210169
1906	1	9780743243155
1907	1	9780307090386
1908	1	9781595824776
1909	1	9780143116592
1910	1	9780756631147
1911	1	9780743234801
1912	1	9780307021106
1913	1	9780375825767
1914	1	9780399250002
1915	1	9780060511111
1916	1	9780802142818
1917	1	9780979825859
1918	1	9780316035422
1919	1	9780142800928
1920	1	9780765362643
1921	1	9780312607913
1922	1	9780316035798
1923	1	9780316071321
1924	1	9781844167234
1925	1	9780812550306
1926	1	9781439164617
1927	1	9780440235392
1928	1	9780307483584
1929	1	9780312429218
1930	1	9781598802955
1931	1	9780547487946
1932	1	9781599799391
1933	1	9780310564683
1934	1	9780310322016
1935	1	9780618840199
1936	1	9780618737567
1937	1	9780395169612
1938	1	9781441200020
1939	1	9780425234723
1940	1	9780061252518
1941	1	9781418577193
1942	1	9781598802948
1943	1	9780316602112
1944	1	9780140564396
1945	1	9780545103671
1946	1	9781607882220
1947	1	9780785213062
1948	1	9781421522869
1949	1	9780307339102
1950	1	9780307451736
1951	1	9781595455918
1952	1	9781576839546
1953	1	9780446548502
1954	1	9780767915823
1955	1	9780767920209
1956	1	9780470475461
1957	1	9780061147951
1958	1	9780375843815
1959	1	9780452287174
1960	1	9781591164418
1961	1	9780756629052
1962	1	9780375856471
1963	1	9780739372920
1964	1	9780736426572
1965	1	9780061924323
1966	1	9780763649425
1967	1	9780345477491
1968	1	9780312368715
1969	1	9780670063307
1970	1	9781423109358
1971	1	9780763643218
1972	1	9780399156113
1973	1	9780143145387
1974	1	9780545208482
1975	1	9780452287082
1976	1	9780307277695
1977	1	9780307264725
1978	1	9781400043460
1979	1	9780375430367
1980	1	9781400032051
1981	1	9780307278180
1982	1	9780316008358
1983	1	9780316032049
1984	1	9780312622879
1985	1	9780060652951
1986	1	9780446566568
1987	1	9780789492197
1988	1	9780756657703
1989	1	9780312377649
1990	1	9781429961394
1991	1	9780060565312
1992	1	9780843100556
1993	1	9780808519225
1994	1	9780805080681
1995	1	9780380811960
1996	1	9780060878061
1997	1	9780545213585
1998	1	9780756645526
1999	1	9780307277466
