book	buy	isbn_13
2000	2000	2000	2000
0000	1	9780441017775
0001	1	9780316031844
0002	1	9781893858497
0003	1	9781587201837
0004	1	9780765327253
0005	1	9780060889579
0006	1	9780980178258
0007	1	9780470404867
0008	1	9781933890517
0009	1	9780881929607
0010	1	9780323057479
0011	1	9781591261308
0012	1	9780321573797
0013	1	9780955693229
0014	1	9780310209300
0015	1	9780743269889
0016	1	9780940780910
0017	1	9780316051644
0018	1	9781435454897
0019	1	9781574326383
0020	1	9780785138013
0021	1	9780345512277
0022	1	9781556438806
0023	1	9781556529535
0024	1	9780980576863
0025	1	9780470399118
0026	1	9781592405329
0027	1	9781401226930
0028	1	9780240812038
0029	1	9781599951607
0030	1	9781576857328
0031	1	9781595823540
0032	1	9781608316144
0033	1	9780321704504
0034	1	9780743297325
0035	1	9781416524724
0036	1	9780061441837
0037	1	9780965242240
0038	1	9780312452070
0039	1	9780446177900
0040	1	9780425204320
0041	1	9781579549138
0042	1	9781594480003
0043	1	9781589267107
0044	1	9780767323697
0045	1	9780816638628
0046	1	9780446677486
0047	1	9780788789823
0048	1	9780060004408
0049	1	9780449213940
0050	1	9780387947563
0051	1	9780071627139
0052	1	9780323056304
0053	1	9780756641900
0054	1	9781571107220
0055	1	9781427804686
0056	1	9781433502088
0057	1	9781418531089
0058	1	9780831128005
0059	1	9780735623255
0060	1	9780310607045
0061	1	9780781764612
0062	1	9780375721748
0063	1	9780060731335
0064	1	9780837615110
0065	1	9781558322561
0066	1	9780740751431
0067	1	9781932664225
0068	1	9781568381220
0069	1	9780440226727
0070	1	9780664255114
0071	1	9781561842360
0072	1	9781435438675
0073	1	9781432718800
0074	1	9780470430965
0075	1	9781931448086
0076	1	9780307457721
0077	1	9780205645923
0078	1	9781599951614
0079	1	9780764140563
0080	1	9780847832149
0081	1	9780525950325
0082	1	9781571204646
0083	1	9780323052511
0084	1	9781401227777
0085	1	9780495387657
0086	1	9780553593372
0087	1	9780375429774
0088	1	9780375427947
0089	1	9780375427954
0090	1	9781607146391
0091	1	9780321646873
0092	1	9780470565520
0093	1	9780735627086
0094	1	9780323066464
0095	1	9781423128878
0096	1	9780307458773
0097	1	9781596916890
0098	1	9781604331455
0099	1	9780786953905
0100	1	9780520261402
0101	1	9780312368159
0102	1	9781605476339
0103	1	9780672330469
0104	1	9780930872809
0105	1	9780743294300
0106	1	9781569757208
0107	1	9781583333730
0108	1	9780470481387
0109	1	9781439148426
0110	1	9780559123023
0111	1	9783897902961
0112	1	9781600105326
0113	1	9781579128241
0114	1	9781580088527
0115	1	9781581827040
0116	1	9781591797302
0117	1	9780785131823
0118	1	9780805080681
0119	1	9781401225650
0120	1	9781416588252
0121	1	9780465013609
0122	1	9781741791518
0123	1	9781933045955
0124	1	9780071633680
0125	1	9780312373122
0126	1	9780521757041
0127	1	9780375701931
0128	1	9780525951629
0129	1	9780739368978
0130	1	9780892728053
0131	1	9781430224617
0132	1	9780061730320
0133	1	9780440242406
0134	1	9780441017782
0135	1	9780375858307
0136	1	9781565636637
0137	1	9781104602659
0138	1	9781416608417
0139	1	9781432738402
0140	1	9780977968428
0141	1	9780143116387
0142	1	9781423134503
0143	1	9780982285305
0144	1	9780807061497
0145	1	9780310948582
0146	1	9780763647353
0147	1	9781440307102
0148	1	9781607950196
0149	1	9780573617454
0150	1	9781593155445
0151	1	9780323065245
0152	1	9780375427961
0153	1	9781569757826
0154	1	9780545980258
0155	1	9781433513015
0156	1	9781604691153
0157	1	9780870707780
0158	1	9780897501866
0159	1	9781441737595
0160	1	9780439023528
0161	1	9780890247518
0162	1	9781150638770
0163	1	9781616381493
0164	1	9780573662447
0165	1	9781117598055
0166	1	9780470571934
0167	1	9781141006250
0168	1	9781141032341
0169	1	9781141050994
0170	1	9780768432350
0171	1	9781935597025
0172	1	9780980178296
0173	1	9781419549939
0174	1	9781116525151
0175	1	9781120723734
0176	1	9780759529182
0177	1	9780345521200
0178	1	9781438430676
0179	1	9781933146874
0180	1	9781401227852
0181	1	9781441808684
0182	1	9780071668064
0183	1	9781402238628
0184	1	9781439166642
0185	1	9780143105695
0186	1	9780805082395
0187	1	9782067146822
0188	1	9781906497422
0189	1	9781606993477
0190	1	9780312365370
0191	1	9780307238634
0192	1	9780307346216
0193	1	9780345518569
0194	1	9781401310356
0195	1	9781604425420
0196	1	9783868281019
0197	1	9780061571275
0198	1	9780525951568
0199	1	9780785138730
0200	1	9781423493167
0201	1	9781595824783
0202	1	9781933952604
0203	1	9780316067935
0204	1	9780470874363
0205	1	9780321701800
0206	1	9780470607343
0207	1	9780735626973
0208	1	9781441752987
0209	1	9781406736786
0210	1	9780061473487
0211	1	9781581826487
0212	1	9781401216672
0213	1	9780979983801
0214	1	9780762736386
0215	1	9781406863420
0216	1	9781423109198
0217	1	9781892523556
0218	1	9781423454472
0219	1	9780803618947
0220	1	9781421517544
0221	1	9780804839440
0222	1	9781589301993
0223	1	9781581348248
0224	1	9781581349580
0225	1	9780756634995
0226	1	9780394402840
0227	1	9780310288084
0228	1	9780310716815
0229	1	9780761149156
0230	1	9781582408736
0231	1	9781429205894
0232	1	9780425223185
0233	1	9781421520407
0234	1	9780875305271
0235	1	9781426426810
0236	1	9780761147480
0237	1	9780073378961
0238	1	9780451225283
0239	1	9781581349405
0240	1	9780740777370
0241	1	9781563926907
0242	1	9780738212777
0243	1	9780834191815
0244	1	9780345505279
0245	1	9781600591563
0246	1	9780763764050
0247	1	9781841622552
0248	1	9780321169655
0249	1	9780316033664
0250	1	9780395633366
0251	1	9780723263180
0252	1	9781401210854
0253	1	9781401219130
0254	1	9780316035903
0255	1	9780373802692
0256	1	9780713668476
0257	1	9780738554044
0258	1	9780007235025
0259	1	9780071502788
0260	1	9781569756904
0261	1	9780785128298
0262	1	9780486990156
0263	1	9781401221829
0264	1	9780890515495
0265	1	9780307408839
0266	1	9780980122329
0267	1	9780441017010
0268	1	9780240809366
0269	1	9780800604448
0270	1	9780830842421
0271	1	9781406872729
0272	1	9781421525983
0273	1	9781588501042
0274	1	9780495598626
0275	1	9780881929904
0276	1	9780553494655
0277	1	9781407543499
0278	1	9780559761294
0279	1	9780578003177
0280	1	9781560277293
0281	1	9780738562414
0282	1	9780762433582
0283	1	9780806199757
0284	1	9780137154104
0285	1	9780470449745
0286	1	9780470462089
0287	1	9781435427259
0288	1	9781889596204
0289	1	9780470457627
0290	1	9780321559449
0291	1	9780812975406
0292	1	9780470381885
0293	1	9781934389362
0294	1	9786071100337
0295	1	9780595494729
0296	1	9781598638417
0297	1	9780971700932
0298	1	9780554985015
0299	1	9780794524784
0300	1	9780345514387
0301	1	9780307453822
0302	1	9780323063432
0303	1	9780393732030
0304	1	9780393732818
0305	1	9781592239917
0306	1	9780195379594
0307	1	9780671038311
0308	1	9781103209286
0309	1	9780440417323
0310	1	9781410415424
0311	1	9781592333745
0312	1	9781401341138
0313	1	9781416607427
0314	1	9780470502129
0315	1	9781933308081
0316	1	9782759403967
0317	1	9780307392817
0318	1	9780440477310
0319	1	9780982060117
0320	1	9780911121063
0321	1	9780939040070
0322	1	9780955159312
0323	1	9781584769347
0324	1	9781591260769
0325	1	9780425212691
0326	1	9780061138850
0327	1	9780972129633
0328	1	9780806305769
0329	1	9780826416650
0330	1	9781593074708
0331	1	9780670175918
0332	1	9780471178835
0333	1	9780553212587
0334	1	9780688012267
0335	1	9780688096991
0336	1	9780764550287
0337	1	9780679721888
0338	1	9780812923841
0339	1	9780812550306
0340	1	9780816516469
0341	1	9780827600423
0342	1	9780140440706
0343	1	9780385474542
0344	1	9780252013614
0345	1	9780449219980
0346	1	9780451523631
0347	1	9780374521363
0348	1	9780140042597
0349	1	9780374521509
0350	1	9780140230277
0351	1	9780375750038
0352	1	9780316779036
0353	1	9780394507637
0354	1	9780060968618
0355	1	9781557883551
0356	1	9780764553691
0357	1	9780807282328
0358	1	9780309069953
0359	1	9780805063943
0360	1	9781585740864
0361	1	9780671015206
0362	1	9780684856094
0363	1	9780786884599
0364	1	9781578920143
0365	1	9780553380415
0366	1	9781564142894
0367	1	9780440219514
0368	1	9780898865868
0369	1	9781558585362
0370	1	9780932592149
0371	1	9780963085016
0372	1	9781561581245
0373	1	9780898628920
0374	1	9780192833877
0375	1	9780140564341
0376	1	9780840783028
0377	1	9780028630236
0378	1	9781570540752
0379	1	9780374525644
0380	1	9780375752575
0381	1	9780764504457
0382	1	9780825680014
0383	1	9780939868032
0384	1	9780060932213
0385	1	9780198596868
0386	1	9780307336033
0387	1	9780131345508
0388	1	9780743260046
0389	1	9780789002020
0390	1	9780875528663
0391	1	9780060594107
0392	1	9781582346939
0393	1	9781416510871
0394	1	9780073545585
0395	1	9780805390452
0396	1	9780312495220
0397	1	9781590525487
0398	1	9780922433407
0399	1	9780446690492
0400	1	9781596141070
0401	1	9780765305657
0402	1	9781594862168
0403	1	9780805073683
0404	1	9780830822904
0405	1	9781892953001
0406	1	9781580625692
0407	1	9780743431019
0408	1	9780964355675
0409	1	9780764517969
0410	1	9780345461810
0411	1	9780446691055
0412	1	9780325002354
0413	1	9780967759401
0414	1	9780812992243
0415	1	9781590520659
0416	1	9780761924227
0417	1	9780072133233
0418	1	9780971030909
0419	1	9780393322231
0420	1	9780842353700
0421	1	9780814472828
0422	1	9780802421241
0423	1	9781564599858
0424	1	9780060098919
0425	1	9781587155130
0426	1	9780882709062
0427	1	9780696217586
0428	1	9780595297931
0429	1	9780884199489
0430	1	9780911647662
0431	1	9781560976004
0432	1	9780195120660
0433	1	9780439443852
0434	1	9780060577490
0435	1	9780142400760
0436	1	9780634056789
0437	1	9780837338071
0438	1	9780060586317
0439	1	9780195153484
0440	1	9780806958316
0441	1	9780859917797
0442	1	9780345465658
0443	1	9780972335607
0444	1	9780451211248
0445	1	9780787958411
0446	1	9780743477109
0447	1	9780792321224
0448	1	9780764120084
0449	1	9780321202949
0450	1	9780060566104
0451	1	9781582552774
0452	1	9781561484140
0453	1	9781884956324
0454	1	9780310262657
0455	1	9780721603223
0456	1	9780399243899
0457	1	9780761142089
0458	1	9780451213044
0459	1	9781591397779
0460	1	9780778324560
0461	1	9781428818200
0462	1	9781598582062
0463	1	9780495018070
0464	1	9780940110526
0465	1	9781423107507
0466	1	9781401919160
0467	1	9781430429968
0468	1	9780973865271
0469	1	9780030500626
0470	1	9781579127343
0471	1	9780977627707
0472	1	9781400082261
0473	1	9781402748721
0474	1	9780718020750
0475	1	9780761137733
0476	1	9780811702591
0477	1	9781427804983
0478	1	9781851495399
0479	1	9781581349641
0480	1	9780802434340
0481	1	9780205590971
0482	1	9781588297556
0483	1	9780781773294
0484	1	9780743570992
0485	1	9780470184967
0486	1	9780970862914
0487	1	9780205603404
0488	1	9788879114240
0489	1	9781556437366
0490	1	9780785261414
0491	1	9781421517520
0492	1	9780596515058
0493	1	9780143113089
0494	1	9780738603537
0495	1	9780743496742
0496	1	9780307383259
0497	1	9780439846806
0498	1	9780972191418
0499	1	9780781792837
0500	1	9780805444872
0501	1	9780788433511
0502	1	9781585425808
0503	1	9781596270428
0504	1	9781933890135
0505	1	9781594839528
0506	1	9780740765667
0507	1	9784766117097
0508	1	9780743267823
0509	1	9780781764728
0510	1	9781416542841
0511	1	9780310275848
0512	1	9780316067263
0513	1	9781589604728
0514	1	9781571688996
0515	1	9780073531908
0516	1	9780312371203
0517	1	9780452288522
0518	1	9780470127780
0519	1	9780764193736
0520	1	9780143038580
0521	1	9780073528083
0522	1	9780132379823
0523	1	9780979157905
0524	1	9780440242383
0525	1	9780940780811
0526	1	9780736895026
0527	1	9780739341957
0528	1	9781576855843
0529	1	9781598870664
0530	1	9780634033957
0531	1	9780800637392
0532	1	9781581347692
0533	1	9781557429322
0534	1	9780977000388
0535	1	9780486451015
0536	1	9780321410214
0537	1	9781587680397
0538	1	9781423319733
0539	1	9780061238802
0540	1	9781425948610
0541	1	9780470098585
0542	1	9780595471300
0543	1	9780595476978
0544	1	9780470239452
0545	1	9780803619098
0546	1	9780978785130
0547	1	9781423434290
0548	1	9781603740333
0549	1	9780471783497
0550	1	9780738713038
0551	1	9780739010563
0552	1	9780781764520
0553	1	9781401921767
0554	1	9780979740367
0555	1	9781931160582
0556	1	9780975253823
0557	1	9780941355766
0558	1	9781430328346
0559	1	9780735625600
0560	1	9780786675401
0561	1	9780805447378
0562	1	9781403744227
0563	1	9780575081567
0564	1	9780312383633
0565	1	9781844807895
0566	1	9781599213705
0567	1	9781402752957
0568	1	9780756634988
0569	1	9780136045694
0570	1	9781596591516
0571	1	9781595141996
0572	1	9781600610646
0573	1	9781414316765
0574	1	9781406593419
0575	1	9780847830589
0576	1	9781401921798
0577	1	9781433502385
0578	1	9780135133958
0579	1	9780310273196
0580	1	9780310940791
0581	1	9781423101581
0582	1	9781423113492
0583	1	9781427795762
0584	1	9780136050506
0585	1	9780061728976
0586	1	9780143144199
0587	1	9780596515805
0588	1	9781906094621
0589	1	9781600850578
0590	1	9781416558798
0591	1	9781435716896
0592	1	9780470074688
0593	1	9780324664553
0594	1	9780810971332
0595	1	9780973714722
0596	1	9780393051124
0597	1	9780847831951
0598	1	9780312541521
0599	1	9780545060424
0600	1	9780375429019
0601	1	9780385509916
0602	1	9781400008186
0603	1	9781400064991
0604	1	9781580932288
0605	1	9780307338327
0606	1	9781412968836
0607	1	9780786952441
0608	1	9781409226475
0609	1	9781601630759
0610	1	9780307457974
0611	1	9780596521974
0612	1	9781585281794
0613	1	9780470444559
0614	1	9780345510303
0615	1	9780979616310
0616	1	9780131754591
0617	1	9780553386301
0618	1	9781439124628
0619	1	9780737744187
0620	1	9780738561127
0621	1	9780980060539
0622	1	9781439132326
0623	1	9780135033678
0624	1	9780446198172
0625	1	9780736927321
0626	1	9780240811659
0627	1	9781435428195
0628	1	9780786443284
0629	1	9781103243693
0630	1	9780136006961
0631	1	9781410414533
0632	1	9781594869594
0633	1	9780470436400
0634	1	9781594201851
0635	1	9780578012971
0636	1	9781935007029
0637	1	9780981924434
0638	1	9781591143659
0639	1	9780747807315
0640	1	9781412949361
0641	1	9780205743391
0642	1	9780914936572
0643	1	9780943026015
0644	1	9781565842762
0645	1	9781888118049
0646	1	9780802812193
0647	1	9780876853900
0648	1	9780877017882
0649	1	9780875081885
0650	1	9780689815812
0651	1	9780787900137
0652	1	9780787909420
0653	1	9780679731146
0654	1	9780812504798
0655	1	9780825432606
0656	1	9780452267251
0657	1	9780553271102
0658	1	9780553277579
0659	1	9780140073867
0660	1	9780671747282
0661	1	9780671794378
0662	1	9780062502230
0663	1	9780070366497
0664	1	9780449224380
0665	1	9780374521608
0666	1	9780380709588
0667	1	9780064400589
0668	1	9780064401326
0669	1	9781879682696
0670	1	9780375705694
0671	1	9780877285007
0672	1	9780314070258
0673	1	9780941936590
0674	1	9780897932837
0675	1	9780810942059
0676	1	9780825420993
0677	1	9780425176429
0678	1	9780688178239
0679	1	9780919345928
0680	1	9780834800793
0681	1	9780812570830
0682	1	9780761978657
0683	1	9780943604572
0684	1	9780312303259
0685	1	9780310242468
0686	1	9780801031069
0687	1	9780609610565
0688	1	9780669388121
0689	1	9780321037862
0690	1	9780071381765
0691	1	9780195141993
0692	1	9780896086500
0693	1	9780375756825
0694	1	9781557530370
0695	1	9781551052984
0696	1	9780932813855
0697	1	9780764553110
0698	1	9780451524935
0699	1	9780140441703
0700	1	9781565892125
0701	1	9781416507505
0702	1	9781574324624
0703	1	9781593074036
0704	1	9780307237248
0705	1	9780471773801
0706	1	9780766199200
0707	1	9781576839324
0708	1	9780316229791
0709	1	9780769629032
0710	1	9780060191443
0711	1	9780375923883
0712	1	9780060839871
0713	1	9780762423385
0714	1	9781592574605
0715	1	9780672325359
0716	1	9781401200763
0717	1	9780142437629
0718	1	9780072825749
0719	1	9780195297515
0720	1	9781590312476
0721	1	9780451529015
0722	1	9780743249997
0723	1	9780634006937
0724	1	9780764542800
0725	1	9780971933415
0726	1	9781560108733
0727	1	9780525948926
0728	1	9781557423009
0729	1	9780071417143
0730	1	9781588162649
0731	1	9780439559737
0732	1	9780345477262
0733	1	9781401905668
0734	1	9780399237638
0735	1	9780664227852
0736	1	9780764555725
0737	1	9780060531812
0738	1	9780312330873
0739	1	9781557254009
0740	1	9780743487658
0741	1	9781579400880
0742	1	9780321197702
0743	1	9780664227968
0744	1	9781560270010
0745	1	9780534554040
0746	1	9780736909372
0747	1	9780781755306
0748	1	9780375759512
0749	1	9780736912150
0750	1	9780957788961
0751	1	9780764583315
0752	1	9780898862065
0753	1	9780739113332
0754	1	9780740757563
0755	1	9789806114111
0756	1	9781583332658
0757	1	9780131721289
0758	1	9781401907136
0759	1	9780892968107
0760	1	9780471784708
0761	1	9781592802609
0762	1	9781594866715
0763	1	9780470149249
0764	1	9780810993464
0765	1	9780132353359
0766	1	9780312362911
0767	1	9781579127374
0768	1	9781411668249
0769	1	9781416038535
0770	1	9780768424942
0771	1	9781894959704
0772	1	9781593078409
0773	1	9780872599871
0774	1	9780764160851
0775	1	9780758613059
0776	1	9781416030805
0777	1	9780060878245
0778	1	9780321331915
0779	1	9780940899841
0780	1	9781572245372
0781	1	9780324560633
0782	1	9780073378145
0783	1	9780061441851
0784	1	9780937877500
0785	1	9780687644377
0786	1	9780849773006
0787	1	9780131944152
0788	1	9780385522526
0789	1	9781414315829
0790	1	9789063691714
0791	1	9780312945657
0792	1	9780312939946
0793	1	9780739359068
0794	1	9780312948740
0795	1	9781421519296
0796	1	9781416947325
0797	1	9781416950844
0798	1	9780495506522
0799	1	9780738551692
0800	1	9781589480261
0801	1	9781423421924
0802	1	9781412091756
0803	1	9780316065269
0804	1	9780471496847
0805	1	9781853677120
0806	1	9780979054402
0807	1	9780842375191
0808	1	9780716775508
0809	1	9781593854560
0810	1	9780471663164
0811	1	9780892727285
0812	1	9780495095309
0813	1	9781589973091
0814	1	9780769680903
0815	1	9780896894648
0816	1	9781402744051
0817	1	9781579908324
0818	1	9781598561722
0819	1	9780471793038
0820	1	9781428803992
0821	1	9780761136910
0822	1	9780768423990
0823	1	9780789736116
0824	1	9780974056739
0825	1	9781416541592
0826	1	9781571782038
0827	1	9780881927993
0828	1	9781416537908
0829	1	9780310937159
0830	1	9780743496711
0831	1	9780618637010
0832	1	9781594740602
0833	1	9781411658882
0834	1	9780324302592
0835	1	9780312361983
0836	1	9780312356019
0837	1	9780060780944
0838	1	9780812696066
0839	1	9780307345165
0840	1	9780743536844
0841	1	9780735622944
0842	1	9780763747626
0843	1	9781592289806
0844	1	9780634056130
0845	1	9780978507510
0846	1	9781560977742
0847	1	9780071481045
0848	1	9780307470287
0849	1	9780321714329
0850	1	9780785140993
0851	1	9780785139935
0852	1	9781442336605
0853	1	9780830755929
0854	1	9781603782333
0855	1	9780470632345
0856	1	9781423141891
0857	1	9780768432046
0858	1	9780982379349
0859	1	9781419553684
0860	1	9781141048533
0861	1	9781423418764
0862	1	9781442137325
0863	1	9781400166183
0864	1	9781419549922
0865	1	9781442186309
0866	1	9780323067034
0867	1	9781150184789
0868	1	9781120671226
0869	1	9780971407381
0870	1	9781585035724
0871	1	9781416608844
0872	1	9780736074681
0873	1	9780763781767
0874	1	9780470563144
0875	1	9780470543023
0876	1	9780310328919
0877	1	9781593597740
0878	1	9780142428078
0879	1	9780805092257
0880	1	9780138131395
0881	1	9780452296275
0882	1	9781400202775
0883	1	9781595545435
0884	1	9781602399587
0885	1	9781439158616
0886	1	9781607882206
0887	1	9781428397422
0888	1	9781592579792
0889	1	9780470568750
0890	1	9781598801040
0891	1	9781594487590
0892	1	9780136107293
0893	1	9780137151790
0894	1	9780809146109
0895	1	9780061687167
0896	1	9780061964268
0897	1	9780061987465
0898	1	9780738719764
0899	1	9780898217513
0900	1	9781596297616
0901	1	9780470540862
0902	1	9781436393393
0903	1	9781439240427
0904	1	9780735204447
0905	1	9780441018390
0906	1	9780470565216
0907	1	9780323067461
0908	1	9780470481561
0909	1	9780500251577
0910	1	9781435438897
0911	1	9780061624773
0912	1	9780205698240
0913	1	9780316008952
0914	1	9780316076074
0915	1	9780375430428
0916	1	9780847833405
0917	1	9780739061787
0918	1	9780446511346
0919	1	9780451947635
0920	1	9780465018703
0921	1	9780764196065
0922	1	9780764142864
0923	1	9781608160075
0924	1	9781846077647
0925	1	9780312554590
0926	1	9780711230392
0927	1	9780060890902
0928	1	9780061749742
0929	1	9780847832705
0930	1	9781582977959
0931	1	9780470481066
0932	1	9781596913486
0933	1	9780764196928
0934	1	9781560277521
0935	1	9781605296555
0936	1	9780240810904
0937	1	9780393706451
0938	1	9780596805784
0939	1	9781402239649
0940	1	9780323057325
0941	1	9781441830166
0942	1	9780538744836
0943	1	9780470541302
0944	1	9781607061687
0945	1	9781440203824
0946	1	9781439182550
0947	1	9781845842499
0948	1	9781607146209
0949	1	9781607146438
0950	1	9781580080576
0951	1	9781608192007
0952	1	9781602821569
0953	1	9781435486294
0954	1	9781574326444
0955	1	9781575423456
0956	1	9780307269997
0957	1	9780844671437
0958	1	9781439180914
0959	1	9781439197516
0960	1	9781861269409
0961	1	9780888444097
0962	1	9781599180632
0963	1	9788477209225
0964	1	9780399155345
0965	1	9781850107293
0966	1	9780762434329
0967	1	9780738540658
0968	1	9780374370114
0969	1	9780071605410
0970	1	9780761551959
0971	1	9780764578618
0972	1	9780446552448
0973	1	9781141056835
0974	1	9781566250450
0975	1	9780311036684
0976	1	9781601622853
0977	1	9780470531983
0978	1	9780470484708
0979	1	9781844766796
0980	1	9780793511808
0981	1	9781569755433
0982	1	9780595396443
0983	1	9780676601541
0984	1	9780071739351
0985	1	9780385528047
0986	1	9780132100700
0987	1	9788466206587
0988	1	9781599180045
0989	1	9781416599067
0990	1	9781933784571
0991	1	9789507685842
0992	1	9781933841175
0993	1	9781401302771
0994	1	9780873416030
0995	1	9780920668375
0996	1	9789507684609
0997	1	9786074299915
0998	1	9780865814196
0999	1	9781932156676
1000	1	9780806309804
1001	1	9781400103928
1002	1	9780979265839
1003	1	9781607060765
1004	1	9780073327495
1005	1	9780762429417
1006	1	9780892815289
1007	1	9781565633247
1008	1	9781597975032
1009	1	9781579540159
1010	1	9780764307652
1011	1	9780761128687
1012	1	9781930044098
1013	1	9780953476404
1014	1	9781600470912
1015	1	9780548509463
1016	1	9781427808905
1017	1	9780324655223
1018	1	9781593373238
1019	1	9780764311390
1020	1	9781581126617
1021	1	9780380723331
1022	1	9789264036178
1023	1	9780785140221
1024	1	9781151884794
1025	1	9781582977010
1026	1	9781402707148
1027	1	9781580621175
1028	1	9780811808576
1029	1	9780025429659
1030	1	9780195271270
1031	1	9780471785927
1032	1	9780470129296
1033	1	9781602640887
1034	1	9780716771081
1035	1	9781561635474
1036	1	9780312428228
1037	1	9781416049036
1038	1	9789788352280
1039	1	9781600603365
1040	1	9780077236397
1041	1	9780073405513
1042	1	9780321499134
1043	1	9781432729479
1044	1	9780756655303
1045	1	9780805344691
1046	1	9780822339069
1047	1	9781412091749
1048	1	9780470084717
1049	1	9781574325690
1050	1	9781591744306
1051	1	9781598831047
1052	1	9780470173442
1053	1	9780761558439
1054	1	9788183280327
1055	1	9781579909192
1056	1	9780764321818
1057	1	9780842320016
1058	1	9781885203649
1059	1	9780830816507
1060	1	9781576831458
1061	1	9781931643207
1062	1	9781550171662
1063	1	9780198293811
1064	1	9780768911732
1065	1	9781843401889
1066	1	9780764304316
1067	1	9780312300029
1068	1	9780764313004
1069	1	9781603741231
1070	1	9780528882159
1071	1	9780794509569
1072	1	9780974831626
1073	1	9780448435275
1074	1	9780789204394
1075	1	9780789305084
1076	1	9781843283812
1077	1	9781574324686
1078	1	9780140149296
1079	1	9780696217302
1080	1	9781402708541
1081	1	9780595155538
1082	1	9780848726072
1083	1	9780836857689
1084	1	9780794400453
1085	1	9783805580496
1086	1	9781596911499
1087	1	9781578511839
1088	1	9781400023486
1089	1	9780876045374
1090	1	9780321489845
1091	1	9780030367694
1092	1	9780312383282
1093	1	9781435717312
1094	1	9780310939795
1095	1	9780786948819
1096	1	9780789318022
1097	1	9780136009986
1098	1	9781588436658
1099	1	9781599792651
1100	1	9781401210830
1101	1	9780743571784
1102	1	9780470081198
1103	1	9780837306599
1104	1	9780955262944
1105	1	9780495112587
1106	1	9781591413325
1107	1	9781592531394
1108	1	9780313295522
1109	1	9781587612084
1110	1	9781586853556
1111	1	9780811848671
1112	1	9780028250410
1113	1	9780060244880
1114	1	9780810967083
1115	1	9780310911609
1116	1	9780070304291
1117	1	9780071440073
1118	1	9780892876099
1119	1	9781579123659
1120	1	9780744012330
1121	1	9780984178049
1122	1	9780439846721
1123	1	9781845876258
1124	1	9788466641159
1125	1	9781414339436
1126	1	9781595143068
1127	1	9781439101193
1128	1	9780470626375
1129	1	9780375429866
1130	1	9780822513223
1131	1	9780768916997
1132	1	9780595201884
1133	1	9781413301809
1134	1	9780887409417
1135	1	9781411600621
1136	1	9780374399504
1137	1	9780966234138
1138	1	9780070440029
1139	1	9780803607552
1140	1	9781563922060
1141	1	9780345404473
1142	1	9780201071405
1143	1	9781425929138
1144	1	9789768184801
1145	1	9780778801313
1146	1	9780439862653
1147	1	9780794807139
1148	1	9781600071348
1149	1	9781423108627
1150	1	9781592289868
1151	1	9780618713127
1152	1	9781580402859
1153	1	9780521115278
1154	1	9780205592005
1155	1	9781433502446
1156	1	9781893858558
1157	1	9780736060554
1158	1	9780763759537
1159	1	9781906094645
1160	1	9781400009572
1161	1	9781435714564
1162	1	9780470285367
1163	1	9783832792664
1164	1	9781934386408
1165	1	9781433502453
1166	1	9781592802975
1167	1	9781591745044
1168	1	9780789738288
1169	1	9780745960449
1170	1	9780061458477
1171	1	9784766118339
1172	1	9781418843267
1173	1	9781934525913
1174	1	9781598244038
1175	1	9780393927337
1176	1	9783861874362
1177	1	9781593693466
1178	1	9780932890061
1179	1	9780829745580
1180	1	9780743555616
1181	1	9781588166401
1182	1	9781416035947
1183	1	9780787986209
1184	1	9780310937135
1185	1	9780595406999
1186	1	9780064404440
1187	1	9780394861029
1188	1	9780673124494
1189	1	9780944031278
1190	1	9780553267839
1191	1	9780849940507
1192	1	9780764561474
1193	1	9780060192983
1194	1	9780345434159
1195	1	9780134843940
1196	1	9781580622028
1197	1	9780721639277
1198	1	9781933239804
1199	1	9780743272551
1200	1	9781420687699
1201	1	9780896892521
1202	1	9780810959507
1203	1	9780756914103
1204	1	9780873498074
1205	1	9780071422703
1206	1	9780972707312
1207	1	9780811845922
1208	1	9781569754771
1209	1	9781404226517
1210	1	9780764176432
1211	1	9780762424092
1212	1	9780761551072
1213	1	9781891343124
1214	1	9781555836290
1215	1	9781888799552
1216	1	9780658015052
1217	1	9780898755763
1218	1	9780700715886
1219	1	9780982207703
1220	1	9780393072563
1221	1	9781589946965
1222	1	9781422459898
1223	1	9781439189856
1224	1	9780606106597
1225	1	9786130073862
1226	1	9780061944345
1227	1	9780316085144
1228	1	9780764142000
1229	1	9781439196830
1230	1	9781600597930
1231	1	9781423121718
1232	1	9780824968281
1233	1	9780470521267
1234	1	9780470533338
1235	1	9781439128299
1236	1	9780316084444
1237	1	9780061995033
1238	1	9781420071016
1239	1	9781934781821
1240	1	9780970661128
1241	1	9780740747328
1242	1	9780824965907
1243	1	9780696221330
1244	1	9780739317068
1245	1	9780687052981
1246	1	9780684802183
1247	1	9780801988288
1248	1	9780500279724
1249	1	9780471189527
1250	1	9781563893698
1251	1	9780312187194
1252	1	9781556432309
1253	1	9781580510004
1254	1	9780835951609
1255	1	9780816631827
1256	1	9780847822447
1257	1	9780553381467
1258	1	9780892877546
1259	1	9780805950922
1260	1	9781584281702
1261	1	9780738404219
1262	1	9781592574247
1263	1	9789681913298
1264	1	9780743476270
1265	1	9780970118172
1266	1	9780743486125
1267	1	9780883910344
1268	1	9781580080453
1269	1	9781576751749
1270	1	9780805073669
1271	1	9780781741187
1272	1	9780899226668
1273	1	9781929834181
1274	1	9780785121794
1275	1	9780495384250
1276	1	9780781768139
1277	1	9780324224726
1278	1	9789507684289
1279	1	9780802715425
1280	1	9780452287891
1281	1	9780756623432
1282	1	9789682470950
1283	1	9781845112226
1284	1	9781401891558
1285	1	9780195327274
1286	1	9780786170227
1287	1	9780195315165
1288	1	9780618348947
1289	1	9781598634785
1290	1	9781401918811
1291	1	9781433200250
1292	1	9781593523022
1293	1	9780323048286
1294	1	9781429612982
1295	1	9780073531977
1296	1	9780310715436
1297	1	9781412945578
1298	1	9780823099092
1299	1	9781420085730
1300	1	9781435707917
1301	1	9781847731227
1302	1	9780316043137
1303	1	9781883392758
1304	1	9780765323293
1305	1	9780764945984
1306	1	9780738560922
1307	1	9780979028120
1308	1	9780811866590
1309	1	9781413310191
1310	1	9780793806560
1311	1	9780300151053
1312	1	9780307267146
1313	1	9780838984260
1314	1	9780811218221
1315	1	9781405152464
1316	1	9780495388708
1317	1	9788496969490
1318	1	9780735583528
1319	1	9781598802405
1320	1	9781433503955
1321	1	9780789739742
1322	1	9780375860072
1323	1	9781934525739
1324	1	9781582975795
1325	1	9781580114707
1326	1	9781602605862
1327	1	9781879794399
1328	1	9781428863101
1329	1	9780321556059
1330	1	9781432723125
1331	1	9781563832994
1332	1	9781421526140
1333	1	9780312452889
1334	1	9780761130666
1335	1	9781428859425
1336	1	9781933494395
1337	1	9780843709926
1338	1	9781416587989
1339	1	9781416900542
1340	1	9789700506357
1341	1	9780618994601
1342	1	9782912550507
1343	1	9780763749347
1344	1	9780136019916
1345	1	9780385520812
1346	1	9781590200636
1347	1	9780548234211
1348	1	9781401217372
1349	1	9781883360245
1350	1	9780769640068
1351	1	9780764136795
1352	1	9780470147627
1353	1	9781424169573
1354	1	9780500513750
1355	1	9789707185562
1356	1	9780975580165
1357	1	9781599960524
1358	1	9780471244523
1359	1	9780321460929
1360	1	9781416026150
1361	1	9780131577053
1362	1	9780132329033
1363	1	9781423104094
1364	1	9781581348088
1365	1	9780615143392
1366	1	9781602664395
1367	1	9780131679993
1368	1	9781587366994
1369	1	9781584796220
1370	1	9780738603049
1371	1	9781416954125
1372	1	9780061208492
1373	1	9781932394887
1374	1	9781428802391
1375	1	9780132014083
1376	1	9780739337202
1377	1	9780316066525
1378	1	9781416029748
1379	1	9788481748666
1380	1	9780495007074
1381	1	9780131735453
1382	1	9780600613862
1383	1	9781883392628
1384	1	9780789315342
1385	1	9780153522222
1386	1	9780735623774
1387	1	9780323042093
1388	1	9781597163880
1389	1	9780131714687
1390	1	9780495187790
1391	1	9781416029236
1392	1	9780495244714
1393	1	9780762103997
1394	1	9780740726873
1395	1	9780743200936
1396	1	9780553381030
1397	1	9781410216045
1398	1	9781410202703
1399	1	9781591020851
1400	1	9780060829209
1401	1	9780310247456
1402	1	9789622097117
1403	1	9780071401944
1404	1	9780827607200
1405	1	9780750647571
1406	1	9780764564079
1407	1	9781558538610
1408	1	9780805494310
1409	1	9780922705382
1410	1	9780307243171
1411	1	9780785209171
1412	1	9781585671441
1413	1	9780070145122
1414	1	9781574884159
1415	1	9780810118881
1416	1	9780810967458
1417	1	9780130354433
1418	1	9780395874820
1419	1	9781580629546
1420	1	9781563899171
1421	1	9781413702132
1422	1	9780793567263
1423	1	9780375725609
1424	1	9781572436275
1425	1	9780762418152
1426	1	9780785114116
1427	1	9780872889187
1428	1	9780439425209
1429	1	9780316735506
1430	1	9780877799306
1431	1	9780078682278
1432	1	9780778801184
1433	1	9781565482272
1434	1	9780825143588
1435	1	9781593630348
1436	1	9780976474982
1437	1	9780131196056
1438	1	9781845370503
1439	1	9780321279354
1440	1	9780844270562
1441	1	9780962819018
1442	1	9780345340948
1443	1	9780152026325
1444	1	9781930110052
1445	1	9780750644785
1446	1	9781581170917
1447	1	9780742501294
1448	1	9781557093851
1449	1	9780893300456
1450	1	9780671749651
1451	1	9780590371254
1452	1	9780452281325
1453	1	9780809105021
1454	1	9781563894695
1455	1	9780141300825
1456	1	9780486401447
1457	1	9781579120238
1458	1	9781571880727
1459	1	9780878917891
1460	1	9780938817420
1461	1	9781579771089
1462	1	9780679732761
1463	1	9780805047905
1464	1	9780842347105
1465	1	9780801979194
1466	1	9780764575921
1467	1	9781574324129
1468	1	9780597845529
1469	1	9781581501094
1470	1	9781932079111
1471	1	9780471230090
1472	1	9781581804737
1473	1	9781592231393
1474	1	9780060745905
1475	1	9780721644929
1476	1	9780471299837
1477	1	9780824707392
1478	1	9780764557262
1479	1	9781417935512
1480	1	9780768918397
1481	1	9780807745496
1482	1	9780471667704
1483	1	9780030683749
1484	1	9781589808751
1485	1	9781879794559
1486	1	9781574393200
1487	1	9780077403164
1488	1	9781603969413
1489	1	9780716754664
1490	1	9780073379111
1491	1	9780756663087
1492	1	9780205685172
1493	1	9780137002337
1494	1	9780805090567
1495	1	9780375429897
1496	1	9781608720422
1497	1	9781438253343
1498	1	9781423491743
1499	1	9781592536276
1500	1	9780764196997
1501	1	9781421532554
1502	1	9780713679335
1503	1	9786077000761
1504	1	9780810989160
1505	1	9781601252173
1506	1	9780300141146
1507	1	9781599952444
1508	1	9781605299525
1509	1	9780876112410
1510	1	9781592333851
1511	1	9780345508676
1512	1	9780578019376
1513	1	9781931160742
1514	1	9781400202836
1515	1	9781592535941
1516	1	9780316053464
1517	1	9780979996061
1518	1	9780307587466
1519	1	9781595822116
1520	1	9780743992138
1521	1	9780768239911
1522	1	9781439177112
1523	1	9781603203081
1524	1	9780785825869
1525	1	9780470371343
1526	1	9781936003051
1527	1	9781596352292
1528	1	9780230228115
1529	1	9780136091165
1530	1	9781906136345
1531	1	9780764143823
1532	1	9780810984868
1533	1	9780415563253
1534	1	9780615306032
1535	1	9781421520711
1536	1	9781563927805
1537	1	9781151521712
1538	1	9780786954933
1539	1	9781400069019
1540	1	9780240521688
1541	1	9780794605483
1542	1	9780470565537
1543	1	9780811874847
1544	1	9781596003682
1545	1	9780743271325
1546	1	9780743482783
1547	1	9780486434605
1548	1	9780800759100
1549	1	9782843236181
1550	1	9781570392375
1551	1	9780965342292
1552	1	9780715313602
1553	1	9781572434516
1554	1	9780470844540
1555	1	9781580174534
1556	1	9780922729807
1557	1	9780807729465
1558	1	9780691089577
1559	1	9780865475878
1560	1	9783211834923
1561	1	9780786273621
1562	1	9789706909169
1563	1	9781596540422
1564	1	9781413762891
1565	1	9781904130031
1566	1	9781420821635
1567	1	9780718002435
1568	1	9780595308224
1569	1	9780130606204
1570	1	9780767912211
1571	1	9780936184715
1572	1	9780823964604
1573	1	9789834502706
1574	1	9780425194416
1575	1	9781931868372
1576	1	9780764597732
1577	1	9780060847289
1578	1	9780944235560
1579	1	9789681857172
1580	1	9781892989093
1581	1	9780892876136
1582	1	9780940368170
1583	1	9780961413507
1584	1	9780376090560
1585	1	9780746008300
1586	1	9780834216310
1587	1	9780827386273
1588	1	9780155071629
1589	1	9780553380958
1590	1	9780310900993
1591	1	9783925369957
1592	1	9780439120418
1593	1	9780395633137
1594	1	9780760400852
1595	1	9780486297255
1596	1	9780688094553
1597	1	9780793529391
1598	1	9780803263765
1599	1	9780899663760
1600	1	9781557481108
1601	1	9780671009199
1602	1	9781564770585
1603	1	9781930596412
1604	1	9780664229337
1605	1	9780815334811
1606	1	9780971389014
1607	1	9780323036900
1608	1	9781844801213
1609	1	9780285629417
1610	1	9780618438020
1611	1	9780873485432
1612	1	9780307383419
1613	1	9780495093046
1614	1	9781931229432
1615	1	9780131723948
1616	1	9784770024992
1617	1	9780672328671
1618	1	9780323044073
1619	1	9780789315205
1620	1	9780205481378
1621	1	9780765316073
1622	1	9781932897166
1623	1	9781419591273
1624	1	9781569242605
1625	1	9780876298213
1626	1	9780205502967
1627	1	9780735557871
1628	1	9781402729690
1629	1	9781602820142
1630	1	9780899577500
1631	1	9781419551901
1632	1	9781432697525
1633	1	9781934436035
1634	1	9780739319352
1635	1	9780486461762
1636	1	9780312371173
1637	1	9780376017406
1638	1	9780615140797
1639	1	9780595437634
1640	1	9780786149254
1641	1	9781594160431
1642	1	9780896894969
1643	1	9780312500177
1644	1	9781430303640
1645	1	9780321443625
1646	1	9781580089913
1647	1	9780735626652
1648	1	9781561486656
1649	1	9780743583046
1650	1	9780470258682
1651	1	9781583852842
1652	1	9780077262037
1653	1	9780470284896
1654	1	9780811868112
1655	1	9780743571555
1656	1	9780547204888
1657	1	9781582408835
1658	1	9781429210799
1659	1	9781423113942
1660	1	9780791097007
1661	1	9780393732368
1662	1	9781423114550
1663	1	9781591258124
1664	1	9780756635008
1665	1	9780979930881
1666	1	9780205547968
1667	1	9781428834965
1668	1	9788883704949
1669	1	9780470519288
1670	1	9781600610134
1671	1	9780073381411
1672	1	9780399247163
1673	1	9780324662962
1674	1	9789707187030
1675	1	9781604060065
1676	1	9780980194241
1677	1	9780312373580
1678	1	9781879794306
1679	1	9780786947478
1680	1	9780495556718
1681	1	9781416046639
1682	1	9781416052906
1683	1	9781596670921
1684	1	9781934465035
1685	1	9780548975640
1686	1	9781432727352
1687	1	9781605298382
1688	1	9780439903547
1689	1	9781600611292
1690	1	9780742560505
1691	1	9781606790007
1692	1	9780768889796
1693	1	9780061234811
1694	1	9781430216421
1695	1	9781600103728
1696	1	9781400007752
1697	1	9781421519845
1698	1	9780240810300
1699	1	9781593859930
1700	1	9780387772431
1701	1	9780470156230
1702	1	9780324589993
1703	1	9781584797180
1704	1	9781423456131
1705	1	9780762436620
1706	1	9780078778063
1707	1	9781423362142
1708	1	9780345501660
1709	1	9781401219239
1710	1	9780312427597
1711	1	9780757860195
1712	1	9780316030014
1713	1	9780470287040
1714	1	9780060831349
1715	1	9781416974512
1716	1	9780615182896
1717	1	9781434372918
1718	1	9781433502958
1719	1	9780980064964
1720	1	9780811862653
1721	1	9780843133288
1722	1	9780448449845
1723	1	9780848732295
1724	1	9780763753429
1725	1	9780802489326
1726	1	9780061672798
1727	1	9780310286820
1728	1	9781592373291
1729	1	9780073370422
1730	1	9780867154863
1731	1	9781400024131
1732	1	9780762432868
1733	1	9780375826726
1734	1	9781928622253
1735	1	9781405144285
1736	1	9780976480655
1737	1	9781560976097
1738	1	9780072262575
1739	1	9789197589550
1740	1	9781427761330
1741	1	9780324568394
1742	1	9789707322189
1743	1	9780470186275
1744	1	9780324359497
1745	1	9780803618572
1746	1	9781847730275
1747	1	9780811862387
1748	1	9780811864817
1749	1	9781583554265
1750	1	9780804838801
1751	1	9780310716297
1752	1	9781403155429
1753	1	9780071583176
1754	1	9780548612729
1755	1	9780744009910
1756	1	9781590599792
1757	1	9781593598099
1758	1	9781427798480
1759	1	9781607060338
1760	1	9780135075623
1761	1	9780375415197
1762	1	9780135073094
1763	1	9780061537967
1764	1	9781930692794
1765	1	9781598595215
1766	1	9780071622783
1767	1	9780316043625
1768	1	9780324588002
1769	1	9780323055321
1770	1	9780595459742
1771	1	9780955687402
1772	1	9781429622486
1773	1	9780672329784
1774	1	9780747802815
1775	1	9780061728389
1776	1	9780375429163
1777	1	9780375429255
1778	1	9780470481288
1779	1	9788498721621
1780	1	9781557767356
1781	1	9780521106313
1782	1	9780071628709
1783	1	9780470464687
1784	1	9781416062493
1785	1	9780071547697
1786	1	9780981934938
1787	1	9781598878738
1788	1	9781592535248
1789	1	9781935191018
1790	1	9780811864442
1791	1	9781423320661
1792	1	9780194576819
1793	1	9780977326419
1794	1	9781592171538
1795	1	9781590304341
1796	1	9780976383260
1797	1	9781411692381
1798	1	9781552858608
1799	1	9780231139731
1800	1	9780321502650
1801	1	9780716751304
1802	1	9780073207025
1803	1	9780929895758
1804	1	9780060858834
1805	1	9780740766534
1806	1	9780132209915
1807	1	9780132270281
1808	1	9780805081046
1809	1	9781598561999
1810	1	9781406789973
1811	1	9780312447502
1812	1	9780470122181
1813	1	9780760328668
1814	1	9781420928273
1815	1	9781425967314
1816	1	9781594865480
1817	1	9781560973775
1818	1	9780470117262
1819	1	9780764136856
1820	1	9780763822828
1821	1	9780132414883
1822	1	9780061379406
1823	1	9780195285253
1824	1	9780071486415
1825	1	9780073348179
1826	1	9780073511665
1827	1	9780765315236
1828	1	9781428655010
1829	1	9780763742386
1830	1	9780735624306
1831	1	9781432575571
1832	1	9781577363958
1833	1	9780131991408
1834	1	9780805395730
1835	1	9781432636517
1836	1	9780882849959
1837	1	9780132013499
1838	1	9781596591349
1839	1	9781885008329
1840	1	9780766812840
1841	1	9780974448602
1842	1	9781418836290
1843	1	9781402747366
1844	1	9781560978695
1845	1	9781427795717
1846	1	9780131340923
1847	1	9782759401635
1848	1	9781569707821
1849	1	9780786948383
1850	1	9781879794269
1851	1	9781931160568
1852	1	9780321524645
1853	1	9780240810102
1854	1	9780743571630
1855	1	9780781782937
1856	1	9780321533951
1857	1	9781419551802
1858	1	9781428829060
1859	1	9780131317178
1860	1	9780321357403
1861	1	9780801885082
1862	1	9781414309613
1863	1	9781414312934
1864	1	9780976934202
1865	1	9781563682926
1866	1	9781600342790
1867	1	9781401302740
1868	1	9780130615657
1869	1	9781580088022
1870	1	9780495016762
1871	1	9780786017720
1872	1	9780964519138
1873	1	9780762426102
1874	1	9780718014643
1875	1	9780875307787
1876	1	9781571883674
1877	1	9780595389803
1878	1	9780735555563
1879	1	9780312356163
1880	1	9780072987225
1881	1	9780525949596
1882	1	9780786849215
1883	1	9780061120664
1884	1	9781418020842
1885	1	9781416915065
1886	1	9780764133091
1887	1	9780376034786
1888	1	9780471773368
1889	1	9780073514963
1890	1	9780741428097
1891	1	9781600060021
1892	1	9780761553335
1893	1	9781404205604
1894	1	9780618574278
1895	1	9780310936008
1896	1	9780824955199
1897	1	9780534389741
1898	1	9781575838212
1899	1	9780786282326
1900	1	9780781717069
1901	1	9781563925412
1902	1	9780132257701
1903	1	9780470044698
1904	1	9780495108399
1905	1	9781594741463
1906	1	9780769651491
1907	1	9781574325300
1908	1	9780781773270
1909	1	9781599869469
1910	1	9780495384793
1911	1	9780073310237
1912	1	9781600224508
1913	1	9780073293684
1914	1	9780534613389
1915	1	9781553378709
1916	1	9781425102845
1917	1	9782843238727
1918	1	9780744008524
1919	1	9781569756058
1920	1	9780805368499
1921	1	9780762744701
1922	1	9780811848633
1923	1	9780310274285
1924	1	9780470032756
1925	1	9781416029359
1926	1	9780595379934
1927	1	9780896893672
1928	1	9781425930233
1929	1	9780966116311
1930	1	9780764136368
1931	1	9780819874214
1932	1	9780311136810
1933	1	9781582406633
1934	1	9788420743981
1935	1	9780781784504
1936	1	9780205464234
1937	1	9780070163577
1938	1	9780140385724
1939	1	9780226458083
1940	1	9780152928513
1941	1	9780380785643
1942	1	9780393087000
1943	1	9780310585909
1944	1	9780394759623
1945	1	9781885394125
1946	1	9780895555496
1947	1	9780789204813
1948	1	9780764106606
1949	1	9780940450851
1950	1	9780380731480
1951	1	9780825435324
1952	1	9780465043019
1953	1	9780141180977
1954	1	9780964794610
1955	1	9781558190276
1956	1	9780913866153
1957	1	9780879517946
1958	1	9780937381229
1959	1	9781572840133
1960	1	9781564764805
1961	1	9780520213715
1962	1	9780892131235
1963	1	9780803281264
1964	1	9780684801285
1965	1	9780793511815
1966	1	9780553270860
1967	1	9780553272932
1968	1	9780679822417
1969	1	9780679752929
1970	1	9780807062074
1971	1	9780802842978
1972	1	9780806516509
1973	1	9780871568779
1974	1	9780878919420
1975	1	9780688014292
1976	1	9780671762612
1977	1	9780671530778
1978	1	9780671569006
1979	1	9780791418864
1980	1	9780679763307
1981	1	9780684835334
1982	1	9780449911495
1983	1	9780449908853
1984	1	9780399212925
1985	1	9780517881514
1986	1	9780803215061
1987	1	9780440408796
1988	1	9780316087483
1989	1	9780375805615
1990	1	9780829728880
1991	1	9780878912612
1992	1	9781567113570
1993	1	9781560252719
1994	1	9780872266025
1995	1	9780060393199
1996	1	9781564557988
1997	1	9780375756986
1998	1	9780595098682
1999	1	9780609806524
