book	abebooks	isbn_13
2000	2000	2000	2000
0000	1	9780805087444
0001	1	9780669499506
0002	1	9781580175890
0003	1	9780316067928
0004	1	9781847670946
0005	1	9781592400874
0006	1	9780807071243
0007	1	9781594201530
0008	1	9781904233886
0009	1	9780471684961
0010	1	9781416594857
0011	1	9780887307287
0012	1	9780785274353
0013	1	9780385340991
0014	1	9780307265432
0015	1	9781582701707
0016	1	9780142001745
0017	1	9780061374227
0018	1	9780099282556
0019	1	9780805061765
0020	1	9781860467899
0021	1	9780198508298
0022	1	9780671027360
0023	1	9780882706207
0024	1	9780375425028
0025	1	9780590413398
0026	1	9781576753170
0027	1	9780670899241
0028	1	9780590353427
0029	1	9780671796600
0030	1	9780380773381
0031	1	9780743222242
0032	1	9781570710193
0033	1	9781892714008
0034	1	9780842335683
0035	1	9781888375886
0036	1	9780892740611
0037	1	9780385484510
0038	1	9780385509510
0039	1	9781556432330
0040	1	9781576851555
0041	1	9780679748250
0042	1	9780132287852
0043	1	9780316154055
0044	1	9780871921901
0045	1	9781892714145
0046	1	9780393041576
0047	1	9780060168483
0048	1	9780446531337
0049	1	9780073381251
0050	1	9780440212560
0051	1	9780671558680
0052	1	9780679415596
0053	1	9780060554736
0054	1	9780446515047
0055	1	9780151446476
0056	1	9780316316965
0057	1	9780941405065
0058	1	9781904233657
0059	1	9781571202550
0060	1	9780061474095
0061	1	9780679732259
0062	1	9781577941699
0063	1	9780875960661
0064	1	9781564767547
0065	1	9780393027501
0066	1	9780679403777
0067	1	9781594868511
0068	1	9781577942627
0069	1	9780671755058
0070	1	9780671023171
0071	1	9780820319162
0072	1	9780761117193
0073	1	9780962936005
0074	1	9780743250689
0075	1	9780840763563
0076	1	9781905026357
0077	1	9780767928823
0078	1	9780767902052
0079	1	9780895770868
0080	1	9780743228152
0081	1	9780887842092
0082	1	9780029253601
0083	1	9780563364771
0084	1	9780805075816
0085	1	9780061171000
0086	1	9780553258479
0087	1	9780465042951
0088	1	9780688163167
0089	1	9780446515061
0090	1	9780964385610
0091	1	9780870210204
0092	1	9780446513050
0093	1	9780752821306
0094	1	9780465068012
0095	1	9780800750541
0096	1	9780520236998
0097	1	9780099464464
0098	1	9780060914653
0099	1	9780684837987
0100	1	9780849912979
0101	1	9781586481988
0102	1	9780099387916
0103	1	9780375501029
0104	1	9780140044508
0105	1	9780099741008
0106	1	9780440204992
0107	1	9780374299101
0108	1	9780316920049
0109	1	9781559703567
0110	1	9781591797937
0111	1	9780060587246
0112	1	9780060520755
0113	1	9781555974985
0114	1	9780373483884
0115	1	9780330021357
0116	1	9781558501331
0117	1	9780310270553
0118	1	9780930852276
0119	1	9780805071450
0120	1	9780876120798
0121	1	9781878379733
0122	1	9781571741035
0123	1	9781570361647
0124	1	9781929229147
0125	1	9780060193638
0126	1	9781886769083
0127	1	9780312384395
0128	1	9780136009986
0129	1	9780940069015
0130	1	9780316693288
0131	1	9781434332738
0132	1	9781594201363
0133	1	9780937382004
0134	1	9780316693257
0135	1	9781860467851
0136	1	9780935302257
0137	1	9780975991473
0138	1	9781594489587
0139	1	9780316734936
0140	1	9781558702356
0141	1	9780891096177
0142	1	9780830704736
0143	1	9780743496742
0144	1	9780470870907
0145	1	9780743270366
0146	1	9780470848906
0147	1	9780761525325
0148	1	9780385495646
0149	1	9780804109994
0150	1	9780451213204
0151	1	9780465042807
0152	1	9780452271876
0153	1	9780375842207
0154	1	9780743288330
0155	1	9780399148514
0156	1	9780375502026
0157	1	9780375506710
0158	1	9780385473071
0159	1	9780805060881
0160	1	9780446691437
0161	1	9780394555096
0162	1	9780340832875
0163	1	9780310426219
0164	1	9780310286783
0165	1	9780316153997
0166	1	9780684837130
0167	1	9780670033379
0168	1	9780716771418
0169	1	9780312857059
0170	1	9780324057867
0171	1	9780671528164
0172	1	9780330312738
0173	1	9780684840024
0174	1	9780553275872
0175	1	9780734406699
0176	1	9780312368470
0177	1	9780670038152
0178	1	9780671748845
0179	1	9780679723257
0180	1	9780684811079
0181	1	9780345377449
0182	1	9780060528379
0183	1	9780375412028
0184	1	9780226594415
0185	1	9780374281687
0186	1	9780062504227
0187	1	9780060977474
0188	1	9780312890537
0189	1	9780062502186
0190	1	9780375501296
0191	1	9780375758171
0192	1	9780060193614
0193	1	9780140101331
0194	1	9780345340382
0195	1	9780316152440
0196	1	9780316159722
0197	1	9780126831900
0198	1	9781842126615
0199	1	9780151005048
0200	1	9780195038637
0201	1	9780136019701
0202	1	9780195182927
0203	1	9780198500315
0204	1	9781888375084
0205	1	9780195179811
0206	1	9781881052449
0207	1	9781856197168
0208	1	9780140258790
0209	1	9780140073065
0210	1	9780140374384
0211	1	9780143112266
0212	1	9781841952734
0213	1	9781843431503
0214	1	9780224043847
0215	1	9780201136890
0216	1	9780195066340
0217	1	9780380010004
0218	1	9780151012374
0219	1	9780143038252
0220	1	9780140053203
0221	1	9780933031685
0222	1	9781571740564
0223	1	9781594201233
0224	1	9781580081757
0225	1	9781565848375
0226	1	9780924722219
0227	1	9780945448723
0228	1	9781558502932
0229	1	9781412916073
0230	1	9781416563068
0231	1	9780932653239
0232	1	9781580625500
0233	1	9781573222457
0234	1	9781555831905
0235	1	9780971574304
0236	1	9781571458735
0237	1	9781590302262
0238	1	9780816612253
0239	1	9780812975215
0240	1	9780875162577
0241	1	9780802843913
0242	1	9780815602064
0243	1	9780830699155
0244	1	9780882708010
0245	1	9780786868193
0246	1	9780805037586
0247	1	9780880703819
0248	1	9780840212986
0249	1	9780721617480
0250	1	9780871134646
0251	1	9780805000535
0252	1	9780871137241
0253	1	9780810959415
0254	1	9780830716814
0255	1	9780671027353
0256	1	9780671521707
0257	1	9780671705169
0258	1	9780747553557
0259	1	9780679402558
0260	1	9780679401605
0261	1	9780743453974
0262	1	9780671622442
0263	1	9780743243773
0264	1	9780679430940
0265	1	9780684823997
0266	1	9780743287012
0267	1	9780749336509
0268	1	9780618071821
0269	1	9780471735076
0270	1	9780571169344
0271	1	9780394702544
0272	1	9780670033973
0273	1	9780393326154
0274	1	9780515125023
0275	1	9780520082595
0276	1	9780393045352
0277	1	9780394588162
0278	1	9780553241600
0279	1	9780525450573
0280	1	9780393058260
0281	1	9780609601372
0282	1	9780385505833
0283	1	9780515128543
0284	1	9780486280615
0285	1	9780553096095
0286	1	9780385336673
0287	1	9780394717159
0288	1	9780515089950
0289	1	9780618485222
0290	1	9780395257302
0291	1	9780385490993
0292	1	9780394492193
0293	1	9780553581355
0294	1	9780385267021
0295	1	9780380723416
0296	1	9780380723454
0297	1	9780451168283
0298	1	9780399144967
0299	1	9780399141348
0300	1	9780395602904
0301	1	9780471487357
0302	1	9780380773527
0303	1	9780385022262
0304	1	9780066213934
0305	1	9780440178002
0306	1	9780446531092
0307	1	9780440226451
0308	1	9780061030833
0309	1	9780061054211
0310	1	9780026113304
0311	1	9780061127595
0312	1	9780002259590
0313	1	9780061139673
0314	1	9780027782103
0315	1	9780006550167
0316	1	9780060830472
0317	1	9780061147944
0318	1	9780060975548
0319	1	9780060928926
0320	1	9780060174729
0321	1	9780061015731
0322	1	9780002555500
0323	1	9780060763404
0324	1	9780007212187
0325	1	9780006177043
0326	1	9780060974978
0327	1	9780029322659
0328	1	9780060964634
0329	1	9780002558341
0330	1	9780060628390
0331	1	9780195161915
0332	1	9780226777108
0333	1	9780195043600
0334	1	9780060525231
0335	1	9780060195427
0336	1	9780253203410
0337	1	9780060580278
0338	1	9780060179632
0339	1	9780273600428
0340	1	9780195165920
0341	1	9780224078733
0342	1	9780060674533
0343	1	9780195168914
0344	1	9780140052589
0345	1	9780155054752
0346	1	9780153020421
0347	1	9780143038078
0348	1	9780141035284
0349	1	9780142410233
0350	1	9780143113508
0351	1	9780140049978
0352	1	9780330317504
0353	1	9780140190243
0354	1	9780195033816
0355	1	9780151000975
0356	1	9780140051964
0357	1	9780156010764
0358	1	9780142196250
0359	1	9780140317206
0360	1	9780340835531
0361	1	9780151003907
0362	1	9780333585320
0363	1	9780140271577
0364	1	9780330440257
0365	1	9780192100221
0366	1	9780140081138
0367	1	9780156904360
0368	1	9780140276336
0369	1	9780674880146
0370	1	9780316925419
0371	1	9780316106825
0372	1	9780316153775
0373	1	9780316739054
0374	1	9780312359317
0375	1	9780312969417
0376	1	9780679405917
0377	1	9780671896287
0378	1	9780672518317
0379	1	9780671873189
0380	1	9780676971309
0381	1	9780671568825
0382	1	9780312857691
0383	1	9780671776978
0384	1	9780312406851
0385	1	9780316695237
0386	1	9780312330538
0387	1	9780671759209
0388	1	9780316666008
0389	1	9780316174381
0390	1	9780312452773
0391	1	9780316288293
0392	1	9780671678494
0393	1	9780316855839
0394	1	9780316153904
0395	1	9780312523305
0396	1	9780671756444
0397	1	9780316855792
0398	1	9780312427993
0399	1	9780312274825
0400	1	9780679401346
0401	1	9780671869205
0402	1	9780316693325
0403	1	9780586044490
0404	1	9780670858392
0405	1	9780586074619
0406	1	9780609607527
0407	1	9780671319984
0408	1	9780596005603
0409	1	9780553354560
0410	1	9780670034079
0411	1	9780670037605
0412	1	9780671562717
0413	1	9780553571677
0414	1	9780553807059
0415	1	9780553345353
0416	1	9780670018215
0417	1	9780586068960
0418	1	9780553804560
0419	1	9780631162940
0420	1	9780670814589
0421	1	9780670034604
0422	1	9780671225636
0423	1	9780609604724
0424	1	9780670033843
0425	1	9780570047636
0426	1	9780553274868
0427	1	9780552997027
0428	1	9780525446224
0429	1	9780525946793
0430	1	9780486661698
0431	1	9780525948780
0432	1	9780471384557
0433	1	9780553274325
0434	1	9780553106367
0435	1	9780486277905
0436	1	9780553088533
0437	1	9780500513620
0438	1	9780486275420
0439	1	9780553267709
0440	1	9780517598498
0441	1	9780517704349
0442	1	9780486284958
0443	1	9780553050936
0444	1	9780451411181
0445	1	9780446670111
0446	1	9780465021475
0447	1	9780465025084
0448	1	9780446512640
0449	1	9780446531085
0450	1	9780440404958
0451	1	9780442215378
0452	1	9780452266377
0453	1	9780446691079
0454	1	9780460043298
0455	1	9780451208767
0456	1	9780446614450
0457	1	9780465016723
0458	1	9780449214268
0459	1	9780465067435
0460	1	9780449002643
0461	1	9780446522595
0462	1	9780465086870
0463	1	9780446532419
0464	1	9780394544489
0465	1	9780393979503
0466	1	9780394500799
0467	1	9780395779279
0468	1	9780395076132
0469	1	9780394528335
0470	1	9780395355725
0471	1	9780394534060
0472	1	9780395867617
0473	1	9780394498980
0474	1	9780395927205
0475	1	9780394740676
0476	1	9780395851821
0477	1	9780415132558
0478	1	9780394503813
0479	1	9780393958072
0480	1	9780393978391
0481	1	9780393310160
0482	1	9780394588223
0483	1	9780425114513
0484	1	9780385340267
0485	1	9780380805693
0486	1	9780385660044
0487	1	9780393045390
0488	1	9780380789030
0489	1	9780385413046
0490	1	9780385251792
0491	1	9780393052763
0492	1	9780393036848
0493	1	9780385303125
0494	1	9780385500357
0495	1	9780385094733
0496	1	9780380763382
0497	1	9780385503853
0498	1	9780387310732
0499	1	9780393037302
0500	1	9780385609401
0501	1	9780393058505
0502	1	9780385660075
0503	1	9780393048131
0504	1	9780385503860
0505	1	9780385152754
0506	1	9780375410628
0507	1	9781904598114
0508	1	9780375504396
0509	1	9781885254009
0510	1	9781860640391
0511	1	9781881019121
0512	1	9780375836671
0513	1	9788478888511
0514	1	9780375422461
0515	1	9781883319014
0516	1	9780375401596
0517	1	9781885705020
0518	1	9781880425084
0519	1	9783925188077
0520	1	9781887374064
0521	1	9780375411083
0522	1	9781890447366
0523	1	9780375831003
0524	1	9781860468384
0525	1	9780374529536
0526	1	9789774160103
0527	1	9781884834851
0528	1	9781883011031
0529	1	9781904233800
0530	1	9781603740388
0531	1	9781581344981
0532	1	9781581806588
0533	1	9781845976804
0534	1	9781842125830
0535	1	9781594772276
0536	1	9781741044508
0537	1	9781843833680
0538	1	9781580085793
0539	1	9781580231480
0540	1	9781590584859
0541	1	9781596985568
0542	1	9781844030156
0543	1	9781841959931
0544	1	9781576834367
0545	1	9781592233823
0546	1	9781592231164
0547	1	9781400079933
0548	1	9781565072640
0549	1	9781565842847
0550	1	9781571743763
0551	1	9781550540581
0552	1	9781565125773
0553	1	9781569550632
0554	1	9781576738160
0555	1	9781412965576
0556	1	9781565845473
0557	1	9781556703850
0558	1	9781416549123
0559	1	9781571741790
0560	1	9781571741172
0561	1	9781400062621
0562	1	9780898705690
0563	1	9780960638888
0564	1	9780974676302
0565	1	9780945448600
0566	1	9780940183216
0567	1	9780963386199
0568	1	9780941711425
0569	1	9780898795516
0570	1	9780894790461
0571	1	9780953881048
0572	1	9780895774132
0573	1	9780942637632
0574	1	9780913299975
0575	1	9780938076148
0576	1	9780887273407
0577	1	9780875886671
0578	1	9780875165790
0579	1	9780890814291
0580	1	9780891343370
0581	1	9780875843667
0582	1	9780890420263
0583	1	9780883446577
0584	1	9780878573400
0585	1	9780877288459
0586	1	9780871138217
0587	1	9780871136640
0588	1	9780849911781
0589	1	9780883683484
0590	1	9780876304426
0591	1	9780879804442
0592	1	9780879237561
0593	1	9780842313605
0594	1	9780809119059
0595	1	9780815753407
0596	1	9780809311101
0597	1	9780817437381
0598	1	9780810957121
0599	1	9780823009831
0600	1	9780823016716
0601	1	9780849904745
0602	1	9780805033175
0603	1	9780805077735
0604	1	9780807121443
0605	1	9780805076257
0606	1	9780840775979
0607	1	9780806115290
0608	1	9780805239294
0609	1	9780807845653
0610	1	9780812092820
0611	1	9780825434563
0612	1	9780840731920
0613	1	9780805010336
0614	1	9780807064733
0615	1	9780814473573
0616	1	9780801432316
0617	1	9780767904308
0618	1	9780767924702
0619	1	9780764220302
0620	1	9780765309389
0621	1	9780789410672
0622	1	9780767903356
0623	1	9780800708863
0624	1	9780803299153
0625	1	9780771066665
0626	1	9780801854385
0627	1	9780786714698
0628	1	9780771066771
0629	1	9780800713904
0630	1	9780719533488
0631	1	9780743284431
0632	1	9780753818077
0633	1	9780689110450
0634	1	9780719541063
0635	1	9780752849805
0636	1	9780688148843
0637	1	9780689821677
0638	1	9780743256209
0639	1	9780753817391
0640	1	9780688087012
0641	1	9780688121419
0642	1	9780756618803
0643	1	9780691088525
0644	1	9780752882376
0645	1	9780738704432
0646	1	9780691137124
0647	1	9780688058128
0648	1	9780679763307
0649	1	9780374105204
0650	1	9780684853505
0651	1	9780679456353
0652	1	9780684855301
0653	1	9780684801414
0654	1	9780679721031
0655	1	9780374173272
0656	1	9780679723134
0657	1	9780679447382
0658	1	9780679430629
0659	1	9780374185305
0660	1	9780684846347
0661	1	9780684843285
0662	1	9780679440383
0663	1	9780684191416
0664	1	9780679640196
0665	1	9780679463351
0666	1	9780679419822
0667	1	9780679425410
0668	1	9780684855219
0669	1	9780684196435
0670	1	9780679723530
0671	1	9780684194448
0672	1	9780684832135
0673	1	9780136026600
0674	1	9780345295705
0675	1	9780091922290
0676	1	9780345461940
0677	1	9780345407276
0678	1	9780345348104
0679	1	9780135283813
0680	1	9780099962908
0681	1	9780345315045
0682	1	9780345296252
0683	1	9780345325686
0684	1	9780345476098
0685	1	9780349116754
0686	1	9780140022353
0687	1	9780345461414
0688	1	9780071392310
0689	1	9780060157968
0690	1	9780030176319
0691	1	9780312011000
0692	1	9780312038205
0693	1	9780307266460
0694	1	9780062506788
0695	1	9780002550031
0696	1	9780307277886
0697	1	9780006387800
0698	1	9780312145781
0699	1	9780006499244
0700	1	9780060088774
0701	1	9780300081046
0702	1	9780060175863
0703	1	9780030007385
0704	1	9780300124279
0705	1	9780307264558
0706	1	9780006542377
0707	1	9780300037258
0708	1	9780006530190
0709	1	9780060006785
0710	1	9780300059052
0711	1	9780002188425
0712	1	9780312055103
0713	1	9780292724891
0714	1	9780300068023
0715	1	9780300028195
0716	1	9780002232616
0717	1	9780312150846
0718	1	9780060177737
0719	1	9780297770336
0720	1	9780312131623
0721	1	9780062506559
0722	1	9780006480129
0723	1	9780006498841
0724	1	9780006353287
0725	1	9780007173433
0726	1	9780006365402
0727	1	9780006499305
0728	1	9780007136933
0729	1	9780060958022
0730	1	9780002730150
0731	1	9780007146765
0732	1	9780007242207
0733	1	9780007229673
0734	1	9780007157860
0735	1	9780020792505
0736	1	9780028612584
0737	1	9780025668553
0738	1	9780007212699
0739	1	9780006513100
0740	1	9780006174523
0741	1	9780020343103
0742	1	9780007133260
0743	1	9780020095002
0744	1	9780007136636
0745	1	9780060950477
0746	1	9780020363712
0747	1	9780007155569
0748	1	9780007233922
0749	1	9780026276610
0750	1	9780060525651
0751	1	9780060930349
0752	1	9780060530754
0753	1	9780060740832
0754	1	9780060751869
0755	1	9780060589288
0756	1	9780060522384
0757	1	9780060525613
0758	1	9780060677824
0759	1	9780060934705
0760	1	9780060664589
0761	1	9780060760182
0762	1	9780060671082
0763	1	9780060779597
0764	1	9780060511104
0765	1	9780060534240
0766	1	9780060740221
0767	1	9780029070529
0768	1	9780060001940
0769	1	9780060210984
0770	1	9780060093624
0771	1	9780029001516
0772	1	9780060392826
0773	1	9780029059807
0774	1	9780060150426
0775	1	9780060466268
0776	1	9780029197820
0777	1	9780060297053
0778	1	9780048220455
0779	1	9780060087432
0780	1	9780070510425
0781	1	9780060170929
0782	1	9780060157883
0783	1	9780060168704
0784	1	9780060256678
0785	1	9780060270483
0786	1	9780061373565
0787	1	9780062548689
0788	1	9780061360657
0789	1	9780070506695
0790	1	9780226162270
0791	1	9780070283602
0792	1	9780061811630
0793	1	9780070296183
0794	1	9780226572444
0795	1	9780064409384
0796	1	9780226320847
0797	1	9780226143484
0798	1	9780061246241
0799	1	9780062515605
0800	1	9780226707396
0801	1	9780062517821
0802	1	9780062501165
0803	1	9780070506084
0804	1	9780062510501
0805	1	9780199251001
0806	1	9780205332557
0807	1	9780199279340
0808	1	9780199250431
0809	1	9780226062389
0810	1	9780199215577
0811	1	9780224028479
0812	1	9780199210985
0813	1	9780198581499
0814	1	9780198760610
0815	1	9780224022767
0816	1	9780198538646
0817	1	9780201657654
0818	1	9780205309092
0819	1	9780208015457
0820	1	9780205358649
0821	1	9780224018517
0822	1	9780208022523
0823	1	9780198730934
0824	1	9780198661306
0825	1	9780224024723
0826	1	9780224042727
0827	1	9780195142365
0828	1	9780195095999
0829	1	9780195189490
0830	1	9780195065817
0831	1	9780195116298
0832	1	9780195310184
0833	1	9780195140736
0834	1	9780195055887
0835	1	9780198148500
0836	1	9780195105568
0837	1	9780195153828
0838	1	9780195906028
0839	1	9780195171570
0840	1	9780195128420
0841	1	9780195169478
0842	1	9780198509127
0843	1	9780198205012
0844	1	9780195139389
0845	1	9780195156126
0846	1	9780195067149
0847	1	9780192842534
0848	1	9780192121974
0849	1	9780152020613
0850	1	9780192854216
0851	1	9780155055926
0852	1	9780152622107
0853	1	9780151851980
0854	1	9780192851604
0855	1	9780195006803
0856	1	9780195027037
0857	1	9780192717504
0858	1	9780151927494
0859	1	9780151962969
0860	1	9780140285758
0861	1	9780141316376
0862	1	9780151004218
0863	1	9780151191536
0864	1	9780140351125
0865	1	9780140294231
0866	1	9780141320861
0867	1	9780142002407
0868	1	9780141007519
0869	1	9780151008124
0870	1	9780140504415
0871	1	9780140343656
0872	1	9780140280456
0873	1	9780140289213
0874	1	9780140431896
0875	1	9780151006007
0876	1	9780140292626
0877	1	9780141024530
0878	1	9780131432352
0879	1	9780132170833
0880	1	9780140165616
0881	1	9780140244618
0882	1	9780131931152
0883	1	9780140121834
0884	1	9780135266168
0885	1	9780140064704
0886	1	9780140156225
0887	1	9780136985563
0888	1	9780136036258
0889	1	9780140232929
0890	1	9780135018828
0891	1	9780131531130
0892	1	9780140195811
0893	1	9780140119947
0894	1	9780451213266
0895	1	9780451402257
0896	1	9780125980555
0897	1	9780451185525
0898	1	9780451181947
0899	1	9780099521013
0900	1	9780451215734
0901	1	9780451202062
0902	1	9780451186065
0903	1	9780099462095
0904	1	9780099451860
0905	1	9780099450092
0906	1	9780099479161
0907	1	9780130409058
0908	1	9780446519960
0909	1	9780449217504
0910	1	9780449206447
0911	1	9780446515894
0912	1	9780446514637
0913	1	9780446578844
0914	1	9780446515160
0915	1	9780446527873
0916	1	9780446677486
0917	1	9780446525770
0918	1	9780446673358
0919	1	9780446516525
0920	1	9780449208670
0921	1	9780446522748
0922	1	9780446523325
0923	1	9780446532433
0924	1	9780446611916
0925	1	9780449224878
0926	1	9780446401944
0927	1	9780440237228
0928	1	9780443007170
0929	1	9780440226680
0930	1	9780446197984
0931	1	9780442216962
0932	1	9780440224259
0933	1	9780441016006
0934	1	9780440214397
0935	1	9780440235750
0936	1	9780446354677
0937	1	9780442022860
0938	1	9780440225294
0939	1	9780440226000
0940	1	9780440415824
0941	1	9780446352208
0942	1	9780446393270
0943	1	9780440206095
0944	1	9780441483587
0945	1	9780440215998
0946	1	9780440213468
0947	1	9780436205491
0948	1	9780425157473
0949	1	9780425184059
0950	1	9780439434409
0951	1	9780425220375
0952	1	9780440043188
0953	1	9780440143178
0954	1	9780440054498
0955	1	9780435327934
0956	1	9780440170372
0957	1	9780415901147
0958	1	9780439633741
0959	1	9780436201219
0960	1	9780425153048
0961	1	9780415336390
0962	1	9780415026543
0963	1	9780399136344
0964	1	9780415121989
0965	1	9780413728807
0966	1	9780399150777
0967	1	9780399136290
0968	1	9780399151446
0969	1	9780405073885
0970	1	9780399237249
0971	1	9780399148637
0972	1	9780399150432
0973	1	9780399152894
0974	1	9780399207662
0975	1	9780399147517
0976	1	9780399154645
0977	1	9780399144943
0978	1	9780399216176
0979	1	9780399138157
0980	1	9780399141799
0981	1	9780394826691
0982	1	9780399124884
0983	1	9780395437827
0984	1	9780395587034
0985	1	9780394757391
0986	1	9780394837369
0987	1	9780395869468
0988	1	9780396063926
0989	1	9780395366127
0990	1	9780395257982
0991	1	9780395893630
0992	1	9780395044025
0993	1	9780395071144
0994	1	9780395900574
0995	1	9780394739694
0996	1	9780394725444
0997	1	9780553263220
0998	1	9780394716794
0999	1	9780553103519
1000	1	9780553158823
1001	1	9780394708461
1002	1	9780553102444
1003	1	9780552142526
1004	1	9780394712529
1005	1	9780552772501
1006	1	9780553089226
1007	1	9780553257991
1008	1	9780394740430
1009	1	9780394751047
1010	1	9780394722658
1011	1	9780553057966
1012	1	9780394724188
1013	1	9780525051541
1014	1	9780525476887
1015	1	9780521719896
1016	1	9780525248606
1017	1	9780521644822
1018	1	9780521499620
1019	1	9780521543712
1020	1	9780534633202
1021	1	9780533101870
1022	1	9780521586771
1023	1	9780521841580
1024	1	9780521599634
1025	1	9780529064813
1026	1	9780521634977
1027	1	9780521721608
1028	1	9780534136444
1029	1	9780525447689
1030	1	9780520248564
1031	1	9780520232082
1032	1	9780521012966
1033	1	9780521310772
1034	1	9780520210400
1035	1	9780521298872
1036	1	9780520071612
1037	1	9780520229044
1038	1	9780520032439
1039	1	9780521269155
1040	1	9780521455756
1041	1	9780520207141
1042	1	9780520064317
1043	1	9780521057424
1044	1	9780521278829
1045	1	9780520238176
1046	1	9780520201590
1047	1	9780521224154
1048	1	9780521356626
1049	1	9780520201576
1050	1	9780500810040
1051	1	9780517000892
1052	1	9780517492024
1053	1	9780517565155
1054	1	9780500250716
1055	1	9780517461235
1056	1	9780500543580
1057	1	9780515139747
1058	1	9780515139402
1059	1	9780517228128
1060	1	9780517683729
1061	1	9780517576120
1062	1	9780517523964
1063	1	9780517566756
1064	1	9780517371510
1065	1	9780515084559
1066	1	9780517577905
1067	1	9780515118551
1068	1	9780485111903
1069	1	9780486253787
1070	1	9780486229270
1071	1	9780486248981
1072	1	9780471360933
1073	1	9780486234113
1074	1	9780471952305
1075	1	9780471500308
1076	1	9780486254395
1077	1	9780486278520
1078	1	9780471718550
1079	1	9780486411811
1080	1	9780486278056
1081	1	9780486428512
1082	1	9780471413905
1083	1	9780465054800
1084	1	9780465011223
1085	1	9780465004270
1086	1	9780470849828
1087	1	9780471328124
1088	1	9780471111818
1089	1	9780470015384
1090	1	9780465059621
1091	1	9780465007202
1092	1	9780465054848
1093	1	9780465002030
1094	1	9780452284449
1095	1	9780465037285
1096	1	9780394500805
1097	1	9780394552835
1098	1	9780451406125
1099	1	9780394501697
1100	1	9780394505961
1101	1	9780394564326
1102	1	9780452275027
1103	1	9780394531892
1104	1	9780394528489
1105	1	9780394483214
1106	1	9780394530864
1107	1	9780394506685
1108	1	9780394496382
1109	1	9780394565279
1110	1	9780394577890
1111	1	9780394537863
1112	1	9780394570556
1113	1	9780394571331
1114	1	9780393317305
1115	1	9780393040029
1116	1	9780393955262
1117	1	9780393074482
1118	1	9780394423296
1119	1	9780393304480
1120	1	9780393060690
1121	1	9780394462004
1122	1	9780393306989
1123	1	9780394416458
1124	1	9780393308211
1125	1	9780393309607
1126	1	9780393052336
1127	1	9780393048636
1128	1	9780393050578
1129	1	9780385515337
1130	1	9780385495752
1131	1	9780387738918
1132	1	9780385513494
1133	1	9780385471909
1134	1	9780385603423
1135	1	9780385477055
1136	1	9780385472845
1137	1	9780387985763
1138	1	9780385602648
1139	1	9780385506038
1140	1	9780385488440
1141	1	9780385730297
1142	1	9780385511803
1143	1	9780385517881
1144	1	9780385503006
1145	1	9780385488426
1146	1	9780385526234
1147	1	9780385611466
1148	1	9780385510455
1149	1	9780393000795
1150	1	9780385483261
1151	1	9780385721202
1152	1	9780393014891
1153	1	9780385502863
1154	1	9780387742434
1155	1	9780385484084
1156	1	9780385501675
1157	1	9780380786046
1158	1	9780385130158
1159	1	9780385231084
1160	1	9780385135948
1161	1	9780385323819
1162	1	9780380978939
1163	1	9780385274098
1164	1	9780385089760
1165	1	9780385264761
1166	1	9780380786978
1167	1	9780385033893
1168	1	9780385135450
1169	1	9780385337229
1170	1	9780385045131
1171	1	9780385130172
1172	1	9780385418959
1173	1	9780385338240
1174	1	9780380792641
1175	1	9780385262729
1176	1	9780380975853
1177	1	9780385424721
1178	1	9780385424714
1179	1	9780380975068
1180	1	9780385411745
1181	1	9780385424738
1182	1	9780385418676
1183	1	9780380873876
1184	1	9780330319928
1185	1	9780380004256
1186	1	9780330025324
1187	1	9780330316361
1188	1	9780380755158
1189	1	9780380752102
1190	1	9780330267144
1191	1	9780380705733
1192	1	9780330339841
1193	1	9780380551453
1194	1	9780380751396
1195	1	9780330201803
1196	1	9780375801679
1197	1	9780380713714
1198	1	9780330314213
1199	1	9780330261043
1200	1	9780380001378
1201	1	9780380775835
1202	1	9780316117210
1203	1	9780316354561
1204	1	9780316968973
1205	1	9780321227577
1206	1	9780316851138
1207	1	9780321366498
1208	1	9780316108676
1209	1	9780321535962
1210	1	9780316085663
1211	1	9780316039307
1212	1	9780316549301
1213	1	9780316710572
1214	1	9780316511391
1215	1	9780316839181
1216	1	9780316109307
1217	1	9780316016407
1218	1	9780316328807
1219	1	9780316741675
1220	1	9780316177863
1221	1	9780312954239
1222	1	9780312278472
1223	1	9780312421700
1224	1	9780312851620
1225	1	9780312858124
1226	1	9780312961626
1227	1	9780312278540
1228	1	9780312368951
1229	1	9780312324988
1230	1	9780312464196
1231	1	9780312263683
1232	1	9780312878085
1233	1	9780312321185
1234	1	9780312244071
1235	1	9780312871932
1236	1	9780312874247
1237	1	9780312359836
1238	1	9780312425074
1239	1	9780312858407
1240	1	9780310202301
1241	1	9780312001070
1242	1	9780312120320
1243	1	9780310416616
1244	1	9780312180768
1245	1	9780312186180
1246	1	9780312110291
1247	1	9780312118648
1248	1	9780312034146
1249	1	9780312082857
1250	1	9780312174040
1251	1	9780312168148
1252	1	9780312033972
1253	1	9780312169787
1254	1	9780312099091
1255	1	9780310259268
1256	1	9780312136239
1257	1	9780306800597
1258	1	9780300113372
1259	1	9780300072334
1260	1	9780300115529
1261	1	9780300071481
1262	1	9780300097696
1263	1	9780300056693
1264	1	9780300103045
1265	1	9780300122558
1266	1	9780300017403
1267	1	9780300055955
1268	1	9780304365432
1269	1	9780300076493
1270	1	9780300021905
1271	1	9780300112528
1272	1	9780300074833
1273	1	9780300022131
1274	1	9780300082845
1275	1	9780300038897
1276	1	9780307215536
1277	1	9780300051773
1278	1	9780253337382
1279	1	9780297848325
1280	1	9780253133335
1281	1	9780241019221
1282	1	9780252017421
1283	1	9780252008979
1284	1	9780292712102
1285	1	9780253166746
1286	1	9780262121064
1287	1	9780262041690
1288	1	9780253216083
1289	1	9780253343796
1290	1	9780262134989
1291	1	9780271007182
1292	1	9780241143483
1293	1	9780252062766
1294	1	9780297796169
1295	1	9780295973340
1296	1	9780297646563
1297	1	9780252025822
1298	1	9788876242816
1299	1	9780231106283
1300	1	9788423977680
1301	1	9789622095014
1302	1	9780226733616
1303	1	9788470394577
1304	1	9789706435545
1305	1	9789592640207
1306	1	9780226745152
1307	1	9788890205620
1308	1	9789506413248
1309	1	9788420442310
1310	1	9788420694689
1311	1	9788185787329
1312	1	9788471785299
1313	1	9780231081658
1314	1	9780226790138
1315	1	9789500404563
1316	1	9788435900744
1317	1	9788432032028
1318	1	9780231073370
1319	1	9781931081665
1320	1	9781931081511
1321	1	9783822830703
1322	1	9782845862661
1323	1	9781930190894
1324	1	9782844260932
1325	1	9782130523987
1326	1	9781905791231
1327	1	9781929834068
1328	1	9781906307349
1329	1	9783791319896
1330	1	9783931141127
1331	1	9782226109835
1332	1	9783908247791
1333	1	9782940033430
1334	1	9781885167279
1335	1	9781887202046
1336	1	9781900357081
1337	1	9781898799832
1338	1	9781884585784
1339	1	9781882330072
1340	1	9781897106068
1341	1	9781890318352
1342	1	9781894937801
1343	1	9781888123036
1344	1	9781892005038
1345	1	9781888375725
1346	1	9781900322201
1347	1	9781890768058
1348	1	9781904417859
1349	1	9781883402990
1350	1	9781882770212
1351	1	9781889439112
1352	1	9781903919026
1353	1	9781890768362
1354	1	9781860460029
1355	1	9781864487022
1356	1	9781860463648
1357	1	9781879237971
1358	1	9781857987447
1359	1	9781860643828
1360	1	9781861266545
1361	1	9781879557505
1362	1	9781862079441
1363	1	9781880284926
1364	1	9781860648984
1365	1	9781860940019
1366	1	9781864503531
1367	1	9781873667187
1368	1	9781859840665
1369	1	9781879085756
1370	1	9781861084729
1371	1	9781860468902
1372	1	9781878348364
1373	1	9781873176443
1374	1	9781877853210
1375	1	9781861892058
1376	1	9781859844137
1377	1	9781861890603
1378	1	9781861262455
1379	1	9781846550478
1380	1	9781854904324
1381	1	9781847371263
1382	1	9781852426767
1383	1	9781856499927
1384	1	9781854108203
1385	1	9781844139286
1386	1	9781857441222
1387	1	9781856694001
1388	1	9781847970206
1389	1	9781843510086
1390	1	9781855840652
1391	1	9781850436461
1392	1	9781851492275
1393	1	9781857152326
1394	1	9781845132507
1395	1	9781857270426
1396	1	9781595580030
1397	1	9781592530199
1398	1	9781841761442
1399	1	9781594201455
1400	1	9781740596459
1401	1	9781843400561
1402	1	9781841764436
1403	1	9781593760151
1404	1	9781595540065
1405	1	9781841151991
1406	1	9781594482960
1407	1	9781841958286
1408	1	9781593154769
1409	1	9781592232703
1410	1	9781596912991
1411	1	9781597971829
1412	1	9781585747641
1413	1	9781587990717
1414	1	9781585421022
1415	1	9781582430584
1416	1	9781586440084
1417	1	9781580931281
1418	1	9781581340051
1419	1	9781586480196
1420	1	9781591791515
1421	1	9781587158810
1422	1	9781584200598
1423	1	9781585671977
1424	1	9781589193574
1425	1	9781585673773
1426	1	9781576739761
1427	1	9781577150022
1428	1	9781578890385
1429	1	9781573452359
1430	1	9781580083119
1431	1	9781578569052
1432	1	9781578560851
1433	1	9781573222303
1434	1	9781579124557
1435	1	9781578564231
1436	1	9781573221931
1437	1	9781578564217
1438	1	9781580086363
1439	1	9781576830161
1440	1	9781580174558
1441	1	9781573222211
1442	1	9781573225342
1443	1	9781573222990
1444	1	9781579120146
1445	1	9781579651138
1446	1	9781575660868
1447	1	9781577948162
1448	1	9781576300022
1449	1	9781576737873
1450	1	9781576732854
1451	1	9781580080118
1452	1	9781571744203
1453	1	9781570034411
1454	1	9781568985312
1455	1	9781563523878
1456	1	9781567920680
1457	1	9781566630764
1458	1	9781563525223
1459	1	9781568580548
1460	1	9781564776624
1461	1	9781565844568
1462	1	9781565845732
1463	1	9781569473177
1464	1	9781568581477
1465	1	9781570981753
1466	1	9781566195522
1467	1	9781565897335
1468	1	9781570980343
1469	1	9781556520723
1470	1	9781559638609
1471	1	9781559700962
1472	1	9781556703676
1473	1	9781557100474
1474	1	9781561483198
1475	1	9781558681453
1476	1	9781561011254
1477	1	9781557503725
1478	1	9781559706414
1479	1	9781557780799
1480	1	9781558211278
1481	1	9781560988120
1482	1	9781557500922
1483	1	9781555872823
1484	1	9781560250005
1485	1	9781561585885
1486	1	9781556114076
1487	1	9781558560352
1488	1	9781558212251
1489	1	9781560763369
1490	1	9781561010745
1491	1	9781559584920
1492	1	9781555540302
1493	1	9781550749885
1494	1	9781552070321
1495	1	9781416567356
1496	1	9781416025528
1497	1	9781433501081
1498	1	9781554700387
1499	1	9781552380673
1500	1	9781416539889
1501	1	9781416538707
1502	1	9781551665450
1503	1	9781405005708
1504	1	9781419189265
1505	1	9781550170214
1506	1	9781551665702
1507	1	9781400066162
1508	1	9781401601768
1509	1	9781400060955
1510	1	9781400040865
1511	1	9781400031535
1512	1	9781401300340
1513	1	9781400002498
1514	1	9781401323073
1515	1	9781401300395
1516	1	9781400031344
1517	1	9781400044597
1518	1	9781401900854
1519	1	9781403441799
1520	1	9781400065318
1521	1	9780974274126
1522	1	9781400077229
1523	1	9781401900168
1524	1	9781400033348
1525	1	9781400077090
1526	1	9781400041015
1527	1	9781400097654
1528	1	9781400049622
1529	1	9781400052080
1530	1	9780976789468
1531	1	9780973138412
1532	1	9781403934925
1533	1	9780966325607
1534	1	9780954522308
1535	1	9780965026307
1536	1	9780972495905
1537	1	9780966578713
1538	1	9780968599402
1539	1	9780963301000
1540	1	9780964492301
1541	1	9780961628604
1542	1	9780972378000
1543	1	9780965260312
1544	1	9780968303924
1545	1	9780965680950
1546	1	9780970445711
1547	1	9780962147005
1548	1	9780970109767
1549	1	9780962935954
1550	1	9780963283634
1551	1	9780963625502
1552	1	9780963600110
1553	1	9780955803505
1554	1	9780939631704
1555	1	9780940208162
1556	1	9780935702279
1557	1	9780945742043
1558	1	9780935008395
1559	1	9780942299113
1560	1	9780942299359
1561	1	9780942391183
1562	1	9780951106310
1563	1	9780949012050
1564	1	9780951106303
1565	1	9780940989351
1566	1	9780938768296
1567	1	9780938289357
1568	1	9780938716167
1569	1	9780949892560
1570	1	9780930282035
1571	1	9780929521626
1572	1	9780919123045
1573	1	9780918024763
1574	1	9780930407032
1575	1	9780932090041
1576	1	9780914881582
1577	1	9780930073008
1578	1	9780920763223
1579	1	9780919123168
1580	1	9780920304822
1581	1	9780915361540
1582	1	9780915230563
1583	1	9780924944031
1584	1	9780917418877
1585	1	9780919493384
1586	1	9780933028005
1587	1	9780914646013
1588	1	9780932813718
1589	1	9780918804051
1590	1	9780919441996
1591	1	9780899300726
1592	1	9780898701951
1593	1	9780896380837
1594	1	9780895552105
1595	1	9780913836088
1596	1	9780898624403
1597	1	9780895861757
1598	1	9780895260505
1599	1	9780914171515
1600	1	9780895552334
1601	1	9780912106373
1602	1	9780895265647
1603	1	9780906540824
1604	1	9780913668689
1605	1	9780894803413
1606	1	9780913299227
1607	1	9780895260154
1608	1	9780896081635
1609	1	9780884412793
1610	1	9780891077077
1611	1	9780892072538
1612	1	9780887502088
1613	1	9780889221901
1614	1	9780891077442
1615	1	9780890243695
1616	1	9780884861799
1617	1	9780890844533
1618	1	9780887701986
1619	1	9780891078340
1620	1	9780892962129
1621	1	9780890190784
1622	1	9780892961771
1623	1	9780884944713
1624	1	9780887846960
1625	1	9780892562527
1626	1	9780881010879
1627	1	9780883442593
1628	1	9780881925494
1629	1	9780879757892
1630	1	9780878881079
1631	1	9780879059651
1632	1	9780877953982
1633	1	9780883446997
1634	1	9780882072289
1635	1	9780878059126
1636	1	9780877958253
1637	1	9780879736736
1638	1	9780880704724
1639	1	9780878579990
1640	1	9780878336616
1641	1	9780880015417
1642	1	9780881926866
1643	1	9780879514839
1644	1	9780880889902
1645	1	9780874171358
1646	1	9780874741667
1647	1	9780875886428
1648	1	9780875961385
1649	1	9780874221190
1650	1	9780875296258
1651	1	9780877011996
1652	1	9780877847700
1653	1	9780875650975
1654	1	9780877951551
1655	1	9780874134919
1656	1	9780876950135
1657	1	9780875846514
1658	1	9780875522623
1659	1	9780876685204
1660	1	9780877734154
1661	1	9780876689226
1662	1	9780873382090
1663	1	9780877888161
1664	1	9780874172553
1665	1	9780871137975
1666	1	9780870210730
1667	1	9780871202703
1668	1	9780863697654
1669	1	9780863151903
1670	1	9780871207760
1671	1	9780871567390
1672	1	9780865549104
1673	1	9780871567611
1674	1	9780870706769
1675	1	9780872235021
1676	1	9780870003141
1677	1	9780865433434
1678	1	9780870744662
1679	1	9780870494659
1680	1	9780865274235
1681	1	9780871138019
1682	1	9780870695773
1683	1	9780870117114
1684	1	9780862419318
1685	1	9780859764865
1686	1	9780861521715
1687	1	9780836191608
1688	1	9780849939433
1689	1	9780849915307
1690	1	9780852632888
1691	1	9780861715534
1692	1	9780836232899
1693	1	9780838620618
1694	1	9780842321624
1695	1	9780840734945
1696	1	9780851246499
1697	1	9780849360749
1698	1	9780860685876
1699	1	9780842363723
1700	1	9780849955495
1701	1	9780854931309
1702	1	9780842306645
1703	1	9780842370950
1704	1	9780821775288
1705	1	9780823001705
1706	1	9780826414083
1707	1	9780831707002
1708	1	9780822304180
1709	1	9780821777701
1710	1	9780830816576
1711	1	9780826417084
1712	1	9780826202413
1713	1	9780823087099
1714	1	9780824511845
1715	1	9780823410644
1716	1	9780823038787
1717	1	9780826216786
1718	1	9780830723768
1719	1	9780835606912
1720	1	9780822216636
1721	1	9780823415311
1722	1	9780826489548
1723	1	9780813206677
1724	1	9780813109879
1725	1	9780821220863
1726	1	9780813124797
1727	1	9780814610077
1728	1	9780816618996
1729	1	9780812972825
1730	1	9780818402555
1731	1	9780821206065
1732	1	9780816023141
1733	1	9780812906103
1734	1	9780819217738
1735	1	9780816627936
1736	1	9780819560568
1737	1	9780816606894
1738	1	9780812971064
1739	1	9780812970982
1740	1	9780816520176
1741	1	9780812910322
1742	1	9780813925783
1743	1	9780821218938
1744	1	9780812906073
1745	1	9780813914022
1746	1	9780812510584
1747	1	9780810918238
1748	1	9780812584189
1749	1	9780810994362
1750	1	9780812112276
1751	1	9780812555325
1752	1	9780812551471
1753	1	9780811215473
1754	1	9780812553888
1755	1	9780810932111
1756	1	9780811731812
1757	1	9780810945630
1758	1	9780810933958
1759	1	9780810912854
1760	1	9780810966130
1761	1	9780812507423
1762	1	9780810959118
1763	1	9780812575965
1764	1	9780811213684
1765	1	9780812233223
1766	1	9780811807289
1767	1	9780812584349
1768	1	9780811718141
1769	1	9780812570946
1770	1	9780811723213
1771	1	9780810994690
1772	1	9780806118680
1773	1	9780807845103
1774	1	9780807117231
1775	1	9780806227320
1776	1	9780806982229
1777	1	9780807826249
1778	1	9780807046814
1779	1	9780809480791
1780	1	9780806926872
1781	1	9780810119802
1782	1	9780806522104
1783	1	9780806962801
1784	1	9780807611128
1785	1	9780806962344
1786	1	9780809429509
1787	1	9780809253838
1788	1	9780804721233
1789	1	9780804734110
1790	1	9780805077841
1791	1	9780805080438
1792	1	9780805073836
1793	1	9780805004618
1794	1	9780805010848
1795	1	9780804106306
1796	1	9780805019360
1797	1	9780803957695
1798	1	9780805040814
1799	1	9780804006637
1800	1	9780803770874
1801	1	9780805065831
1802	1	9780805000580
1803	1	9780803951006
1804	1	9780805011760
1805	1	9780803730014
1806	1	9780805010206
1807	1	9780802853028
1808	1	9780802842930
1809	1	9780803289208
1810	1	9780802713667
1811	1	9780802116826
1812	1	9780802456434
1813	1	9780802037305
1814	1	9780803242777
1815	1	9780802114846
1816	1	9780802117779
1817	1	9780802840356
1818	1	9780802809902
1819	1	9780802422781
1820	1	9780802139252
1821	1	9780802056498
1822	1	9780802028433
1823	1	9780802063687
1824	1	9780802789730
1825	1	9780803229464
1826	1	9780802117168
1827	1	9780802823847
1828	1	9780802835963
1829	1	9780803276284
1830	1	9780801429767
1831	1	9780789004789
1832	1	9780801011023
1833	1	9780800615291
1834	1	9780801038228
1835	1	9780800660406
1836	1	9780800628178
1837	1	9780789200204
1838	1	9780801437205
1839	1	9780800706135
1840	1	9780801826177
1841	1	9780801027833
1842	1	9780801473739
1843	1	9780800753429
1844	1	9780801843877
1845	1	9780800615260
1846	1	9780800626815
1847	1	9780788404214
1848	1	9780801495472
1849	1	9780773493902
1850	1	9780786235025
1851	1	9780786700981
1852	1	9780785805151
1853	1	9780785808725
1854	1	9780771058837
1855	1	9780771056550
1856	1	9780786806539
1857	1	9780786000524
1858	1	9780774666763
1859	1	9780771069222
1860	1	9780786015139
1861	1	9780781740180
1862	1	9780781432894
1863	1	9780785249399
1864	1	9780785288244
1865	1	9780785226017
1866	1	9780763608040
1867	1	9780762406944
1868	1	9780764576348
1869	1	9780771022685
1870	1	9780765310019
1871	1	9780767900560
1872	1	9780764525124
1873	1	9780767903813
1874	1	9780767903851
1875	1	9780764310430
1876	1	9780767912884
1877	1	9780765312945
1878	1	9780764551536
1879	1	9780765319203
1880	1	9780767914963
1881	1	9780767903615
1882	1	9780765301697
1883	1	9780764228780
1884	1	9780749083250
1885	1	9780748632732
1886	1	9780755328611
1887	1	9780747580881
1888	1	9780755325245
1889	1	9780750927741
1890	1	9780753817650
1891	1	9780747584667
1892	1	9780747581086
1893	1	9780752889955
1894	1	9780747582229
1895	1	9780755312085
1896	1	9780752804026
1897	1	9780749395698
1898	1	9780761104841
1899	1	9780752826301
1900	1	9780750937917
1901	1	9780747803386
1902	1	9780761120155
1903	1	9780749310936
1904	1	9780761514688
1905	1	9780747581888
1906	1	9780755307630
1907	1	9780750915700
1908	1	9780749397111
1909	1	9780753513576
1910	1	9780761512196
1911	1	9780743483759
1912	1	9780743260244
1913	1	9780747274230
1914	1	9780743464116
1915	1	9780743410540
1916	1	9780743267267
1917	1	9780743483018
1918	1	9780743299398
1919	1	9780743266284
1920	1	9780747552796
1921	1	9780743482233
1922	1	9780747261926
1923	1	9780747528364
1924	1	9780743449762
1925	1	9780743403498
1926	1	9780723237594
1927	1	9780743225984
1928	1	9780743211932
1929	1	9780719554889
1930	1	9780743222983
1931	1	9780719566080
1932	1	9780735202511
1933	1	9780743254946
1934	1	9780740700200
1935	1	9780719564079
1936	1	9780743222921
1937	1	9780721630878
1938	1	9780723248392
1939	1	9780743246019
1940	1	9780743247535
1941	1	9780740708862
1942	1	9780719568367
1943	1	9780722533949
1944	1	9780743227070
1945	1	9780743244718
1946	1	9780738209647
1947	1	9780740746666
1948	1	9781416985235
1949	1	9780061774003
1950	1	9780807073261
1951	1	9780669531404
1952	1	9780669000313
1953	1	9780669529951
1954	1	9780618753505
1955	1	9780345505392
1956	1	9781570971853
1957	1	9780140060287
1958	1	9780740769467
1959	1	9780761150602
1960	1	9781433226694
1961	1	9781400081837
1962	1	9789708120289
1963	1	9780316075848
1964	1	9780316027656
1965	1	9780739337202
1966	1	9781935099017
1967	1	9781600243820
1968	1	9780061834554
1969	1	9780142002834
1970	1	9780143145752
1971	1	9780399250583
1972	1	9781935554035
1973	1	9780061994395
1974	1	9780061771057
1975	1	9780195189773
1976	1	9780141014593
1977	1	9780807744611
1978	1	9781417748402
1979	1	9780060528898
1980	1	9781404812796
1981	1	9780548891346
1982	1	9780595469161
1983	1	9788483465301
1984	1	9781439569078
1985	1	9780671792763
1986	1	9780446698900
1987	1	9780609800140
1988	1	9780062512901
1989	1	9781594483585
1990	1	9780752864648
1991	1	9781441808295
1992	1	9781576737774
1993	1	9780061714870
1994	1	9780061853807
1995	1	9780061853876
1996	1	9780830819072
1997	1	9780061991547
1998	1	9780743296434
1999	1	9780136012337
