auto	automotive	price
1999	1999	1999	1620
0000	1	$61,200 |
0001	1	$47,600 |
0002	1	$58,000 |
0003	1	$93,800 |
0004	1	$132,600 |
0005	1	$89,800 |
0006	1	$46,700 |
0007	1	$63,700 |
0008	1	$67,700 |
0009	1	$104,800 |
0010	1	$48,500 |
0011	1	$126,300 |
0012	1	$75,400 |
0013	1	$99,900 |
0014	1	$60,700 |
0015	1	$37,615 |
0016	1	$40,730 |
0017	1	$37,165 |
0018	1	$40,330 |
0019	1	$29,730 |
0020	1	$33,130 |
0021	1	$35,675 |
0022	1	$44,460 |
0023	1	$30,930 |
0024	1	$39,230 |
0025	1	$35,730 |
0026	1	$26,495 |
0027	1	$33,265 |
0028	1	$32,570 |
0029	1	$27,085 |
0030	1	$33,015 |
0031	1	$31,820 |
0032	1	$26,245 |
0033	1	$28,745 |
0034	1	$198,000 |
0035	1	$221,000 |
0036	1	$354,000 |
0037	1	$450,000 |
0038	1	$382,400 |
0039	1	$40,065 |
0040	1	$41,665 |
0041	1	$38,365 |
0042	1	$43,465 |
0043	1	$40,165 |
0044	1	$48,910 |
0045	1	$41,420 |
0046	1	$49,520 |
0047	1	$43,220 |
0048	1	$50,965 |
0049	1	$44,505 |
0050	1	$38,365 |
0051	1	$41,665 |
0052	1	$40,165 |
0053	1	$43,465 |
0054	1	$41,065 |
0055	1	$48,765 |
0056	1	$42,865 |
0057	1	$50,565 |
0058	1	$33,830 |
0059	1	$46,095 |
0060	1	$40,755 |
0061	1	$48,540 |
0062	1	$33,330 |
0063	1	$44,995 |
0064	1	$39,405 |
0065	1	$47,540 |
0066	1	$62,165 |
0067	1	$62,165 |
0068	1	$62,165 |
0069	1	$60,720 |
0070	1	$52,720 |
0071	1	$56,380 |
0072	1	$49,180 |
0073	1	$70,335 |
0074	1	$46,680 |
0075	1	$59,875 |
0076	1	$51,925 |
0077	1	$54,825 |
0078	1	$46,280 |
0079	1	$59,475 |
0080	1	$51,525 |
0081	1	$54,425 |
0082	1	$81,795 |
0083	1	$71,665 |
0084	1	$85,640 |
0085	1	$74,870 |
0086	1	$62,495 |
0087	1	$73,425 |
0088	1	$65,100 |
0089	1	$86,215 |
0090	1	$69,465 |
0091	1	$61,420 |
0092	1	$104,215 |
0093	1	$35,700 |
0094	1	$36,350 |
0095	1	$78,835 |
0096	1	$94,615 |
0097	1	$78,425 |
0098	1	$94,275 |
0099	1	$47,650 |
0100	1	$47,250 |
0101	1	$59,645 |
0102	1	$74,545 |
0103	1	$59,645 |
0104	1	$73,345 |
0105	1	$24,850 |
0106	1	$34,300 |
0107	1	$19,400 |
0108	1	$29,100 |
0109	1	$21,100 |
0110	1	$27,850 |
0111	1	$24,800 |
0112	1	$23,000 |
0113	1	$31,300 |
0114	1	$24,250 |
0115	1	$34,000 |
0116	1	$18,800 |
0117	1	$28,800 |
0118	1	$20,450 |
0119	1	$27,150 |
0120	1	$24,050 |
0121	1	$22,300 |
0122	1	$31,000 |
0123	1	$39,990 |
0124	1	$45,080 |
0125	1	$32,395 |
0126	1	$38,115 |
0127	1	$30,330 |
0128	1	$37,020 |
0129	1	$44,455 |
0130	1	$51,330 |
0131	1	$30,360 |
0132	1	$43,605 |
0133	1	$31,790 |
0134	1	$44,885 |
0135	1	$49,565 |
0136	1	$48,030 |
0137	1	$38,525 |
0138	1	$47,565 |
0139	1	$41,425 |
0140	1	$40,405 |
0141	1	$42,790 |
0142	1	$41,675 |
0143	1	$36,975 |
0144	1	$42,615 |
0145	1	$49,105 |
0146	1	$45,345 |
0147	1	$36,110 |
0148	1	$46,005 |
0149	1	$39,215 |
0150	1	$35,725 |
0151	1	$45,815 |
0152	1	$38,830 |
0153	1	$18,720 |
0154	1	$19,030 |
0155	1	$19,720 |
0156	1	$18,720 |
0157	1	$20,030 |
0158	1	$19,720 |
0159	1	$26,255 |
0160	1	$19,030 |
0161	1	$11,965 |
0162	1	$14,100 |
0163	1	$11,965 |
0164	1	$14,100 |
0165	1	$24,390 |
0166	1	$29,930 |
0167	1	$25,605 |
0168	1	$23,890 |
0169	1	$29,630 |
0170	1	$25,055 |
0171	1	$12,115 |
0172	1	$14,250 |
0173	1	$11,965 |
0174	1	$14,100 |
0175	1	$21,975 |
0176	1	$27,015 |
0177	1	$22,825 |
0178	1	$25,925 |
0179	1	$22,715 |
0180	1	$21,825 |
0181	1	$26,955 |
0182	1	$22,680 |
0183	1	$30,945 |
0184	1	$23,880 |
0185	1	$22,680 |
0186	1	$33,945 |
0187	1	$26,875 |
0188	1	$38,625 |
0189	1	$27,965 |
0190	1	$38,340 |
0191	1	$32,045 |
0192	1	$30,235 |
0193	1	$30,145 |
0194	1	$21,240 |
0195	1	$32,000 |
0196	1	$26,810 |
0197	1	$33,965 |
0198	1	$35,280 |
0199	1	$29,260 |
0200	1	$32,240 |
0201	1	$33,770 |
0202	1	$30,340 |
0203	1	$38,340 |
0204	1	$32,950 |
0205	1	$35,580 |
0206	1	$30,260 |
0207	1	$26,935 |
0208	1	$35,015 |
0209	1	$30,360 |
0210	1	$32,905 |
0211	1	$26,810 |
0212	1	$36,515 |
0213	1	$28,140 |
0214	1	$34,270 |
0215	1	$35,060 |
0216	1	$30,200 |
0217	1	$15,670 |
0218	1	$16,470 |
0219	1	$15,670 |
0220	1	$24,535 |
0221	1	$16,470 |
0222	1	$43,770 |
0223	1	$45,375 |
0224	1	$47,280 |
0225	1	$48,870 |
0226	1	$56,170 |
0227	1	$55,625 |
0228	1	$48,580 |
0229	1	$26,415 |
0230	1	$18,170 |
0231	1	$20,745 |
0232	1	$23,785 |
0233	1	$18,110 |
0234	1	$20,685 |
0235	1	$50,735 |
0236	1	$42,420 |
0237	1	$37,570 |
0238	1	$51,055 |
0239	1	$50,720 |
0240	1	$50,765 |
0241	1	$37,280 |
0242	1	$42,130 |
0243	1	$53,600 |
0244	1	$54,790 |
0245	1	$48,950 |
0246	1	$74,305 |
0247	1	$58,600 |
0248	1	$109,800 |
0249	1	$53,580 |
0250	1	$74,285 |
0251	1	$48,930 |
0252	1	$106,880 |
0253	1	$31,330 |
0254	1	$39,330 |
0255	1	$20,675 |
0256	1	$18,175 |
0257	1	$16,275 |
0258	1	$21,975 |
0259	1	$31,224 |
0260	1	$39,975 |
0261	1	$33,865 |
0262	1	$31,224 |
0263	1	$39,985 |
0264	1	$33,745 |
0265	1	$24,495 |
0266	1	$30,070 |
0267	1	$25,660 |
0268	1	$24,365 |
0269	1	$29,970 |
0270	1	$27,370 |
0271	1	$40,280 |
0272	1	$29,910 |
0273	1	$41,295 |
0274	1	$32,265 |
0275	1	$42,180 |
0276	1	$32,265 |
0277	1	$46,375 |
0278	1	$37,975 |
0279	1	$44,505 |
0280	1	$39,835 |
0281	1	$46,375 |
0282	1	$29,220 |
0283	1	$44,505 |
0284	1	$29,220 |
0285	1	$29,705 |
0286	1	$41,090 |
0287	1	$32,315 |
0288	1	$41,975 |
0289	1	$37,770 |
0290	1	N/A |
0291	1	$39,630 |
0292	1	$32,070 |
0293	1	N/A |
0294	1	$35,525 |
0295	1	$35,175 |
0296	1	$41,030 |
0297	1	$45,340 |
0298	1	$37,595 |
0299	1	$44,890 |
0300	1	$47,950 |
0301	1	$47,550 |
0302	1	$67,685 |
0303	1	$73,230 |
0304	1	$68,905 |
0305	1	$74,450 |
0306	1	$57,950 |
0307	1	$57,450 |
0308	1	$110,000 |
0309	1	$108,800 |
0310	1	$106,035 |
0311	1	$54,470 |
0312	1	$54,070 |
0313	1	$77,755 |
0314	1	$76,905 |
0315	1	$52,345 |
0316	1	$57,140 |
0317	1	$51,970 |
0318	1	$39,375 |
0319	1	$39,025 |
0320	1	$35,100 |
0321	1	$37,870 |
0322	1	$34,650 |
0323	1	$44,825 |
0324	1	$44,275 |
0325	1	$59,010 |
0326	1	$58,460 |
0327	1	$68,405 |
0328	1	$35,775 |
0329	1	$41,060 |
0330	1	$35,775 |
0331	1	$40,610 |
0332	1	$17,045 |
0333	1	$19,545 |
0334	1	$27,595 |
0335	1	$31,905 |
0336	1	$26,325 |
0337	1	$27,250 |
0338	1	$22,655 |
0339	1	$27,930 |
0340	1	$25,955 |
0341	1	$30,935 |
0342	1	$28,435 |
0343	1	$32,625 |
0344	1	$36,450 |
0345	1	$23,745 |
0346	1	$21,245 |
0347	1	$19,245 |
0348	1	$36,195 |
0349	1	$30,310 |
0350	1	$27,225 |
0351	1	N/A |
0352	1	N/A |
0353	1	N/A |
0354	1	$40,050 |
0355	1	$44,865 |
0356	1	$38,230 |
0357	1	$28,350 |
0358	1	$38,010 |
0359	1	$28,350 |
0360	1	$18,275 |
0361	1	$45,270 |
0362	1	$37,115 |
0363	1	$32,710 |
0364	1	$29,210 |
0365	1	$22,115 |
0366	1	$20,120 |
0367	1	$27,850 |
0368	1	$34,735 |
0369	1	$39,130 |
0370	1	$38,660 |
0371	1	$30,160 |
0372	1	$26,935 |
0373	1	$32,160 |
0374	1	$35,875 |
0375	1	$28,625 |
0376	1	$26,025 |
0377	1	$32,660 |
0378	1	$43,160 |
0379	1	$48,160 |
0380	1	$42,760 |
0381	1	$47,760 |
0382	1	$36,220 |
0383	1	$34,330 |
0384	1	$36,005 |
0385	1	$49,200 |
0386	1	$49,200 |
0387	1	$60,055 |
0388	1	$62,220 |
0389	1	$57,300 |
0390	1	$59,465 |
0391	1	$40,995 |
0392	1	$40,195 |
0393	1	$52,595 |
0394	1	$46,925 |
0395	1	$52,195 |
0396	1	$46,525 |
0397	1	$19,275 |
0398	1	$17,800 |
0399	1	$15,845 |
0400	1	$15,600 |
0401	1	$16,950 |
0402	1	$16,700 |
0403	1	$19,245 |
0404	1	$21,245 |
0405	1	$23,545 |
0406	1	$21,230 |
0407	1	$20,230 |
0408	1	$21,730 |
0409	1	$26,245 |
0410	1	$27,245 |
0411	1	$22,245 |
0412	1	$25,750 |
0413	1	$26,750 |
0414	1	$21,590 |
0415	1	$23,235 |
0416	1	$21,590 |
0417	1	$16,880 |
0418	1	$20,085 |
0419	1	$18,085 |
0420	1	$20,085 |
0421	1	$18,240 |
0422	1	$16,880 |
0423	1	$16,915 |
0424	1	$17,995 |
0425	1	$25,205 |
0426	1	$18,060 |
0427	1	$18,345 |
0428	1	$20,960 |
0429	1	$19,995 |
0430	1	$19,995 |
0431	1	$29,010 |
0432	1	$25,155 |
0433	1	$24,665 |
0434	1	$20,610 |
0435	1	$29,450 |
0436	1	$26,745 |
0437	1	$25,605 |
0438	1	$21,550 |
0439	1	$32,770 |
0440	1	$43,100 |
0441	1	$25,305 |
0442	1	$30,860 |
0443	1	$41,230 |
0444	1	$22,735 |
0445	1	$38,830 |
0446	1	$38,630 |
0447	1	$33,540 |
0448	1	$39,330 |
0449	1	$38,680 |
0450	1	$38,480 |
0451	1	$33,575 |
0452	1	$39,180 |
0453	1	$25,170 |
0454	1	$32,320 |
0455	1	$32,005 |
0456	1	$38,180 |
0457	1	$34,445 |
0458	1	$29,490 |
0459	1	$24,390 |
0460	1	$46,950 |
0461	1	$46,750 |
0462	1	$41,465 |
0463	1	$47,450 |
0464	1	$46,630 |
0465	1	$46,430 |
0466	1	$41,490 |
0467	1	$47,130 |
0468	1	$29,630 |
0469	1	$27,360 |
0470	1	$28,235 |
0471	1	$31,720 |
0472	1	$33,535 |
0473	1	$26,325 |
0474	1	$25,305 |
0475	1	$23,630 |
0476	1	$22,755 |
0477	1	$30,180 |
0478	1	$31,835 |
0479	1	$44,305 |
0480	1	$38,425 |
0481	1	$47,220 |
0482	1	$42,150 |
0483	1	$41,795 |
0484	1	$29,195 |
0485	1	$33,195 |
0486	1	$45,040 |
0487	1	$28,130 |
0488	1	$37,860 |
0489	1	$31,265 |
0490	1	$45,495 |
0491	1	$21,800 |
0492	1	$24,995 |
0493	1	$28,695 |
0494	1	$25,995 |
0495	1	$21,800 |
0496	1	$23,175 |
0497	1	$27,975 |
0498	1	$26,730 |
0499	1	$24,855 |
0500	1	$90,255 |
0501	1	$91,005 |
0502	1	$86,140 |
0503	1	$86,890 |
0504	1	$30,940 |
0505	1	$25,945 |
0506	1	$22,245 |
0507	1	$29,945 |
0508	1	$34,440 |
0509	1	$29,545 |
0510	1	$26,280 |
0511	1	$20,490 |
0512	1	$47,250 |
0513	1	$54,990 |
0514	1	$65,690 |
0515	1	$74,995 |
0516	1	$73,500 |
0517	1	N/A |
0518	1	$13,990 |
0519	1	N/A |
0520	1	$11,990 |
0521	1	$16,990 |
0522	1	$16,990 |
0523	1	$11,990 |
0524	1	$13,990 |
0525	1	$191,615 |
0526	1	$204,715 |
0527	1	$187,070 |
0528	1	$200,570 |
0529	1	$179,995 |
0530	1	$273,000 |
0531	1	$286,500 |
0532	1	$273,000 |
0533	1	$286,500 |
0534	1	$124,750 |
0535	1	$137,750 |
0536	1	$120,750 |
0537	1	$133,750 |
0538	1	$199,950 |
0539	1	$199,950 |
0540	1	$192,000 |
0541	1	$135,800 |
0542	1	$122,000 |
0543	1	$118,000 |
0544	1	$120,250 |
0545	1	$134,200 |
0546	1	$126,250 |
0547	1	$26,495 |
0548	1	$27,995 |
0549	1	$24,195 |
0550	1	$26,995 |
0551	1	$21,695 |
0552	1	$29,995 |
0553	1	$25,995 |
0554	1	$28,495 |
0555	1	$23,795 |
0556	1	$26,495 |
0557	1	$21,495 |
0558	1	$28,495 |
0559	1	$31,495 |
0560	1	$25,495 |
0561	1	$29,195 |
0562	1	$24,195 |
0563	1	$28,195 |
0564	1	$27,995 |
0565	1	$30,995 |
0566	1	$23,995 |
0567	1	$27,995 |
0568	1	$19,495 |
0569	1	$27,995 |
0570	1	$19,995 |
0571	1	$27,995 |
0572	1	$17,495 |
0573	1	$25,495 |
0574	1	$18,995 |
0575	1	$37,345 |
0576	1	$20,995 |
0577	1	$33,995 |
0578	1	$28,995 |
0579	1	$35,995 |
0580	1	$28,995 |
0581	1	$25,495 |
0582	1	$26,995 |
0583	1	$20,995 |
0584	1	$27,495 |
0585	1	$24,995 |
0586	1	$17,495 |
0587	1	$34,995 |
0588	1	$18,995 |
0589	1	$25,495 |
0590	1	$32,495 |
0591	1	$35,795 |
0592	1	$30,495 |
0593	1	$32,495 |
0594	1	$35,795 |
0595	1	$30,495 |
0596	1	$31,395 |
0597	1	$28,295 |
0598	1	$25,295 |
0599	1	$25,995 |
0600	1	$21,995 |
0601	1	$24,995 |
0602	1	$20,995 |
0603	1	$29,995 |
0604	1	$20,995 |
0605	1	$27,995 |
0606	1	$27,995 |
0607	1	$24,995 |
0608	1	$24,995 |
0609	1	$21,995 |
0610	1	$25,840 |
0611	1	$27,970 |
0612	1	$27,050 |
0613	1	$30,425 |
0614	1	$25,250 |
0615	1	$30,165 |
0616	1	$26,215 |
0617	1	$53,705 |
0618	1	$52,965 |
0619	1	$26,840 |
0620	1	$28,195 |
0621	1	$26,250 |
0622	1	$27,360 |
0623	1	$13,320 |
0624	1	$16,320 |
0625	1	$15,120 |
0626	1	$17,120 |
0627	1	$14,320 |
0628	1	$29,770 |
0629	1	$31,065 |
0630	1	$30,670 |
0631	1	$34,845 |
0632	1	$33,370 |
0633	1	$33,545 |
0634	1	$28,940 |
0635	1	$34,585 |
0636	1	$29,840 |
0637	1	$30,565 |
0638	1	$42,690 |
0639	1	$33,725 |
0640	1	$39,695 |
0641	1	$45,185 |
0642	1	$29,075 |
0643	1	$42,190 |
0644	1	$36,720 |
0645	1	$42,010 |
0646	1	$36,115 |
0647	1	$39,015 |
0648	1	$33,120 |
0649	1	$28,495 |
0650	1	$36,070 |
0651	1	$32,070 |
0652	1	$27,220 |
0653	1	$38,070 |
0654	1	$34,570 |
0655	1	$31,770 |
0656	1	$26,920 |
0657	1	$35,770 |
0658	1	$16,270 |
0659	1	$20,270 |
0660	1	$18,065 |
0661	1	$22,765 |
0662	1	$17,270 |
0663	1	$22,270 |
0664	1	$21,065 |
0665	1	$16,640 |
0666	1	$19,670 |
0667	1	$17,270 |
0668	1	$18,870 |
0669	1	$15,995 |
0670	1	$18,485 |
0671	1	$16,875 |
0672	1	$18,485 |
0673	1	$16,875 |
0674	1	$18,485 |
0675	1	$34,125 |
0676	1	$22,810 |
0677	1	$31,615 |
0678	1	$25,800 |
0679	1	$27,380 |
0680	1	$34,010 |
0681	1	$22,265 |
0682	1	$31,500 |
0683	1	$25,290 |
0684	1	$27,020 |
0685	1	$28,100 |
0686	1	$28,265 |
0687	1	$19,695 |
0688	1	$28,505 |
0689	1	$21,375 |
0690	1	$27,270 |
0691	1	$27,435 |
0692	1	$19,270 |
0693	1	$27,675 |
0694	1	$20,545 |
0695	1	$51,690 |
0696	1	$42,015 |
0697	1	$49,040 |
0698	1	$38,490 |
0699	1	$50,420 |
0700	1	$43,810 |
0701	1	$47,770 |
0702	1	$41,100 |
0703	1	$45,970 |
0704	1	$48,210 |
0705	1	$43,790 |
0706	1	$45,560 |
0707	1	$50,740 |
0708	1	$41,510 |
0709	1	$48,090 |
0710	1	$37,985 |
0711	1	$27,145 |
0712	1	$37,845 |
0713	1	$22,145 |
0714	1	$32,845 |
0715	1	$34,645 |
0716	1	$30,845 |
0717	1	$29,645 |
0718	1	$25,845 |
0719	1	$26,395 |
0720	1	$36,395 |
0721	1	$21,395 |
0722	1	$31,395 |
0723	1	$33,395 |
0724	1	$29,395 |
0725	1	$28,395 |
0726	1	$24,395 |
0727	1	$28,190 |
0728	1	$31,190 |
0729	1	$37,190 |
0730	1	$32,880 |
0731	1	$28,880 |
0732	1	$35,880 |
0733	1	$26,025 |
0734	1	$17,935 |
0735	1	$23,680 |
0736	1	$25,015 |
0737	1	$19,220 |
0738	1	$19,075 |
0739	1	$21,925 |
0740	1	$17,820 |
0741	1	$19,135 |
0742	1	$20,200 |
0743	1	$19,105 |
0744	1	$18,960 |
0745	1	$32,665 |
0746	1	$27,810 |
0747	1	$53,645 |
0748	1	$48,645 |
0749	1	$51,725 |
0750	1	$46,725 |
0751	1	$26,540 |
0752	1	$22,415 |
0753	1	$22,715 |
0754	1	$30,995 |
0755	1	$34,110 |
0756	1	$47,195 |
0757	1	$29,295 |
0758	1	$24,405 |
0759	1	$25,875 |
0760	1	$33,540 |
0761	1	$30,880 |
0762	1	$42,690 |
0763	1	$33,620 |
0764	1	$29,220 |
0765	1	$25,170 |
0766	1	$37,770 |
0767	1	$33,020 |
0768	1	$29,020 |
0769	1	$25,170 |
0770	1	$37,170 |
0771	1	$36,345 |
0772	1	$36,160 |
0773	1	$34,095 |
0774	1	$33,910 |
0775	1	$31,300 |
0776	1	$30,235 |
0777	1	$35,190 |
0778	1	$33,125 |
0779	1	$32,940 |
0780	1	$28,845 |
0781	1	$21,455 |
0782	1	$23,200 |
0783	1	$22,670 |
0784	1	$21,035 |
0785	1	$22,250 |
0786	1	$21,135 |
0787	1	$22,350 |
0788	1	$39,730 |
0789	1	$35,720 |
0790	1	$37,360 |
0791	1	$32,355 |
0792	1	$34,010 |
0793	1	$37,650 |
0794	1	$37,835 |
0795	1	$35,525 |
0796	1	$41,030 |
0797	1	$37,640 |
0798	1	$38,370 |
0799	1	$29,900 |
0800	1	$32,035 |
0801	1	$39,855 |
0802	1	$40,045 |
0803	1	$37,440 |
0804	1	$366,000 |
0805	1	$455,500 |
0806	1	$405,500 |
0807	1	$358,000 |
0808	1	$397,500 |
0809	1	$17,595 |
0810	1	$25,779 |
0811	1	$22,379 |
0812	1	$28,079 |
0813	1	$28,950 |
0814	1	$25,079 |
0815	1	$17,520 |
0816	1	$25,595 |
0817	1	$18,775 |
0818	1	$27,775 |
0819	1	$22,025 |
0820	1	$24,725 |
0821	1	$28,850 |
0822	1	$17,949 |
0823	1	$19,199 |
0824	1	$20,999 |
0825	1	$23,199 |
0826	1	$18,999 |
0827	1	$20,549 |
0828	1	$23,949 |
0829	1	$22,449 |
0830	1	$18,899 |
0831	1	$17,749 |
0832	1	$16,379 |
0833	1	$18,849 |
0834	1	$17,249 |
0835	1	$16,499 |
0836	1	$17,699 |
0837	1	$14,949 |
0838	1	$25,349 |
0839	1	$23,249 |
0840	1	$21,999 |
0841	1	$27,149 |
0842	1	$23,599 |
0843	1	$21,499 |
0844	1	$20,499 |
0845	1	$25,499 |
0846	1	$19,099 |
0847	1	$13,499 |
0848	1	$15,195 |
0849	1	$29,930 |
0850	1	$27,395 |
0851	1	$29,079 |
0852	1	$45,220 |
0853	1	$36,465 |
0854	1	$33,840 |
0855	1	$40,185 |
0856	1	$33,740 |
0857	1	$42,185 |
0858	1	$36,315 |
0859	1	$26,000 |
0860	1	$29,600 |
0861	1	$26,000 |
0862	1	$29,200 |
0863	1	$23,935 |
0864	1	$25,690 |
0865	1	$20,815 |
0866	1	$19,290 |
0867	1	$18,240 |
0868	1	$17,045 |
0869	1	$27,240 |
0870	1	$27,180 |
0871	1	$18,180 |
0872	1	$20,755 |
0873	1	$61,360 |
0874	1	$42,595 |
0875	1	$56,235 |
0876	1	$46,905 |
0877	1	$54,010 |
0878	1	$42,080 |
0879	1	$53,995 |
0880	1	$55,995 |
0881	1	$32,760 |
0882	1	$38,670 |
0883	1	$58,990 |
0884	1	$55,935 |
0885	1	$29,910 |
0886	1	$41,295 |
0887	1	$32,265 |
0888	1	$42,180 |
0889	1	N/A |
0890	1	$46,375 |
0891	1	$37,975 |
0892	1	$44,505 |
0893	1	$39,835 |
0894	1	N/A |
0895	1	$29,220 |
0896	1	N/A |
0897	1	N/A |
0898	1	$29,705 |
0899	1	$29,980 |
0900	1	$32,070 |
0901	1	$29,095 |
0902	1	$25,775 |
0903	1	$34,185 |
0904	1	$27,635 |
0905	1	$32,315 |
0906	1	$30,020 |
0907	1	$44,845 |
0908	1	$49,005 |
0909	1	$48,765 |
0910	1	$30,565 |
0911	1	$30,340 |
0912	1	$43,495 |
0913	1	$27,965 |
0914	1	$38,710 |
0915	1	$32,045 |
0916	1	$36,080 |
0917	1	$30,145 |
0918	1	$21,240 |
0919	1	$43,415 |
0920	1	$28,340 |
0921	1	$32,000 |
0922	1	$27,225 |
0923	1	$33,965 |
0924	1	$32,045 |
0925	1	$29,260 |
0926	1	$32,240 |
0927	1	$33,770 |
0928	1	$39,125 |
0929	1	$33,365 |
0930	1	$38,710 |
0931	1	$30,675 |
0932	1	$36,080 |
0933	1	$35,425 |
0934	1	$21,240 |
0935	1	$33,320 |
0936	1	$28,340 |
0937	1	$36,930 |
0938	1	$27,225 |
0939	1	$34,685 |
0940	1	$35,780 |
0941	1	$30,615 |
0942	1	$35,470 |
0943	1	$43,285 |
0944	1	$46,615 |
0945	1	$50,745 |
0946	1	$50,355 |
0947	1	$22,795 |
0948	1	$33,340 |
0949	1	$21,990 |
0950	1	$27,955 |
0951	1	$26,390 |
0952	1	$22,340 |
0953	1	$32,885 |
0954	1	$21,550 |
0955	1	$27,500 |
0956	1	$26,820 |
0957	1	$22,635 |
0958	1	$20,990 |
0959	1	$29,320 |
0960	1	$24,240 |
0961	1	$27,080 |
0962	1	$26,085 |
0963	1	$21,050 |
0964	1	$20,470 |
0965	1	$28,540 |
0966	1	$18,600 |
0967	1	$26,600 |
0968	1	$23,900 |
0969	1	$34,535 |
0970	1	$32,445 |
0971	1	$30,525 |
0972	1	$34,045 |
0973	1	$31,955 |
0974	1	$30,035 |
0975	1	$23,340 |
0976	1	$23,195 |
0977	1	$13,980 |
0978	1	$15,435 |
0979	1	$27,660 |
0980	1	$26,400 |
0981	1	$28,400 |
0982	1	$27,000 |
0983	1	$22,960 |
0984	1	$27,510 |
0985	1	$26,250 |
0986	1	$28,250 |
0987	1	$26,850 |
0988	1	$22,810 |
0989	1	$17,205 |
0990	1	$23,195 |
0991	1	$15,450 |
0992	1	$20,485 |
0993	1	$17,950 |
0994	1	$19,985 |
0995	1	$22,895 |
0996	1	$16,825 |
0997	1	$22,300 |
0998	1	$15,045 |
0999	1	$20,030 |
1000	1	$17,500 |
1001	1	$19,540 |
1002	1	$21,500 |
1003	1	$32,960 |
1004	1	$26,795 |
1005	1	$32,290 |
1006	1	$32,660 |
1007	1	$26,495 |
1008	1	$31,990 |
1009	1	$23,005 |
1010	1	$21,250 |
1011	1	$19,435 |
1012	1	$27,305 |
1013	1	$25,345 |
1014	1	$24,200 |
1015	1	$28,915 |
1016	1	$26,990 |
1017	1	$25,030 |
1018	1	$23,885 |
1019	1	$28,600 |
1020	1	$39,685 |
1021	1	$35,805 |
1022	1	$31,265 |
1023	1	$39,800 |
1024	1	$35,700 |
1025	1	$30,915 |
1026	1	$21,000 |
1027	1	$26,600 |
1028	1	$22,800 |
1029	1	$28,070 |
1030	1	$23,800 |
1031	1	$32,445 |
1032	1	$35,685 |
1033	1	$35,285 |
1034	1	$32,245 |
1035	1	$27,945 |
1036	1	$21,925 |
1037	1	$23,625 |
1038	1	$26,835 |
1039	1	$21,675 |
1040	1	$23,375 |
1041	1	$26,585 |
1042	1	$20,770 |
1043	1	$23,490 |
1044	1	$26,575 |
1045	1	$26,250 |
1046	1	$22,225 |
1047	1	$20,445 |
1048	1	$23,165 |
1049	1	$26,150 |
1050	1	$25,925 |
1051	1	$21,900 |
1052	1	$52,915 |
1053	1	$43,430 |
1054	1	$59,955 |
1055	1	$52,365 |
1056	1	$42,880 |
1057	1	$59,405 |
1058	1	$16,250 |
1059	1	$17,750 |
1060	1	$16,850 |
1061	1	$20,150 |
1062	1	$17,350 |
1063	1	$24,460 |
1064	1	$30,750 |
1065	1	$31,330 |
1066	1	$34,715 |
1067	1	$29,100 |
1068	1	$32,375 |
1069	1	$39,970 |
1070	1	$24,540 |
1071	1	$26,215 |
1072	1	$24,690 |
1073	1	$37,865 |
1074	1	$29,235 |
1075	1	$29,725 |
1076	1	$25,290 |
1077	1	$24,180 |
1078	1	$26,145 |
1079	1	$22,515 |
1080	1	$25,925 |
1081	1	$21,315 |
1082	1	$27,525 |
1083	1	$24,450 |
1084	1	$21,350 |
1085	1	$25,735 |
1086	1	$25,870 |
1087	1	$20,140 |
1088	1	$25,650 |
1089	1	$24,175 |
1090	1	$27,250 |
1091	1	$16,230 |
1092	1	$19,305 |
1093	1	$25,460 |
1094	1	$23,675 |
1095	1	$29,995 |
1096	1	$34,600 |
1097	1	$36,345 |
1098	1	$29,200 |
1099	1	$31,650 |
1100	1	$34,670 |
1101	1	$29,245 |
1102	1	$23,935 |
1103	1	$28,655 |
1104	1	$39,395 |
1105	1	$26,410 |
1106	1	$36,860 |
1107	1	$26,275 |
1108	1	$28,230 |
1109	1	$23,455 |
1110	1	$25,985 |
1111	1	$38,105 |
1112	1	$30,065 |
1113	1	$35,570 |
1114	1	$25,795 |
1115	1	$37,290 |
1116	1	$42,945 |
1117	1	$34,900 |
1118	1	$41,220 |
1119	1	$27,925 |
1120	1	$27,725 |
1121	1	$67,370 |
1122	1	$65,970 |
1123	1	$14,415 |
1124	1	$13,655 |
1125	1	$14,165 |
1126	1	$13,405 |
1127	1	$17,510 |
1128	1	$22,110 |
1129	1	$20,910 |
1130	1	$25,255 |
1131	1	$21,980 |
1132	1	$27,080 |
1133	1	$22,980 |
1134	1	$29,730 |
1135	1	$23,580 |
1136	1	$29,430 |
1137	1	$23,730 |
1138	1	$24,680 |
1139	1	$21,855 |
1140	1	$26,805 |
1141	1	$22,855 |
1142	1	$29,305 |
1143	1	$23,355 |
1144	1	$29,105 |
1145	1	$15,700 |
1146	1	$17,260 |
1147	1	$29,670 |
1148	1	$32,570 |
1149	1	$23,100 |
1150	1	$19,800 |
1151	1	$15,605 |
1152	1	$23,950 |
1153	1	$16,605 |
1154	1	$17,555 |
1155	1	$19,605 |
1156	1	$18,555 |
1157	1	$20,405 |
1158	1	$19,155 |
1159	1	$21,955 |
1160	1	$22,205 |
1161	1	$21,955 |
1162	1	$22,405 |
1163	1	$25,490 |
1164	1	$17,355 |
1165	1	$15,455 |
1166	1	$17,405 |
1167	1	$16,455 |
1168	1	$18,405 |
1169	1	$19,455 |
1170	1	$19,005 |
1171	1	$20,255 |
1172	1	$22,055 |
1173	1	$21,805 |
1174	1	$22,255 |
1175	1	$21,805 |
1176	1	$17,205 |
1177	1	$23,800 |
1178	1	$30,950 |
1179	1	$43,250 |
1180	1	$34,450 |
1181	1	$40,755 |
1182	1	$27,800 |
1183	1	$29,905 |
1184	1	$26,805 |
1185	1	$33,405 |
1186	1	$40,755 |
1187	1	$23,995 |
1188	1	$21,695 |
1189	1	$26,645 |
1190	1	$22,395 |
1191	1	$23,845 |
1192	1	$21,545 |
1193	1	$26,495 |
1194	1	$30,895 |
1195	1	$28,045 |
1196	1	$33,995 |
1197	1	$38,795 |
1198	1	$30,745 |
1199	1	$27,895 |
1200	1	$35,445 |
1201	1	$38,645 |
1202	1	$19,850 |
1203	1	$21,410 |
1204	1	$28,900 |
1205	1	$31,605 |
1206	1	$34,480 |
1207	1	$28,450 |
1208	1	$31,555 |
1209	1	$34,430 |
1210	1	$22,935 |
1211	1	$20,825 |
1212	1	$22,635 |
1213	1	$24,320 |
1214	1	$20,525 |
1215	1	$34,995 |
1216	1	$36,995 |
1217	1	$35,550 |
1218	1	$37,750 |
1219	1	$35,200 |
1220	1	$37,400 |
1221	1	$47,950 |
1222	1	$43,050 |
1223	1	$43,850 |
1224	1	$46,500 |
1225	1	$56,400 |
1226	1	$58,400 |
1227	1	$54,650 |
1228	1	$30,950 |
1229	1	$33,950 |
1230	1	$32,350 |
1231	1	$57,900 |
1232	1	$44,500 |
1233	1	$48,950 |
1234	1	$36,200 |
1235	1	$42,400 |
1236	1	$37,650 |
1237	1	$39,450 |
1238	1	$35,050 |
1239	1	$39,300 |
1240	1	$56,750 |
1241	1	$44,000 |
1242	1	$43,400 |
1243	1	$36,650 |
1244	1	$47,950 |
1245	1	$40,800 |
1246	1	$39,200 |
1247	1	$44,350 |
1248	1	$46,950 |
1249	1	$36,050 |
1250	1	$40,400 |
1251	1	$33,250 |
1252	1	$37,000 |
1253	1	$37,500 |
1254	1	$39,150 |
1255	1	$34,450 |
1256	1	$36,050 |
1257	1	$57,200 |
1258	1	$56,050 |
1259	1	$37,900 |
1260	1	$39,990 |
1261	1	$37,490 |
1262	1	$58,200 |
1263	1	$37,300 |
1264	1	$39,750 |
1265	1	$37,100 |
1266	1	$57,350 |
1267	1	$50,490 |
1268	1	$57,590 |
1269	1	$48,990 |
1270	1	$92,590 |
1271	1	$55,790 |
1272	1	$49,700 |
1273	1	$56,750 |
1274	1	$48,200 |
1275	1	$91,050 |
1276	1	$55,000 |
1277	1	$113,150 |
1278	1	$150,250 |
1279	1	$157,000 |
1280	1	$209,300 |
1281	1	$110,400 |
1282	1	$145,200 |
1283	1	$154,400 |
1284	1	$207,170 |
1285	1	$51,740 |
1286	1	$50,240 |
1287	1	$50,800 |
1288	1	$49,300 |
1289	1	$74,000 |
1290	1	$99,050 |
1291	1	$72,400 |
1292	1	$97,950 |
1293	1	$91,000 |
1294	1	$138,000 |
1295	1	$96,650 |
1296	1	$209,000 |
1297	1	$158,050 |
1298	1	$87,950 |
1299	1	$133,550 |
1300	1	$94,600 |
1301	1	$201,150 |
1302	1	$149,700 |
1303	1	$102,600 |
1304	1	$198,750 |
1305	1	$139,050 |
1306	1	$124,450 |
1307	1	$105,750 |
1308	1	$122,700 |
1309	1	$104,000 |
1310	1	$47,650 |
1311	1	$53,300 |
1312	1	$46,900 |
1313	1	$66,650 |
1314	1	$51,900 |
1315	1	$60,950 |
1316	1	$84,450 |
1317	1	$61,950 |
1318	1	$59,950 |
1319	1	$82,850 |
1320	1	$60,950 |
1321	1	$183,000 |
1322	1	$37,500 |
1323	1	$36,600 |
1324	1	$26,390 |
1325	1	$19,790 |
1326	1	$14,995 |
1327	1	$19,825 |
1328	1	$17,095 |
1329	1	$23,455 |
1330	1	$19,295 |
1331	1	$24,730 |
1332	1	$21,395 |
1333	1	$22,995 |
1334	1	$19,395 |
1335	1	$23,240 |
1336	1	$18,705 |
1337	1	$24,615 |
1338	1	$21,495 |
1339	1	$22,660 |
1340	1	$23,280 |
1341	1	$22,165 |
1342	1	$19,510 |
1343	1	$34,375 |
1344	1	$30,120 |
1345	1	$33,575 |
1346	1	$28,200 |
1347	1	$31,175 |
1348	1	$39,990 |
1349	1	$32,830 |
1350	1	$40,420 |
1351	1	$28,650 |
1352	1	$39,310 |
1353	1	$28,755 |
1354	1	$28,395 |
1355	1	$32,940 |
1356	1	$36,100 |
1357	1	$31,990 |
1358	1	$31,990 |
1359	1	$17,400 |
1360	1	$24,770 |
1361	1	$25,900 |
1362	1	$42,400 |
1363	1	$30,500 |
1364	1	$19,065 |
1365	1	$22,810 |
1366	1	$18,590 |
1367	1	$23,090 |
1368	1	$26,540 |
1369	1	$34,775 |
1370	1	$29,900 |
1371	1	$26,250 |
1372	1	$33,500 |
1373	1	$29,355 |
1374	1	$29,700 |
1375	1	$29,005 |
1376	1	$23,465 |
1377	1	$43,960 |
1378	1	$40,440 |
1379	1	$35,960 |
1380	1	$33,390 |
1381	1	$41,705 |
1382	1	$38,365 |
1383	1	$33,485 |
1384	1	$30,915 |
1385	1	$39,205 |
1386	1	$36,355 |
1387	1	$29,935 |
1388	1	$29,410 |
1389	1	$29,080 |
1390	1	$34,460 |
1391	1	$25,315 |
1392	1	$27,385 |
1393	1	$31,865 |
1394	1	$24,785 |
1395	1	$26,855 |
1396	1	$31,745 |
1397	1	$26,970 |
1398	1	$31,230 |
1399	1	$22,025 |
1400	1	$28,645 |
1401	1	$28,345 |
1402	1	$21,860 |
1403	1	$28,480 |
1404	1	$28,180 |
1405	1	$26,950 |
1406	1	$24,600 |
1407	1	$26,300 |
1408	1	$24,100 |
1409	1	$32,850 |
1410	1	$29,000 |
1411	1	$28,700 |
1412	1	$33,050 |
1413	1	$39,950 |
1414	1	$40,000 |
1415	1	$33,550 |
1416	1	$38,000 |
1417	1	$31,150 |
1418	1	$27,750 |
1419	1	$26,200 |
1420	1	$31,350 |
1421	1	$34,400 |
1422	1	$38,400 |
1423	1	$40,050 |
1424	1	$34,395 |
1425	1	$37,200 |
1426	1	$41,550 |
1427	1	$31,450 |
1428	1	$37,700 |
1429	1	$34,600 |
1430	1	$36,400 |
1431	1	$32,000 |
1432	1	$38,000 |
1433	1	$37,950 |
1434	1	$42,800 |
1435	1	$36,950 |
1436	1	$40,700 |
1437	1	$39,200 |
1438	1	$50,950 |
1439	1	$42,950 |
1440	1	$40,200 |
1441	1	$48,000 |
1442	1	$42,000 |
1443	1	$39,700 |
1444	1	$47,500 |
1445	1	$41,500 |
1446	1	$18,999 |
1447	1	$29,089 |
1448	1	$24,699 |
1449	1	$20,699 |
1450	1	$28,089 |
1451	1	$24,699 |
1452	1	$33,590 |
1453	1	$40,990 |
1454	1	$38,990 |
1455	1	$35,790 |
1456	1	$27,799 |
1457	1	$32,599 |
1458	1	$27,799 |
1459	1	$32,599 |
1460	1	$17,695 |
1461	1	$27,895 |
1462	1	$20,695 |
1463	1	$20,190 |
1464	1	$27,590 |
1465	1	$28,299 |
1466	1	$33,599 |
1467	1	$27,999 |
1468	1	$31,499 |
1469	1	$21,995 |
1470	1	$24,495 |
1471	1	$27,795 |
1472	1	$25,795 |
1473	1	$22,240 |
1474	1	$23,940 |
1475	1	$29,250 |
1476	1	$26,390 |
1477	1	$21,599 |
1478	1	$23,999 |
1479	1	$21,599 |
1480	1	$23,999 |
1481	1	$19,495 |
1482	1	$22,995 |
1483	1	$14,995 |
1484	1	$20,295 |
1485	1	$17,295 |
1486	1	$27,495 |
1487	1	$15,690 |
1488	1	$19,990 |
1489	1	$17,890 |
1490	1	$27,190 |
1491	1	$30,850 |
1492	1	$30,250 |
1493	1	$30,850 |
1494	1	$29,950 |
1495	1	$156,600 |
1496	1	$170,100 |
1497	1	$146,000 |
1498	1	$35,940 |
1499	1	$32,850 |
1500	1	$35,350 |
1501	1	$32,350 |
1502	1	$48,000 |
1503	1	$47,300 |
1504	1	$44,190 |
1505	1	$37,790 |
1506	1	$44,100 |
1507	1	$37,200 |
1508	1	$58,450 |
1509	1	$54,300 |
1510	1	$58,250 |
1511	1	$53,600 |
1512	1	$53,310 |
1513	1	$45,200 |
1514	1	$50,200 |
1515	1	$59,150 |
1516	1	$53,310 |
1517	1	$45,200 |
1518	1	$50,200 |
1519	1	$60,950 |
1520	1	$76,100 |
1521	1	$76,100 |
1522	1	$78,050 |
1523	1	$84,000 |
1524	1	$74,550 |
1525	1	$78,400 |
1526	1	$96,200 |
1527	1	$35,200 |
1528	1	$42,500 |
1529	1	$37,350 |
1530	1	$38,300 |
1531	1	$41,300 |
1532	1	$37,800 |
1533	1	$40,800 |
1534	1	$45,700 |
1535	1	$50,900 |
1536	1	$58,900 |
1537	1	$50,900 |
1538	1	$61,000 |
1539	1	$46,900 |
1540	1	$47,000 |
1541	1	$50,000 |
1542	1	$45,900 |
1543	1	$48,900 |
1544	1	$52,150 |
1545	1	$79,150 |
1546	1	$56,150 |
1547	1	$67,150 |
1548	1	$51,150 |
1549	1	$79,150 |
1550	1	$56,150 |
1551	1	$67,150 |
1552	1	$88,150 |
1553	1	$101,150 |
1554	1	$82,150 |
1555	1	$95,150 |
1556	1	$88,150 |
1557	1	$101,150 |
1558	1	$82,150 |
1559	1	$95,150 |
1560	1	$71,650 |
1561	1	$78,650 |
1562	1	$86,650 |
1563	1	$89,650 |
1564	1	$109,150 |
1565	1	$112,150 |
1566	1	$38,820 |
1567	1	$41,070 |
1568	1	$31,910 |
1569	1	$36,580 |
1570	1	$39,990 |
1571	1	$38,270 |
1572	1	$40,520 |
1573	1	$31,460 |
1574	1	$36,130 |
1575	1	$39,190 |
1576	1	$39,140 |
1577	1	$37,050 |
1578	1	$30,100 |
1579	1	$33,510 |
1580	1	$38,180 |
1581	1	$31,200 |
1582	1	$29,650 |
1583	1	$19,900 |
1584	1	$22,060 |
1585	1	$26,780 |
1586	1	$27,770 |
1587	1	$23,440 |
1588	1	$24,740 |
1589	1	$19,900 |
1590	1	$21,840 |
1591	1	$26,780 |
1592	1	$27,270 |
1593	1	$22,940 |
1594	1	$24,520 |
1595	1	$42,600 |
1596	1	$37,490 |
1597	1	$29,840 |
1598	1	$33,190 |
1599	1	$42,160 |
1600	1	$32,610 |
1601	1	$29,440 |
1602	1	$52,890 |
1603	1	$43,510 |
1604	1	$45,640 |
1605	1	$52,190 |
1606	1	$44,940 |
1607	1	$42,810 |
1608	1	$41,350 |
1609	1	$34,350 |
1610	1	$27,750 |
1611	1	$30,900 |
1612	1	$25,950 |
1613	1	$35,650 |
1614	1	$26,650 |
1615	1	$30,550 |
1616	1	$13,990 |
1617	1	$16,030 |
1618	1	$20,120 |
1619	1	$17,130 |
1620	1	$25,660 |
1621	1	$24,470 |
1622	1	$22,060 |
1623	1	$21,540 |
1624	1	$23,130 |
1625	1	$28,870 |
1626	1	$31,080 |
1627	1	$28,560 |
1628	1	$25,270 |
1629	1	$17,750 |
1630	1	$26,940 |
1631	1	$25,510 |
1632	1	$26,520 |
1633	1	$31,630 |
1634	1	$24,190 |
1635	1	$26,040 |
1636	1	$26,840 |
1637	1	$15,520 |
1638	1	$17,450 |
1639	1	$17,450 |
1640	1	$19,580 |
1641	1	$18,850 |
1642	1	$20,080 |
1643	1	$15,420 |
1644	1	$17,160 |
1645	1	$17,160 |
1646	1	$19,580 |
1647	1	$18,560 |
1648	1	$20,080 |
1649	1	$95,100 |
1650	1	$89,950 |
1651	1	$84,060 |
1652	1	$80,790 |
1653	1	$83,040 |
1654	1	$34,550 |
1655	1	$39,620 |
1656	1	$36,750 |
1657	1	$31,670 |
1658	1	$29,670 |
1659	1	$34,350 |
1660	1	$32,220 |
1661	1	$33,870 |
1662	1	$39,120 |
1663	1	$33,370 |
1664	1	$36,250 |
1665	1	$31,170 |
1666	1	$34,050 |
1667	1	$31,720 |
1668	1	$33,850 |
1669	1	$29,170 |
1670	1	$20,460 |
1671	1	$22,260 |
1672	1	$24,550 |
1673	1	$14,520 |
1674	1	$16,470 |
1675	1	$14,570 |
1676	1	$12,240 |
1677	1	$16,900 |
1678	1	$14,150 |
1679	1	$16,100 |
1680	1	$14,100 |
1681	1	$11,990 |
1682	1	$16,530 |
1683	1	$33,720 |
1684	1	$32,780 |
1685	1	$30,100 |
1686	1	$25,900 |
1687	1	$26,840 |
1688	1	$30,400 |
1689	1	$30,400 |
1690	1	$27,470 |
1691	1	$25,300 |
1692	1	$30,810 |
1693	1	$33,530 |
1694	1	$30,460 |
1695	1	$33,180 |
1696	1	$363,000 |
1697	1	$177,600 |
1698	1	$202,500 |
1699	1	$174,100 |
1700	1	$198,500 |
1701	1	$340,990 |
1702	1	$267,000 |
1703	1	$182,800 |
1704	1	$201,500 |
1705	1	$207,700 |
1706	1	$231,400 |
1707	1	$54,105 |
1708	1	$48,155 |
1709	1	$52,205 |
1710	1	$46,255 |
1711	1	$42,580 |
1712	1	$53,755 |
1713	1	$47,805 |
1714	1	$51,855 |
1715	1	$45,905 |
1716	1	$42,230 |
1717	1	$35,305 |
1718	1	$42,585 |
1719	1	$38,855 |
1720	1	$39,035 |
1721	1	$35,105 |
1722	1	$42,385 |
1723	1	$38,655 |
1724	1	$38,835 |
1725	1	$32,620 |
1726	1	$37,720 |
1727	1	$34,620 |
1728	1	$35,720 |
1729	1	$32,520 |
1730	1	$37,620 |
1731	1	$34,520 |
1732	1	$35,620 |
1733	1	$29,610 |
1734	1	$29,310 |
1735	1	$46,830 |
1736	1	$50,450 |
1737	1	$49,995 |
1738	1	$56,045 |
1739	1	$45,495 |
1740	1	$9,985 |
1741	1	$13,695 |
1742	1	$14,695 |
1743	1	$16,145 |
1744	1	$9,970 |
1745	1	$12,995 |
1746	1	$14,645 |
1747	1	$16,995 |
1748	1	$23,500 |
1749	1	$24,500 |
1750	1	$29,750 |
1751	1	$32,250 |
1752	1	$26,750 |
1753	1	$25,495 |
1754	1	$30,095 |
1755	1	$24,970 |
1756	1	$29,570 |
1757	1	$24,695 |
1758	1	$27,895 |
1759	1	$30,695 |
1760	1	$24,695 |
1761	1	$27,895 |
1762	1	$30,295 |
1763	1	$14,145 |
1764	1	$17,845 |
1765	1	$16,895 |
1766	1	$19,195 |
1767	1	$24,145 |
1768	1	$27,045 |
1769	1	$18,700 |
1770	1	$22,050 |
1771	1	$24,550 |
1772	1	$17,195 |
1773	1	$20,295 |
1774	1	$17,195 |
1775	1	$19,795 |
1776	1	$19,745 |
1777	1	$24,695 |
1778	1	$21,845 |
1779	1	$19,995 |
1780	1	$24,345 |
1781	1	N/A |
1782	1	N/A |
1783	1	$30,045 |
1784	1	$35,895 |
1785	1	$30,045 |
1786	1	$35,895 |
1787	1	$43,000 |
1788	1	$26,500 |
1789	1	$25,500 |
1790	1	$39,500 |
1791	1	$26,750 |
1792	1	$30,000 |
1793	1	$42,770 |
1794	1	$33,515 |
1795	1	$26,650 |
1796	1	$23,250 |
1797	1	$27,250 |
1798	1	$27,065 |
1799	1	$23,195 |
1800	1	$27,860 |
1801	1	$25,075 |
1802	1	$20,410 |
1803	1	$23,895 |
1804	1	$17,695 |
1805	1	$24,490 |
1806	1	$19,485 |
1807	1	$32,215 |
1808	1	$41,910 |
1809	1	$39,215 |
1810	1	$32,620 |
1811	1	$43,265 |
1812	1	$39,360 |
1813	1	$29,245 |
1814	1	$32,745 |
1815	1	$27,245 |
1816	1	$29,945 |
1817	1	$22,045 |
1818	1	$25,545 |
1819	1	$28,715 |
1820	1	$31,990 |
1821	1	$26,195 |
1822	1	$28,845 |
1823	1	$21,105 |
1824	1	$24,525 |
1825	1	$14,275 |
1826	1	$26,225 |
1827	1	$30,375 |
1828	1	$24,275 |
1829	1	$29,485 |
1830	1	$16,980 |
1831	1	$20,280 |
1832	1	$26,815 |
1833	1	$31,415 |
1834	1	$21,275 |
1835	1	$20,275 |
1836	1	$20,875 |
1837	1	$28,250 |
1838	1	$37,610 |
1839	1	$31,755 |
1840	1	$34,200 |
1841	1	$40,350 |
1842	1	$29,150 |
1843	1	$36,050 |
1844	1	$34,000 |
1845	1	$40,150 |
1846	1	$29,000 |
1847	1	$35,850 |
1848	1	$67,050 |
1849	1	$55,400 |
1850	1	$58,400 |
1851	1	$66,500 |
1852	1	$54,850 |
1853	1	$57,850 |
1854	1	$45,000 |
1855	1	$51,200 |
1856	1	$36,200 |
1857	1	$42,650 |
1858	1	$33,150 |
1859	1	$40,600 |
1860	1	$35,700 |
1861	1	$44,550 |
1862	1	$38,100 |
1863	1	$42,600 |
1864	1	$35,150 |
1865	1	$58,200 |
1866	1	$37,700 |
1867	1	$49,650 |
1868	1	$43,950 |
1869	1	$44,550 |
1870	1	$43,900 |
1871	1	$35,750 |
1872	1	$50,700 |
1873	1	$32,850 |
1874	1	$42,200 |
1875	1	$35,400 |
1876	1	$40,300 |
1877	1	$37,650 |
1878	1	$44,100 |
1879	1	$34,850 |
1880	1	$42,300 |
1881	1	$37,400 |
1882	1	$85,500 |
1883	1	$44,550 |
1884	1	$63,900 |
1885	1	$56,000 |
1886	1	$59,700 |
1887	1	$49,600 |
1888	1	$66,200 |
1889	1	$58,300 |
1890	1	$62,000 |
1891	1	$51,900 |
1892	1	$45,950 |
1893	1	$53,550 |
1894	1	$48,250 |
1895	1	$55,950 |
1896	1	$56,000 |
1897	1	$63,900 |
1898	1	$51,250 |
1899	1	$60,600 |
1900	1	$107,900 |
1901	1	$102,100 |
1902	1	$85,300 |
1903	1	$78,200 |
1904	1	$36,750 |
1905	1	$41,050 |
1906	1	$38,750 |
1907	1	$70,150 |
1908	1	$88,900 |
1909	1	$74,550 |
1910	1	$137,000 |
1911	1	$82,000 |
1912	1	$122,000 |
1913	1	$85,000 |
1914	1	$125,000 |
1915	1	$85,900 |
1916	1	$80,455 |
1917	1	$87,355 |
1918	1	$83,455 |
1919	1	$136,600 |
1920	1	$84,355 |
1921	1	$85,500 |
1922	1	$45,800 |
1923	1	$51,300 |
1924	1	$58,400 |
1925	1	$51,200 |
1926	1	$47,500 |
1927	1	$56,200 |
1928	1	$85,400 |
1929	1	$102,300 |
1930	1	$106,200 |
1931	1	$89,200 |
1932	1	$67,700 |
1933	1	$57,000 |
1934	1	$89,000 |
1935	1	$67,200 |
1936	1	$56,500 |
1937	1	$88,900 |
1938	1	$88,900 |
1939	1	$46,000 |
1940	1	$61,050 |
1941	1	$51,900 |
1942	1	$45,750 |
1943	1	$51,650 |
1944	1	$16,795 |
1945	1	$18,195 |
1946	1	$14,695 |
1947	1	$29,195 |
1948	1	$24,595 |
1949	1	$22,195 |
1950	1	$24,195 |
1951	1	$28,695 |
1952	1	$17,595 |
1953	1	$18,695 |
1954	1	$19,995 |
1955	1	$24,095 |
1956	1	$26,495 |
1957	1	$33,895 |
1958	1	$21,995 |
1959	1	$21,795 |
1960	1	$19,195 |
1961	1	$13,300 |
1962	1	$16,495 |
1963	1	$18,495 |
1964	1	$18,495 |
1965	1	$13,300 |
1966	1	$16,195 |
1967	1	$17,195 |
1968	1	$18,195 |
1969	1	$12,295 |
1970	1	$16,095 |
1971	1	$14,995 |
1972	1	$11,695 |
1973	1	$15,795 |
1974	1	$14,695 |
1975	1	$18,295 |
1976	1	$20,295 |
1977	1	$23,295 |
1978	1	$21,995 |
1979	1	$20,995 |
1980	1	$15,095 |
1981	1	$16,395 |
1982	1	$14,795 |
1983	1	$16,095 |
1984	1	$95,100 |
1985	1	$88,800 |
1986	1	$84,100 |
1987	1	$112,200 |
1988	1	$106,100 |
1989	1	$92,100 |
1990	1	$95,100 |
1991	1	$103,100 |
1992	1	$88,800 |
1993	1	$143,800 |
1994	1	$77,800 |
1995	1	$132,800 |
1996	1	$99,800 |
1997	1	$51,400 |
1998	1	$61,500 |
