auto	autobytel	price
2000	1994	1994	1615
0000	1	$ 15,900
0001	1	$ 15,100
0002	1	$ 17,710
0003	1	$ 15,700
0004	1	$ 17,260
0005	1	$ 16,410
0006	1	$ 18,260
0007	1	$ 23,100
0008	1	$ 19,800
0009	1	$ 34,450
0010	1	$ 36,450
0011	1	$ 27,800
0012	1	$ 31,505
0013	1	$ 35,005
0014	1	$ 26,805
0015	1	$ 40,755
0016	1	$ 37,195
0017	1	$ 37,595
0018	1	$ 35,995
0019	1	$ 28,045
0020	1	$ 32,345
0021	1	$ 30,745
0022	1	$ 35,445
0023	1	$ 33,845
0024	1	$ 27,895
0025	1	$ 38,645
0026	1	$ 38,645
0027	1	$ 34,480
0028	1	$ 31,605
0029	1	$ 28,450
0030	1	$ 36,780
0031	1	$ 31,555
0032	1	$ 13,695
0033	1	$ 12,695
0034	1	$ 16,145
0035	1	$ 15,345
0036	1	$ 12,995
0037	1	$ 11,995
0038	1	$ 25,495
0039	1	$ 29,570
0040	1	$ 14,830
0041	1	$ 19,980
0042	1	$ 14,145
0043	1	$ 17,845
0044	1	$ 17,195
0045	1	$ 19,495
0046	1	$ 15,995
0047	1	$ 18,995
0048	1	$ 43,000
0049	1	$ 33,000
0050	1	$ 23,500
0051	1	$ 24,500
0052	1	$ 29,750
0053	1	$ 23,250
0054	1	$ 24,250
0055	1	$ 23,750
0056	1	$ 28,500
0057	1	$ 32,000
0058	1	$ 22,995
0059	1	$ 21,695
0060	1	$ 24,695
0061	1	$ 28,995
0062	1	$ 27,895
0063	1	$ 22,995
0064	1	$ 28,595
0065	1	$ 20,195
0066	1	$ 27,045
0067	1	$ 27,045
0068	1	$ 25,295
0069	1	$ 25,295
0070	1	$ 22,595
0071	1	$ 19,900
0072	1	$ 18,700
0073	1	$ 24,550
0074	1	$ 26,550
0075	1	$ 24,550
0076	1	$ 19,745
0077	1	$ 18,745
0078	1	$ 21,845
0079	1	$ 24,695
0080	1	$ 26,195
0081	1	$ 26,195
0082	1	$ 19,995
0083	1	$ 18,995
0084	1	$ 21,495
0085	1	$ 19,995
0086	1	$ 25,845
0087	1	$ 30,045
0088	1	$ 34,195
0089	1	$ 35,550
0090	1	$ 37,750
0091	1	$ 43,050
0092	1	$ 42,850
0093	1	$ 44,300
0094	1	$ 36,200
0095	0	<NULL>
0096	1	$ 37,650
0097	1	$ 43,400
0098	1	$ 39,450
0099	1	$ 39,200
0100	1	$ 54,900
0101	1	$ 50,550
0102	1	$ 43,350
0103	1	$ 33,250
0104	1	$ 46,950
0105	1	$ 40,400
0106	1	$ 36,650
0107	1	$ 43,550
0108	1	$ 57,200
0109	1	$ 56,700
0110	1	$ 59,800
0111	1	$ 56,500
0112	1	$ 56,150
0113	1	$ 67,150
0114	1	$110,200
0115	1	$ 90,700
0116	1	$ 86,650
0117	1	$111,150
0118	1	$ 71,650
0119	1	$114,150
0120	1	$ 89,000
0121	1	$ 96,125
0122	1	$102,125
0123	1	$104,625
0124	1	$ 88,150
0125	1	$101,150
0126	1	$ 95,150
0127	1	$ 42,830
0128	1	$ 31,575
0129	1	$ 33,575
0130	1	$ 25,780
0131	1	$ 23,995
0132	1	$ 16,065
0133	1	$ 23,385
0134	1	$ 15,365
0135	1	$ 18,720
0136	1	$ 32,215
0137	1	$ 38,410
0138	1	$ 41,910
0139	1	$ 30,710
0140	1	$ 32,680
0141	1	$ 37,480
0142	1	$ 39,420
0143	1	$ 43,325
0144	1	$ 24,865
0145	1	$ 23,255
0146	1	$ 24,865
0147	1	$ 23,895
0148	1	$ 22,195
0149	1	$ 17,695
0150	1	$ 24,550
0151	1	$ 15,365
0152	1	$ 17,795
0153	1	$ 29,245
0154	1	$ 27,245
0155	1	$ 22,045
0156	1	$ 21,165
0157	1	$ 32,745
0158	1	$ 29,945
0159	1	$ 25,545
0160	1	$ 28,905
0161	1	$ 23,410
0162	1	$ 24,585
0163	1	$ 27,930
0164	1	$ 17,395
0165	1	$ 15,995
0166	1	$ 14,995
0167	1	$ 18,895
0168	1	$ 16,995
0169	1	$ 15,995
0170	1	$ 17,595
0171	1	$ 14,695
0172	1	$ 13,695
0173	1	$ 18,495
0174	1	$ 17,995
0175	1	$ 19,395
0176	1	$ 18,395
0177	1	$ 18,695
0178	1	$ 22,495
0179	1	$ 20,495
0180	1	$ 20,995
0181	1	$ 21,995
0182	1	$ 19,195
0183	1	$ 21,795
0184	1	$ 22,795
0185	1	$ 16,095
0186	1	$ 11,695
0187	1	$ 14,695
0188	1	$ 13,795
0189	1	$ 14,895
0190	1	$ 13,895
0191	1	$ 15,195
0192	1	$ 29,195
0193	1	$ 22,195
0194	1	$ 28,695
0195	1	$ 20,995
0196	1	$ 27,395
0197	1	$ 22,595
0198	1	$ 25,395
0199	1	$ 16,495
0200	1	$ 13,300
0201	1	$ 17,195
0202	1	$ 16,195
0203	1	$ 15,195
0204	1	$ 13,300
0205	1	$ 18,195
0206	1	$ 17,195
0207	1	$ 23,295
0208	1	$ 20,295
0209	1	$ 21,795
0210	1	$ 23,495
0211	1	$ 20,495
0212	1	$ 20,995
0213	1	$225,400
0214	1	$237,600
0215	1	$198,000
0216	1	$219,800
0217	1	$450,000
0218	1	$ 30,250
0219	1	$ 27,270
0220	1	$ 30,850
0221	1	$ 27,270
0222	1	$ 28,750
0223	1	$ 32,850
0224	1	$ 31,950
0225	1	$ 35,940
0226	1	$ 32,350
0227	1	$ 35,350
0228	1	$ 33,550
0229	1	$ 36,500
0230	1	$ 42,000
0231	1	$ 37,200
0232	1	$ 44,000
0233	1	$ 44,100
0234	1	$ 50,200
0235	1	$ 45,200
0236	1	$ 78,050
0237	1	$ 35,200
0238	1	$ 42,500
0239	1	$ 37,350
0240	1	$ 45,700
0241	1	$ 50,900
0242	1	$ 46,900
0243	1	$127,700
0244	1	$123,300
0245	1	$136,800
0246	1	$147,500
0247	1	$170,100
0248	1	$123,300
0249	1	$155,100
0250	1	$146,000
0251	1	$ 48,000
0252	1	$ 45,900
0253	1	$ 47,300
0254	1	$ 53,100
0255	1	$ 58,450
0256	1	$ 58,250
0257	1	$ 38,300
0258	1	$ 37,800
0259	1	$ 40,800
0260	1	$ 47,000
0261	1	$ 50,000
0262	1	$ 35,700
0263	1	$ 35,500
0264	1	$ 47,650
0265	1	$ 47,250
0266	1	$ 95,465
0267	1	$ 78,425
0268	1	$ 94,275
0269	1	$ 73,345
0270	1	$ 35,525
0271	1	$ 35,175
0272	1	$ 47,950
0273	1	$ 54,470
0274	1	$ 54,070
0275	1	$ 52,345
0276	1	$ 35,100
0277	1	$ 37,870
0278	1	$ 34,650
0279	1	$ 37,420
0280	1	$ 33,315
0281	1	$ 32,145
0282	1	$ 33,315
0283	1	$ 32,145
0284	1	$ 35,775
0285	1	$ 39,890
0286	1	$ 40,610
0287	1	$ 41,030
0288	1	$ 38,570
0289	1	$ 37,595
0290	1	$ 44,890
0291	1	$ 59,010
0292	1	$ 67,685
0293	1	$ 73,230
0294	1	$ 70,925
0295	1	$ 68,905
0296	1	$ 74,450
0297	1	$ 70,925
0298	1	$108,800
0299	1	$ 76,905
0300	1	$ 39,375
0301	1	$ 37,975
0302	1	$ 39,025
0303	1	$ 37,625
0304	1	$ 44,825
0305	1	$ 43,235
0306	1	$ 42,685
0307	1	$ 43,160
0308	1	$ 41,270
0309	1	$ 44,200
0310	1	$ 49,200
0311	1	$ 40,995
0312	1	$ 39,145
0313	1	$ 40,695
0314	1	$ 34,330
0315	1	$ 36,115
0316	1	$ 34,225
0317	1	$ 57,155
0318	1	$ 60,055
0319	1	$ 59,320
0320	1	$ 52,595
0321	1	$ 52,595
0322	1	$ 54,990
0323	1	$135,800
0324	1	$122,000
0325	1	$126,250
0326	1	$134,200
0327	1	$405,500
0328	1	$455,500
0329	1	$456,500
0330	1	$506,500
0331	1	$ 22,795
0332	1	$ 31,640
0333	1	$ 33,035
0334	1	$ 22,490
0335	1	$ 34,535
0336	1	$ 33,145
0337	1	$ 29,135
0338	1	$ 32,445
0339	1	$ 31,055
0340	1	$ 34,215
0341	1	$ 32,815
0342	1	$ 30,205
0343	1	$ 32,125
0344	1	$ 30,725
0345	1	$ 14,980
0346	1	$ 16,435
0347	1	$ 23,810
0348	1	$ 23,010
0349	1	$ 16,705
0350	1	$ 20,045
0351	1	$ 16,255
0352	1	$ 15,345
0353	1	$ 18,775
0354	1	$ 20,485
0355	1	$ 19,685
0356	1	$ 20,195
0357	1	$ 19,195
0358	1	$ 21,195
0359	1	$ 23,240
0360	1	$ 19,670
0361	1	$ 18,510
0362	1	$ 21,485
0363	1	$ 26,820
0364	1	$ 22,635
0365	1	$ 24,240
0366	1	$ 29,320
0367	1	$ 26,085
0368	1	$ 20,470
0369	1	$ 19,470
0370	1	$ 23,900
0371	1	$ 28,540
0372	1	$ 26,600
0373	1	$ 23,700
0374	1	$ 23,340
0375	1	$ 29,650
0376	1	$ 28,550
0377	1	$ 28,250
0378	1	$ 27,660
0379	1	$ 26,560
0380	1	$ 25,220
0381	1	$ 25,300
0382	1	$ 32,260
0383	1	$ 32,290
0384	1	$ 26,795
0385	1	$ 32,110
0386	1	$ 32,140
0387	1	$ 26,645
0388	1	$ 22,595
0389	1	$ 20,555
0390	1	$ 25,495
0391	1	$ 27,315
0392	1	$ 22,445
0393	1	$ 24,200
0394	1	$ 23,590
0395	1	$ 25,345
0396	1	$ 27,165
0397	1	$ 29,175
0398	1	$ 33,445
0399	1	$ 39,990
0400	1	$ 58,200
0401	1	$ 37,900
0402	1	$ 35,900
0403	1	$ 37,490
0404	1	$ 33,990
0405	1	$ 39,750
0406	1	$ 57,350
0407	1	$ 35,300
0408	1	$ 37,100
0409	1	$ 33,600
0410	1	$157,000
0411	1	$209,300
0412	1	$110,400
0413	1	$207,170
0414	1	$ 72,400
0415	1	$ 97,950
0416	1	$ 51,900
0417	1	$ 49,400
0418	1	$ 59,600
0419	1	$ 64,800
0420	1	$ 55,450
0421	1	$ 54,650
0422	1	$124,450
0423	1	$122,700
0424	1	$104,000
0425	1	$ 84,450
0426	1	$ 36,600
0427	1	$ 46,490
0428	1	$ 48,990
0429	1	$ 55,790
0430	1	$ 57,590
0431	1	$ 92,590
0432	1	$ 45,700
0433	1	$ 48,200
0434	1	$ 55,000
0435	1	$ 50,240
0436	1	$ 51,740
0437	1	$ 96,650
0438	1	$ 93,650
0439	1	$158,050
0440	1	$137,000
0441	1	$ 87,950
0442	1	$ 94,600
0443	1	$ 91,600
0444	1	$149,700
0445	1	$133,550
0446	1	$201,150
0447	1	$102,600
0448	1	$139,050
0449	1	$ 46,900
0450	1	$ 51,900
0451	1	$ 66,650
0452	1	$ 42,290
0453	1	$ 37,295
0454	1	$ 35,995
0455	1	$ 38,210
0456	1	$ 41,980
0457	1	$ 44,550
0458	1	$ 29,810
0459	1	$ 25,315
0460	1	$ 23,565
0461	1	$ 25,635
0462	1	$ 27,380
0463	1	$ 31,855
0464	1	$ 30,105
0465	1	$ 22,025
0466	1	$ 21,860
0467	1	$ 25,000
0468	1	$ 28,180
0469	1	$ 31,800
0470	1	$ 34,860
0471	1	$ 37,180
0472	1	$ 24,250
0473	1	$ 18,800
0474	1	$ 21,100
0475	1	$ 27,850
0476	1	$ 23,000
0477	1	$ 22,300
0478	1	$ 24,800
0479	1	$ 29,100
0480	1	$ 28,800
0481	1	$ 31,000
0482	1	$177,600
0483	1	$202,500
0484	1	$182,800
0485	1	$207,700
0486	1	$201,500
0487	1	$231,400
0488	1	$267,000
0489	1	$ 18,999
0490	1	$ 24,699
0491	1	$ 20,699
0492	1	$ 24,699
0493	1	$ 27,999
0494	1	$ 32,599
0495	1	$ 27,799
0496	1	$ 32,599
0497	1	$ 33,599
0498	1	$ 28,299
0499	1	$ 32,099
0500	1	$ 27,999
0501	1	$ 21,599
0502	1	$ 21,599
0503	1	$ 23,999
0504	1	$ 15,195
0505	1	$ 19,495
0506	1	$ 14,790
0507	1	$ 16,990
0508	1	$ 37,195
0509	1	$ 40,990
0510	1	$ 35,790
0511	1	$ 16,995
0512	1	$ 21,995
0513	1	$ 27,795
0514	1	$ 24,495
0515	1	$ 22,240
0516	1	$ 23,940
0517	1	$ 22,540
0518	1	$ 22,995
0519	1	$ 18,495
0520	1	$ 21,695
0521	1	$ 31,710
0522	1	$ 38,620
0523	1	$ 37,320
0524	1	$ 40,870
0525	1	$ 23,440
0526	1	$ 22,940
0527	1	$ 22,060
0528	1	$ 19,900
0529	1	$ 30,100
0530	1	$ 24,740
0531	1	$ 23,440
0532	1	$ 22,940
0533	1	$ 21,840
0534	1	$ 19,900
0535	1	$ 27,770
0536	1	$ 30,100
0537	1	$ 24,520
0538	1	$ 26,780
0539	1	$ 50,090
0540	1	$ 37,910
0541	1	$ 20,440
0542	1	$ 16,350
0543	1	$ 15,350
0544	1	$ 17,450
0545	1	$ 20,440
0546	1	$ 26,170
0547	1	$ 28,870
0548	1	$ 28,560
0549	1	$ 17,750
0550	1	$ 21,760
0551	1	$ 24,460
0552	1	$ 28,430
0553	1	$ 28,930
0554	1	$ 31,630
0555	1	$ 22,570
0556	1	$ 22,770
0557	1	$ 21,520
0558	1	$ 26,940
0559	1	$ 21,980
0560	1	$ 27,120
0561	1	$ 26,620
0562	1	$ 24,920
0563	1	$ 29,820
0564	1	$ 29,270
0565	1	$ 25,010
0566	1	$ 29,060
0567	1	$ 27,710
0568	1	$ 26,660
0569	1	$ 24,140
0570	1	$ 26,840
0571	1	$ 24,190
0572	1	$ 25,790
0573	1	$ 23,140
0574	1	$ 19,640
0575	1	$ 18,590
0576	1	$ 17,540
0577	1	$ 80,790
0578	1	$ 83,040
0579	1	$ 20,460
0580	1	$ 20,260
0581	1	$ 30,100
0582	1	$ 28,500
0583	1	$ 31,910
0584	1	$ 38,710
0585	1	$ 37,110
0586	1	$ 29,940
0587	1	$ 28,340
0588	1	$ 30,460
0589	1	$ 37,470
0590	1	$ 39,670
0591	1	$ 42,600
0592	1	$ 27,840
0593	1	$ 35,490
0594	1	$ 39,250
0595	1	$ 42,300
0596	1	$ 27,540
0597	1	$ 35,650
0598	1	$ 30,550
0599	1	$ 24,470
0600	1	$ 21,710
0601	1	$ 25,310
0602	1	$ 22,050
0603	1	$ 16,700
0604	1	$ 17,450
0605	1	$ 19,580
0606	1	$ 15,420
0607	1	$ 17,160
0608	1	$ 17,160
0609	1	$ 20,080
0610	1	$ 34,550
0611	1	$ 29,670
0612	1	$ 31,020
0613	1	$ 33,870
0614	1	$ 31,190
0615	1	$ 36,640
0616	1	$ 39,340
0617	1	$ 36,470
0618	1	$ 34,270
0619	1	$ 30,740
0620	1	$ 28,540
0621	1	$ 33,590
0622	1	$ 31,390
0623	1	$ 29,090
0624	1	$ 26,540
0625	1	$ 29,390
0626	1	$ 9,990
0627	1	$ 14,520
0628	1	$ 14,570
0629	1	$ 13,520
0630	1	$ 16,470
0631	1	$ 16,900
0632	1	$ 11,090
0633	1	$ 9,990
0634	1	$ 14,400
0635	1	$ 16,350
0636	1	$ 30,100
0637	1	$ 25,840
0638	1	$ 23,850
0639	1	$ 25,720
0640	1	$ 27,770
0641	1	$ 28,650
0642	1	$ 25,600
0643	1	$ 90,500
0644	1	$135,500
0645	1	$115,700
0646	1	$ 92,100
0647	1	$146,800
0648	1	$ 95,100
0649	1	$ 84,100
0650	1	$ 77,800
0651	1	$ 88,800
0652	1	$ 92,100
0653	1	$ 47,600
0654	1	$ 47,600
0655	1	$ 49,700
0656	1	$104,800
0657	1	$ 60,700
0658	1	$ 70,800
0659	1	$ 61,500
0660	1	$ 51,400
0661	1	$ 61,500
0662	1	$ 74,400
0663	1	$ 89,800
0664	1	$ 93,800
0665	1	$ 89,800
0666	1	$450,000
0667	1	$ 45,080
0668	1	$ 37,020
0669	1	$ 39,990
0670	1	$ 28,900
0671	1	$ 30,330
0672	1	$ 38,115
0673	1	$ 45,080
0674	1	$ 35,340
0675	1	$ 39,990
0676	1	$ 28,900
0677	1	$ 36,975
0678	1	$ 49,565
0679	1	$ 48,030
0680	1	$ 49,165
0681	1	$ 19,275
0682	1	$ 17,100
0683	1	$ 17,900
0684	1	$ 19,420
0685	1	$ 16,000
0686	1	$ 16,950
0687	1	$ 15,850
0688	1	$ 19,270
0689	1	$ 18,320
0690	1	$ 17,705
0691	1	$ 16,905
0692	1	$ 20,990
0693	1	$ 16,990
0694	1	$ 11,990
0695	1	$ 26,995
0696	1	$ 29,995
0697	1	$ 25,995
0698	1	$ 22,795
0699	1	$ 28,495
0700	1	$ 26,495
0701	1	$ 18,995
0702	1	$ 18,495
0703	1	$ 17,995
0704	1	$ 19,995
0705	1	$ 18,995
0706	1	$ 27,495
0707	1	$ 18,995
0708	1	$ 18,495
0709	1	$ 19,495
0710	1	$ 28,995
0711	1	$ 27,995
0712	1	$ 20,995
0713	1	$ 19,995
0714	1	$ 19,995
0715	1	$ 35,995
0716	1	$ 31,395
0717	1	$ 20,995
0718	1	$ 19,995
0719	1	$ 25,295
0720	1	$ 21,995
0721	1	$ 25,995
0722	1	$ 27,995
0723	1	$ 24,995
0724	1	$ 25,495
0725	1	$ 24,495
0726	1	$ 29,195
0727	1	$ 22,995
0728	1	$ 30,995
0729	1	$ 32,495
0730	1	$ 35,795
0731	1	$ 32,495
0732	1	$ 30,495
0733	1	$ 25,079
0734	1	$ 28,079
0735	1	$ 25,779
0736	1	$ 17,595
0737	1	$ 27,825
0738	1	$ 25,645
0739	1	$ 17,520
0740	1	$ 22,075
0741	1	$ 22,799
0742	1	$ 19,099
0743	1	$ 24,149
0744	1	$ 25,799
0745	1	$ 25,549
0746	1	$ 27,199
0747	1	$ 20,749
0748	1	$ 22,199
0749	1	$ 23,199
0750	1	$ 25,699
0751	1	$ 18,999
0752	1	$ 23,249
0753	1	$ 25,799
0754	1	$ 23,999
0755	1	$ 22,899
0756	1	$ 25,349
0757	1	$ 23,699
0758	1	$ 24,999
0759	1	$ 20,599
0760	1	$ 21,899
0761	1	$ 22,899
0762	1	$ 25,599
0763	1	$ 24,499
0764	1	$ 26,899
0765	1	$ 17,699
0766	1	$ 16,499
0767	1	$ 16,999
0768	1	$ 18,499
0769	1	$ 18,899
0770	1	$ 16,379
0771	1	$ 17,749
0772	1	$ 13,499
0773	1	$ 18,149
0774	1	$ 19,249
0775	1	$ 16,999
0776	1	$ 17,999
0777	1	$ 16,999
0778	1	$ 16,899
0779	1	$ 14,999
0780	1	$ 16,199
0781	1	$ 18,749
0782	1	$ 19,999
0783	1	$ 34,500
0784	1	$ 29,450
0785	1	$ 34,500
0786	1	$ 29,450
0787	1	$ 34,200
0788	1	$ 34,200
0789	1	$ 36,350
0790	1	$ 36,050
0791	1	$ 35,650
0792	1	$ 45,500
0793	1	$ 36,200
0794	1	$ 38,600
0795	1	$ 35,650
0796	1	$ 45,500
0797	1	$ 37,700
0798	1	$ 33,150
0799	1	$ 38,100
0800	1	$ 35,150
0801	1	$ 45,000
0802	1	$ 33,150
0803	1	$ 45,050
0804	1	$ 43,100
0805	1	$ 51,700
0806	1	$ 58,700
0807	1	$ 41,100
0808	1	$ 44,550
0809	1	$ 42,600
0810	1	$ 51,200
0811	1	$ 42,650
0812	1	$ 40,600
0813	1	$ 44,150
0814	1	$ 43,950
0815	1	$ 44,550
0816	1	$ 48,250
0817	1	$ 51,900
0818	1	$ 49,600
0819	1	$ 53,550
0820	1	$ 55,950
0821	1	$ 51,250
0822	1	$ 56,000
0823	1	$ 59,700
0824	1	$ 60,600
0825	1	$ 66,200
0826	1	$ 66,200
0827	1	$ 63,900
0828	1	$ 85,550
0829	1	$ 78,450
0830	1	$ 70,650
0831	1	$ 75,050
0832	1	$ 85,500
0833	1	$ 86,400
0834	1	$ 85,000
0835	1	$ 82,000
0836	1	$137,000
0837	1	$102,300
0838	1	$ 88,900
0839	1	$125,000
0840	1	$128,900
0841	1	$125,900
0842	1	$ 67,050
0843	1	$108,150
0844	1	$ 38,850
0845	1	$ 46,300
0846	1	$ 54,600
0847	1	$ 58,900
0848	1	$ 51,300
0849	1	$ 67,700
0850	1	$ 56,500
0851	1	$ 67,200
0852	1	$ 89,000
0853	1	$ 46,500
0854	1	$ 46,000
0855	1	$ 51,900
0856	1	$ 37,650
0857	1	$ 29,525
0858	1	$ 31,265
0859	1	$ 35,805
0860	1	$ 37,765
0861	1	$ 35,700
0862	1	$ 27,945
0863	1	$ 19,720
0864	1	$ 22,225
0865	1	$ 24,890
0866	1	$ 23,490
0867	1	$ 26,165
0868	1	$ 26,250
0869	1	$ 29,370
0870	1	$ 23,165
0871	1	$ 22,165
0872	1	$ 25,925
0873	1	$ 29,045
0874	1	$ 26,150
0875	1	$ 15,450
0876	1	$ 16,520
0877	1	$ 16,850
0878	1	$ 17,350
0879	1	$ 17,750
0880	1	$ 20,150
0881	1	$ 18,960
0882	1	$ 26,880
0883	1	$ 25,290
0884	1	$ 25,770
0885	1	$ 25,360
0886	1	$ 24,180
0887	1	$ 27,390
0888	1	$ 28,545
0889	1	$ 36,345
0890	1	$ 33,150
0891	1	$ 25,855
0892	1	$ 27,750
0893	1	$ 34,670
0894	1	$ 42,945
0895	1	$ 34,900
0896	1	$ 41,220
0897	1	$ 17,510
0898	1	$ 17,510
0899	1	$ 23,050
0900	1	$ 24,050
0901	1	$ 22,800
0902	1	$ 23,800
0903	1	$ 26,600
0904	1	$ 23,325
0905	1	$ 26,305
0906	1	$ 28,235
0907	1	$ 25,025
0908	1	$ 23,625
0909	1	$ 25,555
0910	1	$ 21,675
0911	1	$ 25,110
0912	1	$ 26,055
0913	1	$ 24,665
0914	1	$ 27,985
0915	1	$ 24,775
0916	1	$ 25,305
0917	1	$ 52,915
0918	1	$ 59,955
0919	1	$ 39,580
0920	1	$ 42,805
0921	1	$ 40,205
0922	1	$ 43,430
0923	1	$ 52,365
0924	1	$ 52,365
0925	1	$ 56,180
0926	1	$ 39,030
0927	1	$ 42,255
0928	1	$ 39,655
0929	1	$ 24,460
0930	1	$ 25,700
0931	1	$ 31,330
0932	1	$ 25,545
0933	1	$ 35,335
0934	1	$ 29,100
0935	1	$ 38,700
0936	1	$ 34,715
0937	1	$ 24,690
0938	1	$ 26,215
0939	1	$ 35,665
0940	1	$ 32,485
0941	1	$ 17,265
0942	1	$ 24,390
0943	1	$ 21,350
0944	1	$ 27,025
0945	1	$ 16,365
0946	1	$ 26,145
0947	1	$ 24,450
0948	1	$ 27,525
0949	1	$ 21,865
0950	1	$ 19,655
0951	1	$ 22,515
0952	1	$ 25,925
0953	1	$ 25,045
0954	1	$ 25,735
0955	1	$ 26,750
0956	1	$ 23,215
0957	1	$ 25,870
0958	1	$ 24,175
0959	1	$ 23,675
0960	1	$ 27,250
0961	1	$ 20,140
0962	1	$ 16,230
0963	1	$ 21,595
0964	1	$ 24,770
0965	1	$ 25,460
0966	1	$ 28,655
0967	1	$ 31,705
0968	1	$ 29,130
0969	1	$ 29,460
0970	1	$ 29,470
0971	1	$ 26,420
0972	1	$ 30,490
0973	1	$ 33,540
0974	1	$ 27,665
0975	1	$ 33,540
0976	1	$ 26,275
0977	1	$ 39,920
0978	1	$ 36,860
0979	1	$ 39,920
0980	1	$ 31,705
0981	1	$ 29,460
0982	1	$ 27,705
0983	1	$ 28,035
0984	1	$ 24,655
0985	1	$ 24,985
0986	1	$ 28,230
0987	1	$ 28,705
0988	1	$ 31,280
0989	1	$ 28,705
0990	1	$ 28,765
0991	1	$ 31,815
0992	1	$ 30,290
0993	1	$ 27,240
0994	1	$ 33,115
0995	1	$ 35,570
0996	1	$ 42,455
0997	1	$ 42,455
0998	1	$ 39,920
0999	1	$ 23,785
1000	1	$ 27,925
1001	1	$ 26,475
1002	1	$ 29,550
1003	1	$ 14,415
1004	1	$ 12,855
1005	1	$ 13,155
1006	1	$ 13,615
1007	1	$ 13,705
1008	1	$ 14,165
1009	1	$ 12,605
1010	1	$ 31,420
1011	1	$ 34,665
1012	1	$ 31,420
1013	1	$ 30,460
1014	1	$ 31,560
1015	1	$ 29,615
1016	1	$ 28,515
1017	1	$ 31,175
1018	1	$ 34,375
1019	1	$ 30,120
1020	1	$ 31,220
1021	1	$ 29,300
1022	1	$ 28,200
1023	1	$ 29,300
1024	1	$ 33,080
1025	1	$ 33,080
1026	1	$ 27,760
1027	1	$ 33,995
1028	1	$ 37,250
1029	1	$ 36,100
1030	1	$ 33,490
1031	1	$ 32,390
1032	1	$ 33,490
1033	1	$ 35,950
1034	1	$ 19,065
1035	1	$ 17,965
1036	1	$ 23,910
1037	1	$ 22,810
1038	1	$ 18,720
1039	1	$ 17,620
1040	1	$ 19,335
1041	1	$ 19,335
1042	1	$ 23,255
1043	1	$ 23,860
1044	1	$ 22,155
1045	1	$ 22,760
1046	1	$ 24,790
1047	1	$ 23,690
1048	1	$ 30,705
1049	1	$ 29,605
1050	1	$ 29,005
1051	1	$ 29,605
1052	1	$ 24,790
1053	1	$ 23,690
1054	1	$ 27,140
1055	1	$ 25,440
1056	1	$ 28,575
1057	1	$ 26,875
1058	1	$ 27,975
1059	1	$ 27,140
1060	1	$ 25,440
1061	1	$ 26,040
1062	1	$ 23,465
1063	1	$ 24,070
1064	1	$ 16,095
1065	1	$ 14,995
1066	1	$ 22,995
1067	1	$ 25,295
1068	1	$ 24,195
1069	1	$ 18,195
1070	1	$ 20,795
1071	1	$ 21,895
1072	1	$ 20,795
1073	1	$ 20,645
1074	1	$ 19,545
1075	1	$ 19,545
1076	1	$ 19,295
1077	1	$ 18,195
1078	1	$ 22,495
1079	1	$ 21,395
1080	1	$ 23,395
1081	1	$ 22,295
1082	1	$ 23,395
1083	1	$ 22,995
1084	1	$ 24,095
1085	1	$ 22,995
1086	1	$ 20,925
1087	1	$ 19,825
1088	1	$ 19,825
1089	1	$ 23,455
1090	1	$ 24,730
1091	1	$ 19,395
1092	1	$ 18,295
1093	1	$ 18,295
1094	1	$ 19,510
1095	1	$ 23,240
1096	1	$ 23,240
1097	1	$ 23,930
1098	1	$ 25,715
1099	1	$ 22,830
1100	1	$ 26,090
1101	1	$ 24,990
1102	1	$ 23,265
1103	1	$ 22,165
1104	1	$ 19,790
1105	1	$ 18,690
1106	1	$ 27,390
1107	1	$ 20,390
1108	1	$ 18,690
1109	1	$ 26,390
1110	1	$ 27,195
1111	1	$ 28,755
1112	1	$ 27,195
1113	1	$ 28,755
1114	1	$ 25,900
1115	1	$ 33,600
1116	1	$ 42,500
1117	1	$ 42,500
1118	1	$ 36,600
1119	1	$ 38,600
1120	1	$ 38,600
1121	0	<NULL>
1122	0	<NULL>
1123	0	<NULL>
1124	0	<NULL>
1125	1	$ 24,585
1126	1	$ 23,485
1127	1	$ 37,050
1128	1	$ 24,300
1129	1	$ 27,750
1130	1	$ 57,500
1131	1	$ 44,450
1132	1	$ 44,350
1133	1	$ 39,300
1134	1	$ 26,950
1135	1	$ 26,300
1136	1	$ 39,950
1137	1	$ 40,000
1138	1	$ 26,200
1139	1	$ 31,350
1140	1	$ 31,150
1141	1	$ 37,700
1142	1	$ 50,950
1143	1	$ 29,000
1144	1	$ 33,050
1145	1	$ 34,400
1146	1	$ 32,400
1147	1	$ 41,550
1148	1	$ 34,395
1149	1	$ 37,200
1150	1	$ 41,550
1151	1	$ 34,000
1152	1	$ 32,000
1153	1	$ 38,000
1154	1	$ 37,950
1155	1	$ 42,000
1156	1	$ 39,700
1157	1	$ 41,500
1158	1	$ 37,700
1159	1	$ 39,500
1160	1	$ 47,500
1161	1	$ 42,095
1162	1	$ 37,615
1163	1	$ 38,630
1164	1	$ 43,995
1165	1	$ 26,995
1166	1	$ 29,555
1167	1	$ 26,245
1168	1	$ 31,820
1169	1	$ 29,645
1170	1	$ 33,015
1171	1	$ 29,730
1172	1	$ 44,460
1173	1	$ 35,625
1174	1	$ 29,230
1175	1	$ 32,730
1176	1	$ 41,565
1177	1	$ 41,565
1178	1	$ 40,165
1179	1	$ 35,165
1180	1	$ 38,265
1181	1	$ 43,220
1182	1	$ 41,665
1183	1	$ 49,520
1184	1	$ 50,965
1185	1	$ 43,465
1186	1	$ 41,565
1187	1	$ 38,265
1188	1	$ 43,465
1189	1	$ 41,565
1190	1	$ 43,365
1191	1	$ 48,765
1192	1	$ 48,665
1193	1	$ 62,165
1194	1	$ 60,720
1195	1	$ 46,680
1196	1	$ 51,925
1197	1	$ 54,825
1198	1	$ 59,475
1199	1	$ 71,825
1200	1	$ 84,790
1201	1	$ 71,665
1202	1	$ 74,215
1203	1	$ 62,495
1204	1	$ 71,160
1205	1	$ 81,625
1206	1	$ 84,125
1207	1	$ 71,000
1208	1	$ 65,765
1209	1	$ 68,265
1210	1	$ 74,380
1211	1	$ 84,845
1212	1	$ 74,870
1213	1	$ 67,600
1214	1	$ 73,715
1215	1	$ 84,180
1216	1	$ 76,705
1217	1	$ 67,075
1218	1	$ 76,390
1219	1	$ 85,640
1220	1	$ 73,425
1221	1	$ 85,225
1222	1	$ 33,830
1223	1	$ 38,260
1224	1	$ 42,450
1225	1	$ 44,895
1226	1	$ 49,915
1227	1	$ 52,360
1228	1	$ 33,830
1229	1	$ 45,495
1230	1	$ 41,850
1231	1	$ 48,040
1232	1	$ 49,315
1233	1	$ 52,720
1234	1	$ 50,820
1235	1	$ 47,280
1236	1	$ 56,380
1237	1	$ 52,285
1238	1	$ 46,845
1239	1	$ 70,335
1240	1	$ 68,785
1241	1	$ 36,110
1242	1	$ 49,310
1243	1	$ 35,725
1244	1	$ 38,830
1245	1	$ 45,815
1246	1	$ 14,100
1247	1	$ 15,365
1248	1	$ 15,365
1249	1	$ 11,965
1250	1	$ 14,250
1251	1	$ 15,365
1252	1	$ 12,115
1253	1	$ 11,965
1254	1	$ 29,150
1255	1	$ 36,650
1256	1	$ 30,945
1257	1	$ 39,650
1258	1	$ 22,680
1259	1	$ 23,880
1260	1	$ 30,945
1261	1	$ 26,875
1262	1	$ 33,945
1263	1	$ 15,670
1264	1	$ 16,470
1265	1	$ 23,845
1266	1	$ 27,455
1267	1	$ 26,415
1268	1	$ 28,975
1269	1	$ 27,605
1270	1	$ 26,275
1271	1	$ 18,170
1272	1	$ 19,290
1273	1	$ 27,395
1274	1	$ 26,355
1275	1	$ 27,545
1276	1	$ 26,215
1277	1	$ 18,110
1278	1	$ 21,615
1279	1	$ 16,985
1280	1	$ 53,600
1281	1	$ 48,950
1282	1	$ 54,790
1283	1	$109,800
1284	1	$ 58,580
1285	1	$ 54,770
1286	1	$ 74,285
1287	1	$106,880
1288	1	$ 20,675
1289	1	$ 21,975
1290	1	$ 25,660
1291	1	$ 23,910
1292	1	$ 27,720
1293	1	$ 24,495
1294	1	$ 22,745
1295	1	$ 30,070
1296	1	$ 25,285
1297	1	$ 27,370
1298	1	$ 25,620
1299	1	$ 24,365
1300	1	$ 22,615
1301	1	$ 29,970
1302	1	$ 28,220
1303	1	$ 28,710
1304	1	$ 32,970
1305	1	$ 30,205
1306	1	$ 24,860
1307	1	$ 28,515
1308	1	$ 28,515
1309	1	$ 31,970
1310	1	$ 29,705
1311	1	$ 24,655
1312	1	$ 29,220
1313	1	$ 32,195
1314	1	$ 33,090
1315	1	$ 32,510
1316	1	$ 19,720
1317	1	$ 18,720
1318	1	$ 26,255
1319	1	$ 19,030
1320	1	$ 20,030
1321	1	$ 24,290
1322	1	$ 25,555
1323	1	$ 29,930
1324	1	$ 22,825
1325	1	$ 25,235
1326	1	$ 21,975
1327	1	$ 27,015
1328	1	$ 22,715
1329	1	$ 25,175
1330	1	$ 30,360
1331	1	$ 33,510
1332	1	$ 31,290
1333	1	$ 32,275
1334	1	$ 30,085
1335	1	$ 35,280
1336	1	$ 35,580
1337	1	$ 38,430
1338	1	$ 24,090
1339	1	$ 24,390
1340	1	$ 30,360
1341	1	$ 28,140
1342	1	$ 33,510
1343	1	$ 32,275
1344	1	$ 33,380
1345	1	$ 30,085
1346	1	$ 38,625
1347	1	$ 35,280
1348	1	$ 35,580
1349	1	$ 41,775
1350	1	$ 38,430
1351	1	$ 38,730
1352	1	$ 29,375
1353	1	$ 25,395
1354	1	$ 20,850
1355	1	$ 21,240
1356	1	$ 30,585
1357	1	$ 24,090
1358	1	$ 44,670
1359	1	$ 38,340
1360	1	$ 44,670
1361	1	$ 35,905
1362	1	$ 33,650
1363	1	$ 38,860
1364	1	$ 36,800
1365	1	$ 38,385
1366	1	$ 38,190
1367	1	$ 44,255
1368	1	$ 44,060
1369	1	$ 41,535
1370	1	$ 41,340
1371	1	$ 32,045
1372	1	$ 30,340
1373	1	$ 30,145
1374	1	$ 27,965
1375	1	$ 35,195
1376	1	$ 35,000
1377	1	$ 33,295
1378	1	$ 30,920
1379	1	$ 35,060
1380	1	$ 35,015
1381	1	$ 32,905
1382	1	$ 30,260
1383	1	$ 36,100
1384	1	$ 33,410
1385	1	$ 40,255
1386	1	$ 40,210
1387	1	$ 38,235
1388	1	$ 43,405
1389	1	$ 43,360
1390	1	$ 31,390
1391	1	$ 29,940
1392	1	$ 29,895
1393	1	$ 27,465
1394	1	$ 33,045
1395	1	$ 30,615
1396	1	$ 36,920
1397	1	$ 39,360
1398	1	$ 41,800
1399	1	$ 41,795
1400	1	$ 39,620
1401	1	$ 39,360
1402	1	$ 44,945
1403	1	$ 44,755
1404	1	$ 42,770
1405	1	$ 42,510
1406	1	$ 33,760
1407	1	$ 33,965
1408	1	$ 36,715
1409	1	$ 36,920
1410	1	$ 36,520
1411	1	$ 34,985
1412	1	$ 34,955
1413	1	$ 32,215
1414	1	$ 36,515
1415	1	$ 33,525
1416	1	$ 37,740
1417	1	$ 34,025
1418	1	$ 42,725
1419	1	$ 32,335
1420	1	$ 32,645
1421	1	$ 31,590
1422	1	$ 34,120
1423	1	$ 34,740
1424	1	$ 31,510
1425	1	$ 32,090
1426	1	$ 53,170
1427	1	$ 44,145
1428	1	$ 52,880
1429	1	$ 55,625
1430	1	$ 42,535
1431	1	$ 46,025
1432	1	$ 42,420
1433	1	$ 45,270
1434	1	$ 37,280
1435	1	$ 41,340
1436	1	$ 50,735
1437	1	$ 50,720
1438	1	$ 33,865
1439	1	$ 31,224
1440	1	$ 36,325
1441	1	$ 34,325
1442	1	$ 29,224
1443	1	$ 39,985
1444	1	$ 37,985
1445	1	$ 37,574
1446	1	$ 35,574
1447	1	$ 33,824
1448	1	$ 21,245
1449	1	$ 31,885
1450	1	$ 37,415
1451	1	$ 27,260
1452	1	$ 40,373
1453	1	$ 38,010
1454	1	$ 38,010
1455	1	$ 44,865
1456	1	$ 32,710
1457	1	$ 32,160
1458	1	$ 35,060
1459	1	$ 35,875
1460	1	$ 26,025
1461	1	$ 32,660
1462	1	$ 21,230
1463	1	$ 21,730
1464	1	$ 18,085
1465	1	$ 18,240
1466	1	$ 20,085
1467	1	$ 20,085
1468	1	$ 18,060
1469	1	$ 19,995
1470	1	$ 16,975
1471	1	$ 18,740
1472	1	$ 19,995
1473	1	$ 24,670
1474	1	$ 29,670
1475	1	$ 42,555
1476	1	$ 24,590
1477	1	$ 33,470
1478	1	$ 34,445
1479	1	$ 31,370
1480	1	$ 26,645
1481	1	$ 29,490
1482	1	$ 26,680
1483	1	$ 23,985
1484	1	$ 25,660
1485	1	$ 28,610
1486	1	$ 27,360
1487	1	$ 31,720
1488	1	$ 26,325
1489	1	$ 23,630
1490	1	$ 33,180
1491	1	$ 25,305
1492	1	$ 28,255
1493	1	$ 27,005
1494	1	$ 31,365
1495	0	<NULL>
1496	1	$ 25,160
1497	1	$ 27,160
1498	1	$ 29,745
1499	1	$ 26,480
1500	1	$ 26,245
1501	1	$ 27,995
1502	1	$ 27,245
1503	1	$ 28,995
1504	1	$ 25,750
1505	1	$ 23,340
1506	1	$ 26,750
1507	1	$ 28,500
1508	1	$ 23,235
1509	1	$ 24,985
1510	1	$ 36,680
1511	1	$ 41,585
1512	1	$ 39,430
1513	1	$ 30,540
1514	1	$ 31,590
1515	1	$ 28,935
1516	1	$ 24,855
1517	1	$ 25,155
1518	1	$ 34,810
1519	1	$ 32,155
1520	1	$ 28,425
1521	1	$ 36,055
1522	1	$ 33,900
1523	1	$ 39,275
1524	1	$ 37,120
1525	1	$ 29,010
1526	1	$ 24,665
1527	1	$ 20,610
1528	1	$ 20,910
1529	1	$ 32,230
1530	1	$ 29,075
1531	1	$ 25,065
1532	1	$ 25,365
1533	1	$ 36,880
1534	1	$ 40,495
1535	1	$ 34,240
1536	1	$ 28,425
1537	1	$ 25,155
1538	1	$ 28,725
1539	1	$ 28,510
1540	1	$ 24,665
1541	1	$ 20,610
1542	1	$ 20,910
1543	1	$ 29,075
1544	1	$ 25,365
1545	1	$ 35,185
1546	1	$ 27,545
1547	1	$ 34,390
1548	1	$ 30,520
1549	1	$ 35,415
1550	1	$ 30,360
1551	1	$ 38,680
1552	1	$ 38,480
1553	1	$ 33,575
1554	1	$ 27,215
1555	1	$ 34,060
1556	1	$ 33,860
1557	1	$ 30,190
1558	1	$ 43,815
1559	1	$ 46,950
1560	1	$ 46,750
1561	1	$ 39,240
1562	1	$ 39,040
1563	1	$ 42,575
1564	1	$ 42,375
1565	1	$ 38,450
1566	1	$ 91,005
1567	1	$ 42,580
1568	1	$ 52,205
1569	1	$ 46,255
1570	1	$ 53,755
1571	1	$ 45,905
1572	1	$ 47,805
1573	1	$ 34,620
1574	1	$ 32,620
1575	1	$ 34,520
1576	1	$ 32,520
1577	1	$ 37,620
1578	1	$ 46,830
1579	1	$ 50,450
1580	1	$ 38,855
1581	1	$ 42,585
1582	1	$ 43,585
1583	1	$ 43,585
1584	1	$ 42,385
1585	1	$ 38,835
1586	1	$ 43,385
1587	1	$ 39,835
1588	1	$ 32,710
1589	1	$ 38,250
1590	1	$ 32,410
1591	1	$ 32,410
1592	1	$ 34,850
1593	1	$ 37,950
1594	1	$ 45,495
1595	1	$ 56,045
1596	1	$187,615
1597	1	$200,570
1598	1	$187,070
1599	1	$273,000
1600	1	$286,500
1601	1	$197,850
1602	1	$179,995
1603	1	$120,750
1604	1	$326,730
1605	1	$336,541
1606	1	$312,395
1607	1	$ 26,055
1608	1	$ 27,265
1609	1	$ 25,510
1610	1	$ 27,055
1611	1	$ 28,410
1612	1	$ 29,985
1613	1	$ 31,315
1614	1	$ 31,280
1615	1	$ 33,585
1616	1	$ 33,760
1617	1	$ 35,060
1618	1	$ 29,440
1619	1	$ 31,100
1620	1	$ 34,220
1621	1	$ 32,070
1622	1	$ 30,220
1623	1	$ 38,070
1624	1	$ 36,220
1625	1	$ 27,420
1626	1	$ 32,270
1627	1	$ 33,920
1628	1	$ 25,630
1629	1	$ 21,060
1630	1	$ 25,800
1631	1	$ 27,375
1632	1	$ 22,770
1633	1	$ 24,045
1634	1	$ 29,865
1635	1	$ 32,375
1636	1	$ 29,860
1637	1	$ 34,120
1638	1	$ 46,380
1639	1	$ 48,010
1640	1	$ 35,830
1641	1	$ 38,730
1642	1	$ 41,340
1643	1	$ 48,590
1644	1	$ 35,585
1645	1	$ 38,485
1646	1	$ 49,030
1647	1	$ 51,930
1648	1	$ 39,355
1649	1	$ 42,255
1650	1	$ 41,150
1651	1	$ 46,470
1652	1	$ 51,240
1653	1	$ 45,810
1654	1	$ 48,710
1655	1	$ 42,010
1656	1	$ 28,190
1657	1	$ 39,190
1658	1	$ 33,190
1659	1	$ 31,190
1660	1	$ 38,600
1661	1	$ 38,600
1662	1	$ 31,600
1663	1	$ 31,600
1664	1	$ 33,065
1665	1	$ 35,590
1666	1	$ 26,865
1667	1	$ 27,170
1668	1	$ 31,810
1669	1	$ 30,010
1670	1	$ 36,195
1671	1	$ 35,890
1672	1	$ 38,355
1673	1	$ 34,005
1674	1	$ 39,615
1675	1	$ 39,915
1676	1	$ 25,085
1677	1	$ 30,830
1678	1	$ 22,060
1679	1	$ 29,295
1680	1	$ 29,595
1681	1	$ 26,430
1682	1	$ 29,030
1683	1	$ 29,330
1684	1	$ 33,255
1685	1	$ 30,095
1686	1	$ 32,260
1687	1	$ 32,560
1688	1	$ 29,700
1689	1	$ 32,940
1690	1	$ 35,705
1691	1	$ 41,455
1692	1	$ 41,265
1693	1	$ 38,720
1694	1	$ 44,410
1695	1	$ 32,015
1696	1	$ 28,335
1697	1	$ 34,990
1698	1	$ 34,795
1699	1	$ 31,310
1700	1	$ 33,440
1701	1	$ 36,660
1702	1	$ 36,475
1703	1	$ 31,615
1704	1	$ 39,935
1705	1	$ 34,645
1706	1	$ 37,480
1707	1	$ 42,345
1708	1	$ 42,155
1709	1	$ 39,940
1710	1	$ 45,060
1711	1	$ 32,740
1712	1	$ 29,055
1713	1	$ 31,510
1714	1	$ 35,915
1715	1	$ 32,025
1716	1	$ 34,485
1717	1	$ 38,150
1718	1	$ 40,955
1719	1	$ 40,765
1720	1	$ 35,710
1721	1	$ 14,320
1722	1	$ 39,695
1723	1	$ 37,845
1724	1	$ 33,725
1725	1	$ 31,875
1726	1	$ 36,720
1727	1	$ 42,190
1728	1	$ 42,465
1729	1	$ 28,950
1730	1	$ 33,600
1731	1	$ 17,170
1732	1	$ 17,170
1733	1	$ 18,780
1734	1	$ 18,780
1735	1	$ 18,780
1736	1	$ 19,720
1737	1	$ 24,945
1738	1	$ 19,695
1739	1	$ 28,355
1740	1	$ 28,240
1741	1	$ 34,645
1742	1	$ 29,645
1743	1	$ 37,845
1744	1	$ 27,145
1745	1	$ 26,395
1746	1	$ 29,395
1747	1	$ 24,395
1748	1	$ 23,450
1749	1	$ 26,025
1750	1	$ 19,630
1751	1	$ 25,015
1752	1	$ 22,155
1753	1	$ 23,220
1754	1	$ 22,485
1755	1	$ 18,960
1756	1	$ 48,645
1757	1	$ 51,725
1758	1	$ 33,620
1759	1	$ 31,770
1760	1	$ 25,170
1761	1	$ 27,370
1762	1	$ 37,770
1763	1	$ 31,770
1764	1	$ 23,050
1765	1	$ 23,200
1766	1	$ 21,455
1767	1	$ 22,670
1768	1	$ 21,185
1769	1	$ 21,370
1770	1	$ 22,245
1771	1	$ 22,655
1772	1	$ 22,755
1773	1	$ 45,220
1774	1	$ 43,220
1775	1	$ 31,840
1776	1	$ 36,465
1777	1	$ 34,465
1778	1	$ 40,185
1779	1	$ 33,740
1780	1	$ 36,365
1781	1	$ 38,085
1782	1	$ 42,185
1783	1	$ 20,815
1784	1	$ 18,240
1785	1	$ 23,965
1786	1	$ 21,795
1787	1	$ 25,690
1788	1	$ 29,895
1789	1	$ 20,550
1790	1	$ 23,875
1791	1	$ 27,530
1792	1	$ 23,905
1793	1	$ 21,735
1794	1	$ 19,230
1795	1	$ 16,985
1796	1	$ 32,265
1797	1	$ 28,710
1798	1	$ 32,265
1799	1	$ 32,970
1800	1	$ 30,205
1801	1	$ 24,860
1802	1	$ 32,070
1803	1	$ 32,070
1804	1	$ 31,970
1805	1	$ 29,205
1806	1	$ 34,380
1807	1	$ 32,510
1808	1	$ 34,380
1809	1	$ 43,495
1810	1	$ 28,340
1811	1	$ 31,490
1812	1	$ 27,225
1813	1	$ 35,025
1814	1	$ 32,685
1815	1	$ 33,795
1816	1	$ 35,780
1817	1	$ 36,080
1818	1	$ 42,275
1819	1	$ 38,930
1820	1	$ 29,375
1821	1	$ 27,435
1822	1	$ 20,850
1823	1	$ 21,240
1824	1	$ 29,475
1825	1	$ 30,585
1826	1	$ 43,285
1827	1	$ 30,565
1828	1	$ 31,490
1829	1	$ 31,835
1830	1	$ 30,645
1831	1	$ 27,345
1832	1	$ 33,795
1833	1	$ 30,195
1834	1	$ 39,125
1835	1	$ 35,780
1836	1	$ 30,585
1837	1	$ 24,090
1838	1	$ 38,710
1839	1	$ 45,040
1840	1	$ 48,190
1841	1	$ 38,710
1842	1	$ 41,860
1843	1	$ 45,040
1844	1	$ 48,190
1845	1	$ 36,315
1846	1	$ 36,120
1847	1	$ 34,725
1848	1	$ 41,605
1849	1	$ 32,240
1850	1	$ 32,045
1851	1	$ 27,965
1852	1	$ 35,425
1853	1	$ 33,365
1854	1	$ 33,320
1855	1	$ 38,620
1856	1	$ 38,575
1857	1	$ 36,515
1858	1	$ 36,470
1859	1	$ 33,825
1860	1	$ 38,690
1861	1	$ 43,905
1862	1	$ 43,860
1863	1	$ 41,840
1864	1	$ 31,390
1865	1	$ 31,345
1866	1	$ 29,940
1867	1	$ 29,895
1868	1	$ 27,465
1869	1	$ 34,540
1870	1	$ 30,615
1871	1	$ 37,335
1872	1	$ 33,300
1873	1	$ 40,680
1874	1	$ 41,905
1875	1	$ 36,450
1876	1	$ 42,305
1877	1	$ 42,110
1878	1	$ 45,260
1879	1	$ 33,760
1880	1	$ 33,965
1881	1	$ 33,565
1882	1	$ 29,260
1883	1	$ 36,920
1884	1	$ 35,005
1885	1	$ 34,685
1886	1	$ 38,155
1887	1	$ 37,835
1888	1	$ 30,975
1889	1	$ 31,590
1890	1	$ 34,120
1891	1	$ 26,000
1892	1	$ 24,250
1893	1	$ 31,400
1894	1	$ 29,650
1895	1	$ 26,000
1896	1	$ 24,250
1897	1	$ 25,950
1898	1	$ 29,500
1899	1	$ 31,300
1900	1	$ 29,550
1901	1	$ 38,535
1902	1	$ 42,595
1903	1	$ 46,905
1904	1	$ 55,995
1905	1	$ 43,810
1906	1	$ 58,515
1907	1	$ 51,185
1908	1	$ 53,995
1909	1	$ 58,990
1910	1	$ 42,005
1911	1	$ 49,005
1912	1	$ 58,750
1913	1	$ 41,490
1914	1	$ 46,030
1915	1	$ 46,615
1916	1	$ 50,745
1917	1	$ 25,255
1918	1	$ 24,455
1919	1	$ 24,105
1920	1	$ 27,105
1921	1	$ 27,355
1922	1	$ 29,555
1923	1	$ 21,980
1924	1	$ 21,180
1925	1	$ 22,980
1926	1	$ 23,580
1927	1	$ 22,780
1928	1	$ 23,730
1929	1	$ 29,730
1930	1	$ 29,430
1931	1	$ 29,730
1932	1	$ 31,730
1933	1	$ 24,630
1934	1	$ 26,880
1935	1	$ 26,830
1936	1	$ 26,030
1937	1	$ 28,880
1938	1	$ 28,830
1939	1	$ 28,080
1940	1	$ 28,030
1941	1	$ 22,855
1942	1	$ 22,055
1943	1	$ 23,355
1944	1	$ 29,105
1945	1	$ 31,305
1946	1	$ 31,105
1947	1	$ 31,305
1948	1	$ 34,020
1949	1	$ 32,570
1950	1	$ 16,405
1951	1	$ 16,605
1952	1	$ 15,805
1953	1	$ 19,605
1954	1	$ 22,405
1955	1	$ 22,405
1956	1	$ 21,955
1957	1	$ 18,555
1958	1	$ 17,555
1959	1	$ 24,205
1960	1	$ 24,405
1961	1	$ 17,355
1962	1	$ 16,555
1963	1	$ 16,255
1964	1	$ 16,455
1965	1	$ 15,655
1966	1	$ 22,255
1967	1	$ 22,255
1968	1	$ 21,455
1969	1	$ 21,805
1970	1	$ 21,805
1971	1	$ 21,005
1972	1	$ 18,405
1973	1	$ 17,405
1974	1	$ 18,205
1975	1	$ 22,055
1976	1	$ 22,255
1977	1	$ 24,255
1978	1	$ 24,055
1979	1	$ 23,950
1980	1	$ 25,150
1981	1	$ 25,950
1982	1	$ 23,800
1983	1	$ 25,000
1984	1	$ 27,000
1985	1	$ 25,800
1986	1	$ 25,245
1987	1	$ 28,645
1988	1	$ 22,945
1989	1	$ 23,645
1990	1	$ 22,395
1991	1	$ 27,745
1992	1	$ 28,495
1993	1	$ 19,850
1994	1	$ 21,410
1995	1	$ 24,185
1996	1	$ 22,935
1997	1	$ 20,825
1998	1	$ 23,885
1999	1	$ 20,525
