auto	yahoo	price
2000	2000	2000	1624
0000	1	$9,970
0001	1	$11,995
0002	1	$13,645
0003	1	$16,195
0004	1	$12,695
0005	1	$13,695
0006	1	$15,345
0007	1	$16,350
0008	1	$9,990
0009	1	$15,365
0010	1	$15,365
0011	1	$12,295
0012	1	$14,995
0013	1	$12,605
0014	1	$12,905
0015	1	$13,365
0016	1	$13,155
0017	1	$13,655
0018	1	$13,955
0019	1	$13,359
0020	1	$14,949
0021	1	$16,149
0022	1	$17,699
0023	1	$13,400
0024	1	$13,520
0025	1	$13,695
0026	1	$15,995
0027	1	$14,145
0028	1	$16,895
0029	1	$17,845
0030	1	$14,180
0031	1	$15,635
0032	1	$13,795
0033	1	$12,115
0034	1	$14,250
0035	1	$15,365
0036	1	$12,115
0037	1	$15,120
0038	1	$13,895
0039	1	$15,195
0040	1	$14,900
0041	1	$15,700
0042	1	$16,470
0043	1	$16,470
0044	1	$17,840
0045	1	$16,395
0046	1	$19,295
0047	1	$27,495
0048	1	$16,395
0049	1	$15,365
0050	1	$18,720
0051	1	$20,470
0052	1	$23,385
0053	1	$15,365
0054	1	$17,795
0055	1	$24,550
0056	1	$16,405
0057	1	$17,205
0058	1	$18,205
0059	1	$18,405
0060	1	$21,005
0061	1	$21,455
0062	1	$22,255
0063	1	$15,800
0064	1	$16,705
0065	1	$18,100
0066	1	$19,545
0067	1	$20,045
0068	1	$23,010
0069	1	$15,995
0070	1	$17,195
0071	1	$20,295
0072	1	$16,595
0073	1	$24,928
0074	1	$26,215
0075	1	$23,215
0076	1	$24,770
0077	1	$25,650
0078	1	$25,870
0079	1	$26,750
0080	1	$26,795
0081	1	$28,240
0082	1	$28,645
0083	1	$19,720
0084	1	$21,175
0085	1	$23,490
0086	1	$24,890
0087	1	$26,165
0088	1	$19,995
0089	1	$20,995
0090	1	$24,995
0091	1	$25,995
0092	1	$28,295
0093	1	$19,995
0094	1	$22,395
0095	1	$26,495
0096	1	$27,095
0097	1	$27,395
0098	1	$33,895
0099	1	$22,255
0100	1	$22,455
0101	1	$24,255
0102	1	$24,455
0103	1	$22,290
0104	1	$23,090
0105	1	$26,360
0106	1	$23,455
0107	1	$24,655
0108	1	$25,985
0109	1	$23,890
0110	1	$25,055
0111	1	$29,630
0112	1	$24,090
0113	1	$30,195
0114	1	$30,495
0115	1	$25,605
0116	1	$24,595
0117	1	$29,195
0118	1	$24,600
0119	1	$26,950
0120	1	$19,230
0121	1	$20,775
0122	1	$20,405
0123	1	$23,590
0124	1	$25,550
0125	1	$27,165
0126	1	$28,915
0127	1	$20,525
0128	1	$23,520
0129	1	$25,585
0130	1	$26,020
0131	1	$22,060
0132	1	$23,110
0133	1	$26,710
0134	1	$23,850
0135	1	$25,840
0136	1	$26,840
0137	1	$29,050
0138	1	$24,180
0139	1	$24,725
0140	1	$25,075
0141	1	$28,850
0142	1	$24,905
0143	1	$25,800
0144	1	$27,495
0145	1	$28,995
0146	1	$32,995
0147	1	$34,995
0148	1	$25,305
0149	1	$25,340
0150	1	$30,095
0151	1	$25,545
0152	1	$29,945
0153	1	$32,745
0154	1	$18,995
0155	1	$19,995
0156	1	$19,995
0157	1	$25,845
0158	1	$25,845
0159	1	$19,290
0160	1	$25,085
0161	1	$19,395
0162	1	$20,850
0163	1	$22,165
0164	1	$23,165
0165	1	$29,045
0166	1	$21,055
0167	1	$21,855
0168	1	$22,055
0169	1	$24,630
0170	1	$28,030
0171	1	$28,830
0172	1	$29,105
0173	1	$31,105
0174	1	$21,165
0175	1	$24,265
0176	1	$25,015
0177	1	$26,025
0178	1	$25,510
0179	1	$26,510
0180	1	$29,440
0181	1	$25,885
0182	1	$26,185
0183	1	$27,685
0184	1	$30,095
0185	1	$34,005
0186	1	$26,150
0187	1	$26,275
0188	1	$27,725
0189	1	$29,550
0190	1	$26,475
0191	1	$28,300
0192	1	$26,575
0193	1	$20,495
0194	1	$26,495
0195	1	$26,995
0196	1	$27,995
0197	1	$26,810
0198	1	$26,935
0199	1	$20,850
0200	1	$26,935
0201	1	$21,675
0202	1	$23,075
0203	1	$23,710
0204	1	$24,775
0205	1	$25,110
0206	1	$25,305
0207	1	$26,585
0208	1	$26,705
0209	1	$21,825
0210	1	$22,715
0211	1	$25,175
0212	1	$26,605
0213	1	$23,625
0214	1	$23,960
0215	1	$25,360
0216	1	$25,555
0217	1	$26,305
0218	1	$26,835
0219	1	$26,955
0220	1	$28,235
0221	1	$22,825
0222	1	$25,235
0223	1	$27,015
0224	1	$22,715
0225	1	$26,245
0226	1	$26,865
0227	1	$23,800
0228	1	$26,560
0229	1	$23,660
0230	1	$27,180
0231	1	$26,780
0232	1	$26,785
0233	1	$29,390
0234	1	$30,010
0235	1	$16,990
0236	1	$18,990
0237	1	$27,190
0238	1	$27,225
0239	1	$27,345
0240	1	$27,245
0241	1	$29,245
0242	1	$24,290
0243	1	$29,005
0244	1	$29,605
0245	1	$29,220
0246	1	$25,395
0247	1	$28,340
0248	1	$27,390
0249	1	$27,390
0250	1	$28,750
0251	1	$29,950
0252	1	$27,270
0253	1	$28,750
0254	1	$30,250
0255	1	$30,850
0256	1	$27,360
0257	1	$27,390
0258	1	$28,545
0259	1	$31,995
0260	1	$33,150
0261	1	$34,895
0262	1	$36,345
0263	1	$27,420
0264	1	$30,420
0265	1	$33,920
0266	1	$35,770
0267	1	$30,675
0268	1	$27,530
0269	1	$29,835
0270	1	$16,795
0271	1	$17,750
0272	1	$20,930
0273	1	$21,695
0274	1	$22,395
0275	1	$22,945
0276	1	$22,940
0277	1	$23,440
0278	1	$27,770
0279	1	$30,100
0280	1	$27,770
0281	1	$30,100
0282	1	$23,255
0283	1	$24,865
0284	1	$27,860
0285	1	$23,845
0286	1	$24,860
0287	1	$37,975
0288	1	$27,880
0289	1	$27,590
0290	1	$27,760
0291	1	$27,760
0292	1	$33,080
0293	1	$33,080
0294	1	$39,310
0295	1	$32,828
0296	1	$32,710
0297	1	$27,915
0298	1	$27,915
0299	1	$19,695
0300	1	$24,655
0301	1	$26,505
0302	1	$28,355
0303	1	$20,845
0304	1	$23,990
0305	1	$26,480
0306	1	$26,795
0307	1	$27,995
0308	1	$28,545
0309	1	$29,745
0310	1	$21,760
0311	1	$22,770
0312	1	$24,240
0313	1	$25,470
0314	1	$26,940
0315	1	$28,430
0316	1	$28,560
0317	1	$31,630
0318	1	$28,480
0319	1	$22,025
0320	1	$22,590
0321	1	$23,845
0322	1	$28,135
0323	1	$22,745
0324	1	$28,320
0325	1	$30,070
0326	1	$22,995
0327	1	$24,295
0328	1	$30,995
0329	1	$23,250
0330	1	$26,650
0331	1	$28,995
0332	1	$28,995
0333	1	$35,995
0334	1	$37,345
0335	1	$28,570
0336	1	$27,999
0337	1	$32,495
0338	1	$33,995
0339	1	$35,595
0340	1	$37,595
0341	1	$38,795
0342	1	$28,180
0343	1	$24,195
0344	1	$22,245
0345	1	$23,995
0346	1	$26,245
0347	1	$27,995
0348	1	$28,995
0349	1	$22,555
0350	1	$24,680
0351	1	$26,080
0352	1	$28,080
0353	1	$29,305
0354	1	$31,305
0355	1	$31,305
0356	1	$23,200
0357	1	$27,405
0358	1	$27,750
0359	1	$29,355
0360	1	$29,700
0361	1	$30,715
0362	1	$33,500
0363	1	$24,540
0364	1	$24,690
0365	1	$29,725
0366	1	$37,865
0367	1	$27,395
0368	1	$28,915
0369	1	$28,035
0370	1	$29,035
0371	1	$28,700
0372	1	$33,050
0373	1	$28,755
0374	1	$28,900
0375	1	$32,395
0376	1	$38,115
0377	1	$28,900
0378	1	$31,605
0379	1	$36,830
0380	1	$20,610
0381	1	$24,855
0382	1	$25,155
0383	1	$25,705
0384	1	$29,740
0385	1	$21,395
0386	1	$24,395
0387	1	$26,395
0388	1	$28,395
0389	1	$31,395
0390	1	$36,395
0391	1	$24,800
0392	1	$25,720
0393	1	$27,770
0394	1	$29,500
0395	1	$30,700
0396	1	$25,950
0397	1	$26,000
0398	1	$29,500
0399	1	$29,550
0400	1	$31,300
0401	1	$24,250
0402	1	$26,050
0403	1	$27,850
0404	1	$29,600
0405	1	$24,655
0406	1	$29,095
0407	1	$29,705
0408	1	$29,980
0409	1	$39,630
0410	1	$26,430
0411	1	$28,230
0412	1	$29,700
0413	1	$28,820
0414	1	$31,670
0415	1	$34,550
0416	1	$29,130
0417	1	$29,130
0418	1	$29,460
0419	1	$29,460
0420	1	$31,020
0421	1	$33,870
0422	1	$34,350
0423	1	$36,750
0424	1	$36,920
0425	1	$29,375
0426	1	$33,595
0427	1	$29,630
0428	1	$32,570
0429	1	$34,020
0430	1	$34,770
0431	1	$36,220
0432	1	$29,810
0433	1	$22,000
0434	1	$23,250
0435	1	$23,750
0436	1	$25,000
0437	1	$25,500
0438	1	$26,500
0439	1	$26,750
0440	1	$27,500
0441	1	$29,500
0442	1	$30,500
0443	1	$31,000
0444	1	$23,485
0445	1	$27,945
0446	1	$30,135
0447	1	$32,090
0448	1	$33,965
0449	1	$34,775
0450	1	$24,090
0451	1	$24,390
0452	1	$30,085
0453	1	$24,860
0454	1	$29,300
0455	1	$30,185
0456	1	$37,975
0457	1	$42,180
0458	1	$25,855
0459	1	$30,200
0460	1	$32,480
0461	1	$33,220
0462	1	$33,930
0463	1	$34,670
0464	1	$30,360
0465	1	$30,260
0466	1	$30,190
0467	1	$31,190
0468	1	$39,190
0469	1	$29,055
0470	1	$30,150
0471	1	$32,670
0472	1	$28,765
0473	1	$30,065
0474	1	$38,105
0475	1	$39,395
0476	1	$28,990
0477	1	$30,290
0478	1	$30,290
0479	1	$31,280
0480	1	$38,620
0481	1	$39,920
0482	1	$29,935
0483	1	$30,190
0484	1	$33,575
0485	1	$30,330
0486	1	$36,975
0487	1	$13,300
0488	1	$17,195
0489	1	$17,195
0490	1	$13,990
0491	1	$20,440
0492	1	$15,450
0493	1	$16,520
0494	1	$16,850
0495	1	$17,350
0496	1	$18,960
0497	1	$20,150
0498	1	$20,080
0499	1	$15,849
0500	1	$17,699
0501	1	$19,949
0502	1	$16,000
0503	1	$16,950
0504	1	$17,170
0505	1	$17,170
0506	1	$18,780
0507	1	$18,780
0508	1	$16,365
0509	1	$17,265
0510	1	$20,555
0511	1	$21,315
0512	1	$21,865
0513	1	$22,750
0514	1	$23,950
0515	1	$24,450
0516	1	$25,735
0517	1	$16,640
0518	1	$17,270
0519	1	$16,700
0520	1	$17,510
0521	1	$19,800
0522	1	$20,920
0523	1	$22,110
0524	1	$16,880
0525	1	$18,085
0526	1	$18,240
0527	1	$18,110
0528	1	$16,995
0529	1	$19,995
0530	1	$20,995
0531	1	$23,495
0532	1	$17,045
0533	1	$18,240
0534	1	$19,335
0535	1	$19,335
0536	1	$22,155
0537	1	$22,760
0538	1	$22,995
0539	1	$25,995
0540	1	$27,895
0541	1	$28,995
0542	1	$23,500
0543	1	$26,750
0544	1	$26,750
0545	1	$29,750
0546	1	$32,250
0547	1	$25,395
0548	1	$28,340
0549	1	$35,780
0550	1	$26,055
0551	1	$27,055
0552	1	$29,985
0553	1	$25,950
0554	1	$26,650
0555	1	$35,650
0556	1	$27,540
0557	1	$29,540
0558	1	$39,250
0559	1	$42,300
0560	1	$27,970
0561	1	$30,425
0562	1	$31,065
0563	1	$33,545
0564	1	$34,845
0565	1	$28,210
0566	1	$28,805
0567	1	$30,725
0568	1	$32,815
0569	1	$34,215
0570	1	$29,135
0571	1	$33,145
0572	1	$34,535
0573	1	$29,375
0574	1	$31,465
0575	1	$33,225
0576	1	$38,625
0577	1	$30,810
0578	1	$38,965
0579	1	$39,155
0580	1	$30,615
0581	1	$33,825
0582	1	$23,880
0583	1	$27,225
0584	1	$30,945
0585	1	$34,295
0586	1	$23,195
0587	1	$24,495
0588	1	$28,195
0589	1	$28,495
0590	1	$29,195
0591	1	$31,495
0592	1	$26,200
0593	1	$26,540
0594	1	$29,390
0595	1	$27,500
0596	1	$37,765
0597	1	$27,750
0598	1	$31,150
0599	1	$34,430
0600	1	$30,740
0601	1	$31,190
0602	1	$33,590
0603	1	$36,640
0604	1	$39,340
0605	1	$31,224
0606	1	$31,745
0607	1	$33,745
0608	1	$37,985
0609	1	$39,985
0610	1	$34,725
0611	1	$31,345
0612	1	$31,390
0613	1	$35,015
0614	1	$40,255
0615	1	$31,450
0616	1	$32,350
0617	1	$33,550
0618	1	$35,350
0619	1	$31,820
0620	1	$46,030
0621	1	$46,220
0622	1	$23,580
0623	1	$25,255
0624	1	$29,730
0625	1	$31,730
0626	1	$23,565
0627	1	$25,635
0628	1	$31,865
0629	1	$25,170
0630	1	$27,370
0631	1	$29,220
0632	1	$27,085
0633	1	$29,645
0634	1	$27,260
0635	1	$28,350
0636	1	$31,045
0637	1	$31,885
0638	1	$31,885
0639	1	$32,640
0640	1	$38,010
0641	1	$38,010
0642	1	$38,230
0643	1	$44,865
0644	1	$31,575
0645	1	$28,510
0646	1	$31,020
0647	1	$31,570
0648	1	$39,035
0649	1	$28,850
0650	1	$31,875
0651	1	$29,375
0652	1	$30,565
0653	1	$33,595
0654	1	$39,125
0655	1	$29,480
0656	1	$29,860
0657	1	$31,610
0658	1	$32,370
0659	1	$31,590
0660	1	$33,525
0661	1	$34,270
0662	1	$36,455
0663	1	$39,855
0664	1	$41,030
0665	1	$35,600
0666	1	$38,600
0667	1	$31,600
0668	1	$38,600
0669	1	$28,905
0670	1	$32,110
0671	1	$32,140
0672	1	$26,795
0673	1	$32,245
0674	1	$31,510
0675	1	$32,790
0676	1	$35,840
0677	1	$37,675
0678	1	$39,740
0679	1	$39,940
0680	1	$40,795
0681	1	$31,510
0682	1	$31,760
0683	1	$36,035
0684	1	$32,045
0685	1	$32,240
0686	1	$35,905
0687	1	$40,910
0688	1	$37,595
0689	1	$32,335
0690	1	$37,165
0691	1	$41,940
0692	1	$42,135
0693	1	$42,655
0694	1	$35,950
0695	1	$32,395
0696	1	$32,740
0697	1	$32,940
0698	1	$34,270
0699	1	$37,965
0700	1	$42,345
0701	1	$43,455
0702	1	$46,820
0703	1	$47,890
0704	1	$32,445
0705	1	$25,845
0706	1	$29,645
0707	1	$30,845
0708	1	$24,665
0709	1	$28,865
0710	1	$29,415
0711	1	$33,100
0712	1	$25,065
0713	1	$28,425
0714	1	$26,540
0715	1	$29,030
0716	1	$29,755
0717	1	$33,075
0718	1	$34,110
0719	1	$27,999
0720	1	$32,898
0721	1	$28,255
0722	1	$33,180
0723	1	$29,000
0724	1	$32,850
0725	1	$29,075
0726	1	$32,085
0727	1	$33,215
0728	1	$30,930
0729	1	$32,730
0730	1	$33,230
0731	1	$34,830
0732	1	$35,625
0733	1	$35,730
0734	1	$36,230
0735	1	$30,360
0736	1	$38,625
0737	1	$29,730
0738	1	$44,460
0739	1	$32,025
0740	1	$32,780
0741	1	$33,720
0742	1	$39,500
0743	1	$33,440
0744	1	$37,480
0745	1	$37,680
0746	1	$41,860
0747	1	$42,050
0748	1	$32,600
0749	1	$36,600
0750	1	$36,600
0751	1	$38,600
0752	1	$42,500
0753	1	$26,805
0754	1	$29,905
0755	1	$31,505
0756	1	$33,405
0757	1	$35,005
0758	1	$37,205
0759	1	$40,755
0760	1	$26,995
0761	1	$29,555
0762	1	$33,765
0763	1	$28,500
0764	1	$30,100
0765	1	$31,910
0766	1	$33,510
0767	1	$35,450
0768	1	$37,050
0769	1	$37,540
0770	1	$39,140
0771	1	$29,385
0772	1	$29,685
0773	1	$32,175
0774	1	$36,625
0775	1	$37,255
0776	1	$29,475
0777	1	$39,230
0778	1	$30,615
0779	1	$33,410
0780	1	$30,810
0781	1	$32,525
0782	1	$34,615
0783	1	$34,450
0784	1	$36,050
0785	1	$33,565
0786	1	$33,760
0787	1	$33,965
0788	1	$36,920
0789	1	$37,115
0790	1	$38,340
0791	1	$41,605
0792	1	$41,795
0793	1	$41,800
0794	1	$33,565
0795	1	$33,760
0796	1	$33,965
0797	1	$37,335
0798	1	$37,530
0799	1	$38,755
0800	1	$42,110
0801	1	$42,295
0802	1	$42,305
0803	1	$22,965
0804	1	$25,965
0805	1	$29,935
0806	1	$24,590
0807	1	$38,260
0808	1	$40,755
0809	1	$42,450
0810	1	$44,895
0811	1	$49,915
0812	1	$52,360
0813	1	$39,990
0814	1	$32,345
0815	1	$34,445
0816	1	$38,180
0817	1	$28,145
0818	1	$30,045
0819	1	$35,895
0820	1	$30,020
0821	1	$31,870
0822	1	$32,315
0823	1	$34,555
0824	1	$29,220
0825	1	$30,560
0826	1	$32,265
0827	1	$33,965
0828	1	$34,380
0829	1	$34,750
0830	1	$44,505
0831	1	$28,710
0832	1	$29,220
0833	1	$30,560
0834	1	$32,265
0835	1	$33,965
0836	1	$34,750
0837	1	$45,960
0838	1	$46,375
0839	1	$46,745
0840	1	$36,050
0841	1	$40,350
0842	1	$29,224
0843	1	$31,224
0844	1	$31,865
0845	1	$33,865
0846	1	$34,445
0847	1	$36,445
0848	1	$39,975
0849	1	$31,310
0850	1	$32,090
0851	1	$34,025
0852	1	$35,015
0853	1	$31,740
0854	1	$33,740
0855	1	$36,365
0856	1	$38,085
0857	1	$40,185
0858	1	$42,185
0859	1	$34,740
0860	1	$37,085
0861	1	$37,835
0862	1	$34,225
0863	1	$36,115
0864	1	$28,185
0865	1	$30,640
0866	1	$31,280
0867	1	$33,585
0868	1	$33,760
0869	1	$35,060
0870	1	$30,020
0871	1	$30,365
0872	1	$31,870
0873	1	$33,770
0874	1	$34,185
0875	1	$34,555
0876	1	$32,410
0877	1	$34,850
0878	1	$37,950
0879	1	$29,450
0880	1	$34,500
0881	1	$29,565
0882	1	$32,940
0883	1	$30,300
0884	1	$34,525
0885	1	$35,380
0886	1	$37,640
0887	1	$30,980
0888	1	$34,710
0889	1	$39,390
0890	1	$39,580
0891	1	$32,520
0892	1	$35,620
0893	1	$33,715
0894	1	$35,025
0895	1	$42,275
0896	1	$32,525
0897	1	$33,715
0898	1	$35,025
0899	1	$32,800
0900	1	$34,600
0901	1	$36,400
0902	1	$34,495
0903	1	$34,540
0904	1	$34,540
0905	1	$38,575
0906	1	$38,620
0907	1	$43,860
0908	1	$38,320
0909	1	$25,395
0910	1	$28,140
0911	1	$29,125
0912	1	$27,840
0913	1	$31,190
0914	1	$37,470
0915	1	$37,490
0916	1	$39,670
0917	1	$30,410
0918	1	$39,610
0919	1	$30,665
0920	1	$36,195
0921	1	$39,290
0922	1	$32,350
0923	1	$35,050
0924	1	$36,650
0925	1	$39,200
0926	1	$39,450
0927	1	$44,000
0928	1	$35,550
0929	1	$36,350
0930	1	$35,000
0931	1	$35,195
0932	1	$44,755
0933	1	$38,295
0934	1	$35,500
0935	1	$35,500
0936	1	$40,730
0937	1	$42,095
0938	1	$25,175
0939	1	$26,025
0940	1	$32,660
0941	1	$35,060
0942	1	$35,875
0943	1	$27,220
0944	1	$32,070
0945	1	$34,220
0946	1	$38,070
0947	1	$34,195
0948	1	$35,895
0949	1	$30,830
0950	1	$35,890
0951	1	$29,280
0952	1	$36,280
0953	1	$30,495
0954	1	$32,495
0955	1	$30,495
0956	1	$32,495
0957	1	$35,795
0958	1	$33,485
0959	1	$36,355
0960	1	$31,950
0961	1	$32,850
0962	1	$34,140
0963	1	$35,940
0964	1	$32,020
0965	1	$32,215
0966	1	$34,130
0967	1	$36,300
0968	1	$38,375
0969	1	$41,290
0970	1	$32,620
0971	1	$34,620
0972	1	$32,940
0973	1	$36,100
0974	1	$33,045
0975	1	$33,090
0976	1	$36,055
0977	1	$41,340
0978	1	$33,835
0979	1	$35,895
0980	1	$36,195
0981	1	$39,285
0982	1	$39,615
0983	1	$39,915
0984	1	$44,935
0985	1	$47,045
0986	1	$50,340
0987	1	$11,990
0988	1	$17,990
0989	1	$20,990
0990	1	$18,495
0991	1	$15,700
0992	1	$16,410
0993	1	$18,260
0994	1	$20,795
0995	1	$22,995
0996	1	$24,195
0997	1	$15,420
0998	1	$17,160
0999	1	$18,560
1000	1	$19,580
1001	1	$20,080
1002	1	$15,805
1003	1	$17,355
1004	1	$17,755
1005	1	$18,355
1006	1	$18,555
1007	1	$19,605
1008	1	$20,405
1009	1	$22,405
1010	1	$16,985
1011	1	$17,100
1012	1	$18,620
1013	1	$17,495
1014	1	$17,995
1015	1	$18,995
1016	1	$19,995
1017	1	$17,735
1018	1	$18,295
1019	1	$20,550
1020	1	$22,165
1021	1	$24,990
1022	1	$17,949
1023	1	$18,275
1024	1	$26,085
1025	1	$26,600
1026	1	$28,540
1027	1	$18,690
1028	1	$18,690
1029	1	$20,390
1030	1	$25,795
1031	1	$27,240
1032	1	$26,275
1033	1	$26,420
1034	1	$27,665
1035	1	$28,655
1036	1	$36,860
1037	1	$43,250
1038	1	$27,895
1039	1	$32,345
1040	1	$33,845
1041	1	$35,445
1042	1	$37,045
1043	1	$37,045
1044	1	$38,645
1045	1	$40,245
1046	1	$29,940
1047	1	$32,060
1048	1	$37,110
1049	1	$38,710
1050	1	$29,450
1051	1	$32,940
1052	1	$33,125
1053	1	$36,420
1054	1	$29,295
1055	1	$32,260
1056	1	$36,770
1057	1	$31,760
1058	1	$32,215
1059	1	$34,590
1060	1	$39,575
1061	1	$40,770
1062	1	$33,090
1063	1	$41,840
1064	1	$41,885
1065	1	$33,995
1066	1	$37,195
1067	1	$36,675
1068	1	$37,420
1069	1	$41,745
1070	1	$36,520
1071	1	$36,715
1072	1	$36,920
1073	1	$41,490
1074	1	$36,520
1075	1	$36,715
1076	1	$36,920
1077	1	$40,485
1078	1	$40,680
1079	1	$41,905
1080	1	$45,260
1081	1	$28,295
1082	1	$30,995
1083	1	$39,995
1084	1	$29,940
1085	1	$32,950
1086	1	$38,235
1087	1	$35,960
1088	1	$38,365
1089	1	$38,000
1090	1	$37,420
1091	1	$35,515
1092	1	$37,515
1093	1	$38,630
1094	1	$40,630
1095	1	$43,995
1096	1	$35,700
1097	1	$36,200
1098	1	$37,650
1099	1	$42,400
1100	1	$36,200
1101	1	$37,625
1102	1	$37,700
1103	1	$43,510
1104	1	$52,890
1105	1	$38,220
1106	1	$41,465
1107	1	$38,260
1108	1	$24,460
1109	1	$30,750
1110	1	$34,715
1111	1	$38,700
1112	1	$39,970
1113	1	$33,380
1114	1	$38,430
1115	1	$33,380
1116	1	$38,430
1117	1	$38,730
1118	1	$29,895
1119	1	$38,690
1120	1	$38,735
1121	1	$30,340
1122	1	$33,455
1123	1	$33,650
1124	1	$38,190
1125	1	$38,920
1126	1	$34,240
1127	1	$35,370
1128	1	$42,650
1129	1	$32,400
1130	1	$38,050
1131	1	$38,400
1132	1	$41,550
1133	1	$33,555
1134	1	$35,405
1135	1	$35,705
1136	1	$38,655
1137	1	$39,615
1138	1	$39,915
1139	1	$35,105
1140	1	$38,655
1141	1	$38,835
1142	1	$42,385
1143	1	$42,385
1144	1	$43,385
1145	1	$43,385
1146	1	$36,700
1147	1	$45,050
1148	1	$50,150
1149	1	$38,450
1150	1	$43,485
1151	1	$43,685
1152	1	$38,710
1153	1	$45,040
1154	1	$28,950
1155	1	$31,750
1156	1	$39,470
1157	1	$29,245
1158	1	$30,715
1159	1	$31,705
1160	1	$39,920
1161	1	$32,685
1162	1	$38,930
1163	1	$29,525
1164	1	$31,265
1165	1	$37,650
1166	1	$39,685
1167	1	$30,340
1168	1	$38,690
1169	1	$38,885
1170	1	$30,975
1171	1	$31,590
1172	1	$33,935
1173	1	$39,100
1174	1	$39,225
1175	1	$32,000
1176	1	$36,210
1177	1	$39,865
1178	1	$34,990
1179	1	$39,735
1180	1	$39,935
1181	1	$44,410
1182	1	$44,605
1183	1	$35,000
1184	1	$35,195
1185	1	$38,860
1186	1	$44,255
1187	1	$39,375
1188	1	$38,850
1189	1	$41,060
1190	1	$45,340
1191	1	$28,200
1192	1	$31,175
1193	1	$34,375
1194	1	$39,990
1195	1	$31,345
1196	1	$35,425
1197	1	$40,715
1198	1	$33,590
1199	1	$35,790
1200	1	$40,990
1201	1	$37,185
1202	1	$40,955
1203	1	$42,795
1204	1	$45,060
1205	1	$46,320
1206	1	$35,485
1207	1	$35,795
1208	1	$43,230
1209	1	$37,500
1210	1	$39,150
1211	1	$36,950
1212	1	$40,700
1213	1	$37,800
1214	1	$40,800
1215	1	$40,000
1216	1	$40,610
1217	1	$44,890
1218	1	$40,000
1219	1	$40,850
1220	1	$23,245
1221	1	$41,230
1222	1	$29,095
1223	1	$29,980
1224	1	$37,770
1225	1	$41,090
1226	1	$41,975
1227	1	$31,815
1228	1	$42,455
1229	1	$42,455
1230	1	$32,240
1231	1	$36,120
1232	1	$32,145
1233	1	$33,315
1234	1	$35,775
1235	1	$38,570
1236	1	$32,645
1237	1	$35,005
1238	1	$36,930
1239	1	$40,080
1240	1	$32,525
1241	1	$33,510
1242	1	$41,775
1243	1	$33,100
1244	1	$36,800
1245	1	$41,340
1246	1	$41,535
1247	1	$41,220
1248	1	$38,210
1249	1	$40,990
1250	1	$41,830
1251	1	$39,145
1252	1	$40,995
1253	1	$41,270
1254	1	$31,875
1255	1	$33,725
1256	1	$37,845
1257	1	$40,340
1258	1	$42,190
1259	1	$30,215
1260	1	$36,715
1261	1	$39,215
1262	1	$41,910
1263	1	$32,295
1264	1	$33,540
1265	1	$42,455
1266	1	$33,100
1267	1	$33,295
1268	1	$37,215
1269	1	$41,840
1270	1	$33,150
1271	1	$35,150
1272	1	$40,600
1273	1	$43,950
1274	1	$35,605
1275	1	$38,000
1276	1	$42,590
1277	1	$42,785
1278	1	$43,725
1279	1	$34,985
1280	1	$38,380
1281	1	$39,360
1282	1	$42,770
1283	1	$36,200
1284	1	$44,550
1285	1	$54,160
1286	1	$37,950
1287	1	$42,800
1288	1	$42,595
1289	1	$44,050
1290	1	$42,940
1291	1	$42,155
1292	1	$42,940
1293	1	$40,635
1294	1	$42,245
1295	1	$43,480
1296	1	$44,145
1297	1	$45,735
1298	1	$46,990
1299	1	$48,580
1300	1	$46,665
1301	1	$30,710
1302	1	$37,480
1303	1	$43,325
1304	1	$31,575
1305	1	$40,210
1306	1	$31,840
1307	1	$34,465
1308	1	$36,465
1309	1	$38,185
1310	1	$43,220
1311	1	$33,000
1312	1	$34,675
1313	1	$35,710
1314	1	$39,070
1315	1	$42,885
1316	1	$43,075
1317	1	$43,885
1318	1	$34,985
1319	1	$39,775
1320	1	$43,015
1321	1	$35,165
1322	1	$39,765
1323	1	$37,290
1324	1	$42,945
1325	1	$38,265
1326	1	$40,165
1327	1	$41,565
1328	1	$43,365
1329	1	$43,465
1330	1	$45,265
1331	1	$49,065
1332	1	$50,965
1333	1	$39,180
1334	1	$43,150
1335	1	$43,160
1336	1	$48,160
1337	1	$41,600
1338	1	$42,850
1339	1	$44,825
1340	1	$43,285
1341	1	$33,650
1342	1	$35,650
1343	1	$41,100
1344	1	$44,150
1345	1	$38,855
1346	1	$39,035
1347	1	$40,035
1348	1	$42,585
1349	1	$35,485
1350	1	$35,795
1351	1	$39,665
1352	1	$42,725
1353	1	$43,920
1354	1	$36,000
1355	1	$42,000
1356	1	$44,100
1357	1	$36,500
1358	1	$42,000
1359	1	$38,340
1360	1	$44,670
1361	1	$44,550
1362	1	$39,820
1363	1	$44,315
1364	1	$44,275
1365	1	$46,195
1366	1	$49,200
1367	1	$48,530
1368	1	$37,410
1369	1	$45,495
1370	1	$48,040
1371	1	$49,315
1372	1	$51,860
1373	1	$33,860
1374	1	$44,830
1375	1	$38,830
1376	1	$45,815
1377	1	$48,865
1378	1	$36,110
1379	1	$39,160
1380	1	$39,215
1381	1	$42,265
1382	1	$38,710
1383	1	$45,040
1384	1	$39,990
1385	1	$45,080
1386	1	$46,195
1387	1	$49,200
1388	1	$45,700
1389	1	$50,900
1390	1	$58,900
1391	1	$47,300
1392	1	$45,900
1393	1	$48,900
1394	1	$51,900
1395	1	$54,425
1396	1	$59,475
1397	1	$46,500
1398	1	$52,400
1399	1	$61,550
1400	1	$46,600
1401	1	$15,345
1402	1	$16,255
1403	1	$19,185
1404	1	$21,645
1405	1	$22,145
1406	1	$15,850
1407	1	$16,800
1408	1	$18,320
1409	1	$15,995
1410	1	$17,195
1411	1	$16,880
1412	1	$17,995
1413	1	$18,060
1414	1	$19,995
1415	1	$17,995
1416	1	$18,495
1417	1	$19,995
1418	1	$17,820
1419	1	$18,275
1420	1	$19,275
1421	1	$18,720
1422	1	$19,720
1423	1	$21,420
1424	1	$18,745
1425	1	$19,745
1426	1	$23,495
1427	1	$23,495
1428	1	$24,695
1429	1	$24,695
1430	1	$27,590
1431	1	$19,290
1432	1	$25,690
1433	1	$19,800
1434	1	$21,300
1435	1	$23,100
1436	1	$24,520
1437	1	$35,435
1438	1	$35,735
1439	1	$36,470
1440	1	$36,770
1441	1	$41,790
1442	1	$42,090
1443	1	$47,195
1444	1	$47,995
1445	1	$37,700
1446	1	$47,500
1447	1	$43,770
1448	1	$44,435
1449	1	$45,375
1450	1	$47,280
1451	1	$48,870
1452	1	$53,170
1453	1	$41,550
1454	1	$46,630
1455	1	$49,945
1456	1	$41,490
1457	1	$46,030
1458	1	$47,510
1459	1	$42,715
1460	1	$43,415
1461	1	$45,865
1462	1	$46,565
1463	1	$46,750
1464	1	$44,185
1465	1	$47,765
1466	1	$46,845
1467	1	$48,745
1468	1	$50,385
1469	1	$52,285
1470	1	$56,345
1471	1	$68,785
1472	1	$70,335
1473	1	$46,925
1474	1	$47,250
1475	1	$51,465
1476	1	$58,000
1477	1	$35,585
1478	1	$38,485
1479	1	$41,390
1480	1	$44,290
1481	1	$46,060
1482	1	$46,470
1483	1	$48,590
1484	1	$35,830
1485	1	$38,440
1486	1	$39,355
1487	1	$41,340
1488	1	$42,255
1489	1	$44,050
1490	1	$45,110
1491	1	$47,760
1492	1	$48,010
1493	1	$49,030
1494	1	$50,660
1495	1	$42,440
1496	1	$43,110
1497	1	$49,690
1498	1	$52,490
1499	1	$38,165
1500	1	$40,065
1501	1	$42,605
1502	1	$44,505
1503	1	$47,010
1504	1	$48,910
1505	1	$48,030
1506	1	$39,040
1507	1	$39,240
1508	1	$43,815
1509	1	$44,015
1510	1	$48,030
1511	1	$41,860
1512	1	$48,190
1513	1	$42,005
1514	1	$43,775
1515	1	$44,845
1516	1	$46,270
1517	1	$46,615
1518	1	$47,900
1519	1	$50,745
1520	1	$42,230
1521	1	$47,805
1522	1	$51,855
1523	1	$53,755
1524	1	$44,330
1525	1	$48,765
1526	1	$50,355
1527	1	$49,850
1528	1	$48,665
1529	1	$57,710
1530	1	$62,690
1531	1	$48,645
1532	1	$49,300
1533	1	$50,800
1534	1	$44,980
1535	1	$50,765
1536	1	$40,165
1537	1	$40,965
1538	1	$41,565
1539	1	$42,865
1540	1	$43,365
1541	1	$48,665
1542	1	$39,200
1543	1	$42,950
1544	1	$50,950
1545	1	$42,375
1546	1	$42,575
1547	1	$46,750
1548	1	$50,765
1549	1	$50,965
1550	1	$45,000
1551	1	$45,200
1552	1	$45,500
1553	1	$51,700
1554	1	$58,700
1555	1	$51,020
1556	1	$55,660
1557	1	$50,450
1558	1	$54,250
1559	1	$46,900
1560	1	$50,900
1561	1	$61,000
1562	1	$47,130
1563	1	$47,280
1564	1	$50,820
1565	1	$50,720
1566	1	$53,525
1567	1	$51,185
1568	1	$42,580
1569	1	$48,155
1570	1	$45,600
1571	1	$47,550
1572	1	$54,070
1573	1	$47,950
1574	1	$54,650
1575	1	$45,950
1576	1	$48,250
1577	1	$47,950
1578	1	$54,470
1579	1	$46,300
1580	1	$51,800
1581	1	$58,900
1582	1	$46,925
1583	1	$52,595
1584	1	$53,300
1585	1	$54,010
1586	1	$52,400
1587	1	$53,600
1588	1	$67,600
1589	1	$79,600
1590	1	$53,000
1591	1	$53,995
1592	1	$43,430
1593	1	$52,915
1594	1	$52,915
1595	1	$59,955
1596	1	$44,500
1597	1	$48,950
1598	1	$56,750
1599	1	$45,495
1600	1	$49,995
1601	1	$56,045
1602	1	$46,680
1603	1	$51,925
1604	1	$59,875
1605	1	$56,300
1606	1	$48,050
1607	1	$54,650
1608	1	$56,300
1609	1	$48,850
1610	1	$50,900
1611	1	$57,100
1612	1	$87,600
1613	1	$53,155
1614	1	$55,985
1615	1	$56,655
1616	1	$56,790
1617	1	$58,600
1618	1	$59,800
1619	1	$61,790
1620	1	$62,495
1621	1	$74,305
1622	1	$76,970
1623	1	$58,400
1624	1	$67,050
1625	1	$55,400
1626	1	$58,400
1627	1	$55,665
1628	1	$63,900
1629	1	$35,300
1630	1	$39,750
1631	1	$57,350
1632	1	$39,030
1633	1	$42,255
1634	1	$42,880
1635	1	$42,880
1636	1	$49,140
1637	1	$52,365
1638	1	$56,180
1639	1	$59,405
1640	1	$59,405
1641	1	$49,600
1642	1	$62,000
1643	1	$45,200
1644	1	$53,310
1645	1	$59,150
1646	1	$52,345
1647	1	$58,450
1648	1	$55,905
1649	1	$57,450
1650	1	$57,950
1651	1	$58,515
1652	1	$59,000
1653	1	$59,010
1654	1	$73,345
1655	1	$51,800
1656	1	$54,000
1657	1	$57,500
1658	1	$60,565
1659	1	$48,650
1660	1	$51,400
1661	1	$61,500
1662	1	$57,850
1663	1	$59,800
1664	1	$57,155
1665	1	$60,055
1666	1	$57,200
1667	1	$58,500
1668	1	$59,950
1669	1	$60,720
1670	1	$60,950
1671	1	$61,950
1672	1	$84,450
1673	1	$61,420
1674	1	$69,000
1675	1	$61,885
1676	1	$67,075
1677	1	$69,465
1678	1	$62,165
1679	1	$46,900
1680	1	$51,900
1681	1	$56,500
1682	1	$67,200
1683	1	$57,000
1684	1	$67,700
1685	1	$58,000
1686	1	$64,500
1687	1	$62,495
1688	1	$65,045
1689	1	$68,610
1690	1	$71,160
1691	1	$81,625
1692	1	$84,125
1693	1	$65,380
1694	1	$68,905
1695	1	$70,925
1696	1	$65,380
1697	1	$70,925
1698	1	$73,230
1699	1	$65,690
1700	1	$74,995
1701	1	$74,380
1702	1	$74,870
1703	1	$87,345
1704	1	$67,370
1705	1	$68,405
1706	1	$73,425
1707	1	$85,225
1708	1	$74,550
1709	1	$56,150
1710	1	$63,160
1711	1	$65,710
1712	1	$76,390
1713	1	$84,790
1714	1	$85,640
1715	1	$65,100
1716	1	$71,215
1717	1	$74,205
1718	1	$76,705
1719	1	$86,680
1720	1	$72,700
1721	1	$90,700
1722	1	$110,200
1723	1	$76,100
1724	1	$88,800
1725	1	$88,800
1726	1	$99,800
1727	1	$78,450
1728	1	$80,790
1729	1	$84,060
1730	1	$95,100
1731	1	$95,100
1732	1	$106,100
1733	1	$85,500
1734	1	$45,700
1735	1	$49,700
1736	1	$46,490
1737	1	$57,590
1738	1	$92,590
1739	1	$74,000
1740	1	$99,050
1741	1	$78,425
1742	1	$88,150
1743	1	$95,150
1744	1	$83,000
1745	1	$96,125
1746	1	$102,125
1747	1	$104,625
1748	1	$88,900
1749	1	$88,900
1750	1	$92,100
1751	1	$15,605
1752	1	$17,555
1753	1	$18,355
1754	1	$19,605
1755	1	$20,405
1756	1	$21,955
1757	1	$23,955
1758	1	$17,445
1759	1	$20,275
1760	1	$20,675
1761	1	$20,460
1762	1	$24,550
1763	1	$18,995
1764	1	$20,495
1765	1	$19,195
1766	1	$27,045
1767	1	$20,120
1768	1	$22,115
1769	1	$25,995
1770	1	$28,495
1771	1	$20,450
1772	1	$24,050
1773	1	$31,000
1774	1	$22,050
1775	1	$23,300
1776	1	$24,060
1777	1	$25,310
1778	1	$20,490
1779	1	$21,735
1780	1	$20,555
1781	1	$24,350
1782	1	$25,700
1783	1	$27,455
1784	1	$72,400
1785	1	$126,300
1786	1	$53,135
1787	1	$56,635
1788	1	$56,770
1789	1	$59,780
1790	1	$62,475
1791	1	$63,280
1792	1	$64,780
1793	1	$81,455
1794	1	$106,880
1795	1	$116,880
1796	1	$82,000
1797	1	$85,000
1798	1	$88,900
1799	1	$137,000
1800	1	$122,700
1801	1	$124,450
1802	1	$109,000
1803	1	$112,200
1804	1	$123,300
1805	1	$155,100
1806	1	$117,500
1807	1	$135,000
1808	1	Not Available
1809	1	$143,800
1810	1	$133,550
1811	1	$149,700
1812	1	$102,600
1813	1	$198,750
1814	1	$110,400
1815	1	$154,400
1816	1	$177,600
1817	1	$202,500
1818	1	$207,700
1819	1	$183,000
1820	1	$186,925
1821	1	$217,310
1822	1	$231,400
1823	1	$229,100
1824	1	$210,000
1825	1	$267,990
1826	1	$266,000
1827	1	$279,500
1828	1	$286,968
1829	1	$302,584
1830	1	$319,038
1831	1	$360,400
1832	1	$388,800
1833	1	$422,700
1834	1	$380,000
1835	1	$408,000
1836	1	$443,000
1837	1	$450,000
1838	1	$405,500
1839	1	$417,000
1840	1	Not Available
1841	1	Not Available
1842	1	Not Available
1843	1	Not Available
1844	1	Not Available
1845	1	Not Available
1846	1	$17,520
1847	1	$18,775
1848	1	$22,025
1849	1	$23,195
1850	1	$25,595
1851	1	$20,995
1852	1	$18,295
1853	1	$20,295
1854	1	$21,795
1855	1	$18,495
1856	1	$21,695
1857	1	$22,995
1858	1	$18,999
1859	1	$21,499
1860	1	$21,749
1861	1	$22,499
1862	1	$24,849
1863	1	$19,030
1864	1	$20,030
1865	1	$19,900
1866	1	$24,740
1867	1	$19,995
1868	1	$27,995
1869	1	$27,995
1870	1	$21,350
1871	1	$24,390
1872	1	$25,045
1873	1	$27,025
1874	1	$27,525
1875	1	$21,795
1876	1	$20,699
1877	1	$24,185
1878	1	$23,190
1879	1	$24,990
1880	1	$26,390
1881	1	$29,250
1882	1	$25,995
1883	1	$26,645
1884	1	$28,595
1885	1	$21,800
1886	1	$16,230
1887	1	$16,245
1888	1	$19,380
1889	1	$25,460
1890	1	$19,200
1891	1	$23,210
1892	1	$19,630
1893	1	$20,695
1894	1	$22,595
1895	1	$23,450
1896	1	$21,020
1897	1	$25,625
1898	1	$27,375
1899	1	$21,185
1900	1	$22,245
1901	1	$22,585
1902	1	$22,655
1903	1	$21,385
1904	1	$22,260
1905	1	$22,600
1906	1	$21,540
1907	1	$22,490
1908	1	$25,950
1909	1	$27,650
1910	1	$31,335
1911	1	$33,035
1912	1	$22,055
1913	1	$24,055
1914	1	$22,060
1915	1	$22,360
1916	1	$22,205
1917	1	$22,605
1918	1	$22,530
1919	1	$23,785
1920	1	$22,530
1921	1	$23,905
1922	1	$28,780
1923	1	$22,615
1924	1	$23,535
1925	1	$24,365
1926	1	$25,285
1927	1	$25,620
1928	1	$29,970
1929	1	$16,255
1930	1	$20,255
1931	1	$21,005
1932	1	$21,455
1933	1	$22,255
1934	1	$23,005
1935	1	$17,540
1936	1	$19,640
1937	1	$20,440
1938	1	$25,010
1939	1	$23,435
1940	1	$18,999
1941	1	$20,549
1942	1	$22,449
1943	1	$22,999
1944	1	$25,499
1945	1	$19,510
1946	1	$19,510
1947	1	$23,240
1948	1	$19,515
1949	1	$20,580
1950	1	$22,155
1951	1	$22,485
1952	1	$19,825
1953	1	$23,455
1954	1	$25,830
1955	1	$21,980
1956	1	$22,980
1957	1	$23,730
1958	1	$24,905
1959	1	$27,080
1960	1	$27,355
1961	1	$29,430
1962	1	$29,555
1963	1	$31,630
1964	1	$21,590
1965	1	$23,235
1966	1	$24,985
1967	1	$25,750
1968	1	$26,750
1969	1	$28,500
1970	1	$22,995
1971	1	$23,200
1972	1	$23,110
1973	1	$23,985
1974	1	$23,340
1975	1	$25,310
1976	1	$25,630
1977	1	$25,095
1978	1	$28,495
1979	1	$29,745
1980	1	$21,599
1981	1	$22,590
1982	1	$23,965
1983	1	$22,680
1984	1	$26,875
1985	1	$30,945
1986	1	$23,465
1987	1	$24,070
1988	1	$25,800
1989	1	$23,935
1990	1	$27,240
1991	1	$25,150
1992	1	$27,150
1993	1	$24,090
1994	1	$24,390
1995	1	$30,085
1996	1	$24,390
1997	1	$30,495
1998	1	$24,100
1999	1	$26,300
