auto	msn	fuel_economy
2000	2000	3623	130
0000	2	18	26
0001	2	14	22
0002	2	14	19
0003	2	12	19
0004	2	13	18
0005	2	12	20
0006	2	13	20
0007	2	14	19
0008	2	13	18
0009	2	20	29
0010	2	16	27
0011	2	21	30
0012	2	18	26
0013	2	17	25
0014	2	17	25
0015	2	17	25
0016	2	17	25
0017	2	17	23
0018	2	17	25
0019	2	16	25
0020	2	17	23
0021	2	16	23
0022	2	13	19
0023	2	14	19 - 20
0024	2	13	18 - 19
0025	2	19	20
0026	2	16	23
0027	2	17	25
0028	2	14	18
0029	1	No data
0030	1	No data
0031	2	14	18
0032	2	14	18
0033	2	14	18
0034	2	13	16
0035	2	27	36
0036	2	27	36
0037	2	24	30
0038	2	24	30
0039	2	22 - 23	31 - 32
0040	2	27	36
0041	2	25	34
0042	2	22 - 23	31 - 32
0043	2	24	34
0044	2	24	34
0045	2	20	27
0046	2	20	27
0047	2	18	26
0048	2	20	27
0049	2	22	31
0050	2	21	28
0051	2	21	28
0052	2	21	29
0053	2	21	27
0054	2	20	26
0055	2	19	25
0056	2	19	25
0057	2	16	21
0058	2	16	21
0059	2	15	20
0060	2	15	20
0061	2	15	20
0062	2	17	21
0063	2	15	22
0064	2	15	22
0065	2	18	25
0066	2	22	32
0067	2	17 - 22	24 - 32
0068	2	14	20
0069	2	14	20
0070	2	14	20
0071	2	14	20
0072	2	14	20
0073	2	14	20
0074	2	16	23
0075	2	17	24
0076	2	17	24
0077	2	16	23
0078	2	16	23
0079	2	15	21
0080	2	15	21
0081	2	10	15
0082	2	15	21
0083	2	15	21
0084	2	10	16
0085	2	15	21
0086	2	10 - 14	16 - 18
0087	2	20	23
0088	2	20	23
0089	2	20	23
0090	2	13	18
0091	2	14	18
0092	2	14	18
0093	2	15	20
0094	1	No data
0095	1	No data
0096	1	No data
0097	1	No data
0098	1	No data
0099	1	No data
0100	1	No data
0101	1	No data
0102	1	No data
0103	2	11	17
0104	2	11	17
0105	1	No data
0106	2	11	17
0107	1	No data
0108	1	No data
0109	1	No data
0110	1	No data
0111	2	17 - 18	23 - 24
0112	2	17 - 18	23 - 24
0113	2	14 - 16	19 - 21
0114	2	17 - 18	23 - 25
0115	2	17 - 18	23 - 25
0116	2	14 - 18	20 - 25
0117	2	14 - 17	20 - 23
0118	2	14 - 17	20 - 23
0119	2	13 - 15	18 - 21
0120	2	13 - 15	18 - 21
0121	2	13 - 15	18 - 21
0122	2	13	18
0123	2	13 - 15	18 - 21
0124	2	13	18
0125	2	12 - 15	18 - 21
0126	2	15	21
0127	2	14 - 15	19 - 21
0128	2	14 - 15	19 - 21
0129	2	14 - 15	19 - 21
0130	2	14 - 15	19 - 21
0131	2	15	21
0132	2	14	19
0133	2	14 - 15	19 - 21
0134	2	13 - 15	18 - 21
0135	2	14	19
0136	2	13 - 15	18 - 21
0137	2	15	22
0138	2	13 - 15	18 - 21
0139	2	15	21
0140	2	13 - 15	18 - 21
0141	1	No data
0142	1	No data
0143	1	No data
0144	1	No data
0145	1	No data
0146	1	No data
0147	1	No data
0148	1	No data
0149	1	No data
0150	1	No data
0151	1	No data
0152	1	No data
0153	1	No data
0154	1	No data
0155	1	No data
0156	1	No data
0157	1	No data
0158	1	No data
0159	1	No data
0160	1	No data
0161	1	No data
0162	1	No data
0163	1	No data
0164	1	No data
0165	1	No data
0166	1	No data
0167	1	No data
0168	1	No data
0169	1	No data
0170	1	No data
0171	1	No data
0172	1	No data
0173	1	No data
0174	1	No data
0175	1	No data
0176	2	20	23
0177	2	12	18
0178	1	No data
0179	1	No data
0180	2	12	19
0181	2	22 - 23	30 - 31
0182	2	24 - 25	32
0183	2	22 - 23	29 - 31
0184	2	17	25
0185	2	20	27 - 28
0186	2	20	27
0187	2	16	24
0188	2	21	30
0189	2	21	30
0190	2	16	22
0191	2	24	29
0192	2	21	27
0193	2	21	25
0194	2	21	25
0195	2	19	25
0196	2	18	24
0197	2	15	21
0198	2	15	19
0199	2	16	20
0200	2	15	20
0201	2	14	18
0202	2	24	30 - 32
0203	2	24	30 - 32
0204	2	17	26
0205	2	19	27 - 28
0206	2	19	26
0207	2	19	26
0208	2	16	23
0209	2	17	24
0210	2	25	32
0211	2	16	23
0212	2	17	24
0213	2	16	23
0214	2	29	36
0215	2	29	35
0216	2	29	35
0217	2	26	34
0218	2	26	34
0219	2	26	34
0220	2	22	30
0221	2	26	32
0222	2	21	28
0223	2	20	26
0224	2	21	28
0225	2	22	33
0226	2	22	33
0227	2	22	32
0228	2	22	32
0229	2	20	29
0230	2	22	32
0231	2	20	29
0232	2	51	48
0233	2	51	48
0234	2	51	48
0235	2	20	25
0236	2	18	25
0237	2	20	29
0238	2	21	27
0239	2	19	26
0240	2	21	27
0241	2	22	28
0242	2	22	28
0243	2	22	28
0244	2	19	27
0245	2	17	22
0246	2	15	19
0247	2	17	22
0248	2	20	25
0249	2	18	24
0250	2	17	22
0251	2	17	23
0252	2	17	23
0253	1	28
0254	1	28
0255	2	13	18
0256	2	13	18
0257	2	13	18
0258	2	13	18
0259	2	13	18
0260	2	13	18
0261	2	14	18
0262	2	14	18
0263	2	14	18
0264	2	16	22
0265	2	19	24
0266	2	18	24
0267	2	18	24
0268	2	18	24
0269	2	18	20
0270	2	18	21
0271	2	16	20
0272	2	16	20
0273	2	21	25
0274	2	21	25
0275	2	19	25
0276	2	17	21
0277	2	17	21
0278	2	17	21
0279	2	15	19
0280	2	13	17
0281	2	13	17
0282	2	13	17
0283	2	15	20
0284	2	13	17
0285	2	13	17
0286	2	13	17
0287	2	13	17
0288	2	13	17
0289	2	13	17
0290	2	16	20
0291	2	16	20
0292	2	16	20
0293	2	14	18
0294	2	14	18
0295	2	14	18
0296	2	15	20
0297	2	14	18
0298	2	14	18
0299	2	10	17
0300	2	10	17
0301	2	10	17
0302	2	10	17
0303	2	10	14
0304	2	10	14
0305	2	9	15
0306	2	12	19
0307	2	9	15
0308	2	10	14
0309	2	21	30
0310	2	16 - 21	27 - 30
0311	2	18	26
0312	2	17	25
0313	2	17	23
0314	2	17	23
0315	2	16	25
0316	2	13	19
0317	2	13	22
0318	2	16	24
0319	2	15	23
0320	2	15 - 16	21
0321	2	16	21
0322	2	16	21
0323	2	14	19 - 20
0324	2	13	18
0325	2	13	18 - 19
0326	2	14	19 - 20
0327	2	13	18 - 19
0328	2	17	24
0329	2	17	25
0330	2	28	34
0331	2	27 - 28	34 - 36
0332	2	27 - 28	34 - 36
0333	2	27 - 28	34 - 36
0334	2	23	31
0335	2	24	35
0336	2	22	35
0337	2	22	35
0338	2	22	35
0339	2	22	33
0340	2	22	35
0341	2	21	30
0342	2	20	30
0343	2	17	27
0344	2	17	26
0345	2	17	27
0346	2	20	28
0347	2	18	27
0348	2	17	25
0349	2	16	24
0350	2	20	27
0351	2	22	31
0352	2	22	31
0353	2	21	28
0354	2	22	31
0355	2	22	31
0356	2	21	28
0357	2	20	28
0358	2	21	27
0359	2	20	26
0360	2	20	28
0361	2	20	26
0362	2	20	26
0363	2	20	26
0364	2	17	22
0365	2	17	22
0366	2	16	21
0367	2	16	23
0368	2	12 - 13	20
0369	2	8 - 9	13 - 14
0370	2	8 - 9	13 - 14
0371	2	8 - 9	13 - 14
0372	2	8 - 9	13 - 14
0373	2	10	16
0374	2	26	34
0375	2	25 - 26	33 - 34
0376	2	24 - 26	31 - 32
0377	2	24 - 26	31 - 32
0378	2	28	34
0379	2	25	30
0380	2	27	31
0381	2	27	34
0382	2	27	34
0383	2	27	34
0384	2	24	30
0385	2	21	28
0386	2	23	31
0387	2	18	27
0388	2	23	32
0389	2	20	27
0390	2	18	25
0391	2	18	26
0392	2	19	26
0393	1	No data
0394	2	15	21
0395	2	24 - 27	31 - 32
0396	2	25	30
0397	2	22	26
0398	2	22	28
0399	2	22	28
0400	2	15	21
0401	2	15	20
0402	2	14	20
0403	2	14	20
0404	2	13	18
0405	2	15	22
0406	2	18	23
0407	2	18	23
0408	2	18	23
0409	2	18	23
0410	2	12	18
0411	2	12	18
0412	2	12 - 13	19
0413	2	12 - 13	19
0414	2	14 - 15	19
0415	2	14 - 15	19
0416	2	14 - 15	19
0417	2	14	19
0418	2	14 - 15	19
0419	2	14	19
0420	2	14	19
0421	2	17 - 19	22 - 23
0422	2	15	20
0423	2	15	20
0424	2	12	17
0425	2	12	17
0426	2	12	17
0427	2	13	18
0428	2	13	18
0429	2	16	25
0430	2	16	23
0431	2	15	21
0432	2	16	23
0433	2	15	21
0434	1	No data
0435	2	16	22
0436	2	15	22
0437	2	16	24
0438	2	23 - 24	32 - 34
0439	2	23 - 24	32 - 34
0440	2	23 - 24	31 - 33
0441	2	23 - 24	31 - 33
0442	2	23 - 24	31 - 33
0443	2	23 - 24	31 - 33
0444	2	23 - 24	31 - 33
0445	2	30	42
0446	2	30	42
0447	2	20 - 21	29 - 30
0448	2	20 - 21	29 - 30
0449	2	20	29
0450	2	22 - 23	30
0451	2	23 - 24	31 - 33
0452	2	23	30
0453	2	30	41 - 42
0454	2	30	41 - 42
0455	2	20	28 - 29
0456	2	20	28 - 29
0457	2	20	28 - 29
0458	2	20	28
0459	2	20	28
0460	2	20	28
0461	2	22	30
0462	2	22	30
0463	2	23	30
0464	2	30	41 - 42
0465	2	21 - 24	31 - 32
0466	2	21 - 24	31 - 32
0467	2	21 - 24	31 - 32
0468	2	21 - 24	31 - 32
0469	2	21 - 24	31 - 32
0470	2	21 - 22	29
0471	2	21 - 22	29
0472	2	22	31
0473	2	22	31
0474	2	22	31
0475	2	19 - 21	29 - 31
0476	2	19	29
0477	2	19	29
0478	2	17	25
0479	2	22	31
0480	2	22	31
0481	2	22	30
0482	2	18 - 20	25 - 26
0483	2	19	25
0484	2	19	25
0485	2	19	25
0486	2	20	25
0487	2	16	23
0488	2	19	28
0489	2	16	23
0490	2	16	23
0491	2	19	28
0492	2	16	23
0493	2	16	23
0494	2	16	23
0495	2	16	23
0496	2	17	25
0497	2	17	25
0498	2	17	25
0499	2	18	27 - 28
0500	2	19	28
0501	2	17	25 - 26
0502	2	19	28
0503	2	23	36
0504	2	17 - 18	26 - 27
0505	2	17 - 18	24 - 26
0506	2	19	28
0507	2	17 - 18	24 - 26
0508	2	17	25 - 26
0509	2	22	32
0510	2	16	23 - 24
0511	1	No data
0512	2	15	22 - 23
0513	2	15	22
0514	2	14	20
0515	2	14	20
0516	2	13	20
0517	2	11	17
0518	2	11	17
0519	2	17 - 19	24 - 26
0520	2	17	24
0521	2	16	23
0522	2	16	23
0523	2	13	18
0524	2	12	17
0525	2	17	19
0526	2	11	15
0527	2	11	16
0528	2	11	16
0529	1	No data
0530	2	9	16
0531	2	20	29
0532	2	20	29
0533	2	19	27
0534	2	18	25
0535	2	19	27
0536	2	17	25
0537	2	18	25
0538	1	No data
0539	1	No data
0540	2	18	26
0541	2	16	25
0542	2	19	27
0543	2	18	25
0544	2	17	25
0545	2	17	25
0546	2	19	27
0547	2	17	24
0548	2	17	24
0549	2	16	23
0550	2	14	20
0551	2	16	23
0552	2	12	17
0553	2	12	17
0554	2	27 - 29	33 - 35
0555	2	27 - 29	33 - 35
0556	2	24 - 25	33
0557	2	20 - 22	28 - 29
0558	2	20 - 22	28 - 29
0559	2	22	31
0560	2	18	27
0561	2	21	28
0562	2	16	22 - 23
0563	2	16	22
0564	2	20	26
0565	2	20	26
0566	2	21 - 23	28
0567	2	21	28
0568	2	19	25
0569	2	20	28
0570	2	20	28
0571	2	18	24
0572	2	17	21
0573	2	18	24
0574	2	17	21
0575	2	17	24
0576	2	16	22
0577	2	17	24
0578	2	16	22
0579	2	16	22
0580	2	19 - 21	24 - 26
0581	2	14 - 15	18 - 19
0582	2	24 - 25	33 - 35
0583	2	23 - 25	32 - 35
0584	2	15 - 17	22 - 26
0585	2	15 - 17	22 - 26
0586	2	22	33
0587	2	17	26
0588	2	22	30
0589	2	17	26
0590	2	19	24 - 25
0591	2	19	27 - 28
0592	2	19	27 - 28
0593	2	15	24
0594	1	No data
0595	2	17	24
0596	2	16	24
0597	2	33	41
0598	2	33	41
0599	2	21	29 - 30
0600	2	21	29 - 30
0601	2	21	30
0602	2	18	24
0603	2	17	22
0604	2	18	27
0605	2	18	26
0606	2	19	27
0607	2	19	28
0608	2	18	24 - 25
0609	2	18	24 - 25
0610	2	17	22
0611	2	18	27
0612	2	17	24
0613	2	17	24
0614	2	19	26
0615	2	17	23
0616	2	17	23
0617	2	16	21
0618	2	14	20
0619	2	13	18
0620	2	13	18
0621	2	19	30
0622	2	17	27
0623	2	17	27
0624	2	15	23
0625	2	17	24
0626	2	16	22
0627	2	28 - 29	37 - 38
0628	2	28 - 29	37 - 38
0629	2	24	34 - 35
0630	2	22 - 23	31 - 34
0631	2	18 - 22	25 - 31
0632	2	18 - 22	25 - 31
0633	2	18	27
0634	2	18	25
0635	2	19	29 - 31
0636	2	19	29 - 31
0637	2	18	27
0638	2	17	25
0639	2	15	23
0640	2	15	23
0641	2	20	26
0642	2	18 - 20	23 - 26
0643	2	19 - 21	25 - 28
0644	2	19 - 21	25 - 28
0645	1	No data
0646	1	No data
0647	1	No data
0648	1	No data
0649	1	No data
0650	1	No data
0651	1	No data
0652	1	No data
0653	2	13 - 14	19
0654	2	13	19
0655	2	13 - 14	19
0656	2	14	20
0657	2	14 - 15	20 - 21
0658	2	17	24
0659	2	16	21 - 22
0660	2	14	20
0661	2	14	20
0662	2	13	18
0663	1	No data
0664	1	No data
0665	1	No data
0666	1	No data
0667	2	14	20
0668	1	No data
0669	1	No data
0670	1	No data
0671	2	22	25
0672	2	22	25
0673	2	22	25
0674	2	22	25
0675	2	22	25
0676	2	22	25
0677	2	14 - 15	17 - 19
0678	2	14 - 15	17 - 19
0679	2	14 - 15	17 - 19
0680	2	14 - 15	17 - 19
0681	1	No data
0682	1	No data
0683	1	No data
0684	2	19 - 22	24 - 27
0685	2	19 - 22	24 - 27
0686	2	15 - 22	21 - 27
0687	2	15 - 16	21
0688	1	No data
0689	1	No data
0690	1	No data
0691	1	No data
0692	1	No data
0693	1	No data
0694	1	No data
0695	1	No data
0696	1	No data
0697	1	No data
0698	1	No data
0699	1	No data
0700	1	No data
0701	1	No data
0702	1	No data
0703	1	No data
0704	1	No data
0705	1	No data
0706	1	No data
0707	1	No data
0708	1	No data
0709	1	No data
0710	1	No data
0711	1	No data
0712	1	No data
0713	1	No data
0714	1	No data
0715	1	No data
0716	1	No data
0717	1	No data
0718	1	No data
0719	1	No data
0720	1	No data
0721	1	No data
0722	1	No data
0723	1	No data
0724	1	No data
0725	1	No data
0726	1	No data
0727	1	No data
0728	1	No data
0729	1	No data
0730	1	No data
0731	1	No data
0732	1	No data
0733	1	No data
0734	1	No data
0735	1	No data
0736	1	No data
0737	1	No data
0738	1	No data
0739	1	No data
0740	1	No data
0741	1	No data
0742	1	No data
0743	1	No data
0744	1	No data
0745	1	No data
0746	1	No data
0747	1	No data
0748	1	No data
0749	1	No data
0750	1	No data
0751	1	No data
0752	1	No data
0753	1	No data
0754	1	No data
0755	1	No data
0756	1	No data
0757	1	No data
0758	1	No data
0759	1	No data
0760	1	No data
0761	1	No data
0762	1	No data
0763	1	No data
0764	1	No data
0765	1	No data
0766	1	No data
0767	1	No data
0768	1	No data
0769	1	No data
0770	1	No data
0771	1	No data
0772	1	No data
0773	1	No data
0774	2	21	30
0775	2	20	27
0776	2	20	27
0777	2	35	34
0778	2	35	34
0779	2	19	27
0780	2	19	27
0781	2	21	30
0782	2	18	25
0783	2	22	25
0784	2	16	23
0785	2	16	24
0786	2	16	23
0787	2	18	25
0788	2	30	28
0789	2	15	20
0790	2	15	20
0791	2	15	19
0792	2	18	24
0793	2	14	21
0794	2	12	18
0795	2	14	21
0796	2	17	24
0797	2	17	25
0798	2	15	23
0799	2	15	22
0800	2	13	20
0801	2	12	19
0802	2	11	18
0803	2	17 - 19	26
0804	2	19	25
0805	2	12	16
0806	2	16	21
0807	2	13	18
0808	2	21	24
0809	2	17	21
0810	2	12	17
0811	2	11	15
0812	2	11	15
0813	1	No data
0814	1	No data
0815	1	No data
0816	1	No data
0817	1	No data
0818	1	No data
0819	2	19 - 20	26 - 29
0820	2	19 - 20	27 - 29
0821	2	18	25 - 26
0822	2	18 - 19	25 - 26
0823	2	18	25 - 27
0824	2	18	25 - 26
0825	2	18 - 19	25 - 26
0826	2	18	25 - 26
0827	2	18	25 - 26
0828	2	16 - 17	24 - 25
0829	2	14	20
0830	2	13	19
0831	2	11 - 13	17 - 18
0832	2	12	19
0833	2	19 - 22	27 - 31
0834	2	18	25
0835	2	18	28
0836	2	16	24
0837	2	18 - 20	23 - 26
0838	2	14	20
0839	2	34	31
0840	2	30	29
0841	2	11	18
0842	2	11	18
0843	2	11	18
0844	2	20	26 - 27
0845	2	20	26 - 27
0846	2	20	26 - 27
0847	2	19 - 23	27 - 31
0848	2	18	25
0849	2	18	25
0850	2	19 - 22	27 - 29
0851	2	22	29
0852	2	18	25
0853	2	19	25
0854	2	19	25
0855	2	19	25
0856	2	19	25
0857	2	19	25
0858	2	19	25
0859	2	17	23
0860	2	17	23
0861	2	17	23
0862	2	21	27
0863	2	21	27
0864	2	19	24
0865	2	19	24
0866	2	16	21
0867	2	16	21
0868	2	16	21
0869	2	11 - 13	17 - 20
0870	2	11 - 13	17 - 20
0871	1	No data
0872	2	11 - 12	17 - 18
0873	2	11 - 12	17 - 18
0874	2	12	19
0875	2	27	35
0876	2	25 - 27	34 - 35
0877	2	25 - 27	34 - 35
0878	2	27	35
0879	2	25 - 27	34 - 35
0880	2	25	35
0881	2	24 - 25	33 - 35
0882	2	24 - 25	33 - 35
0883	2	24 - 25	33 - 35
0884	2	22	30
0885	2	24	36
0886	2	24	36
0887	2	24	36
0888	2	22	30 - 32
0889	2	22	30 - 32
0890	2	22	30 - 32
0891	2	22	33
0892	2	22	33
0893	2	17 - 22	26 - 33
0894	2	17 - 22	26 - 33
0895	2	17 - 18	28 - 29
0896	2	17 - 18	28 - 29
0897	2	17 - 18	28 - 29
0898	2	16	24 - 25
0899	2	19	29
0900	2	19	29
0901	2	15 - 16	25 - 26
0902	2	15 - 16	25 - 26
0903	2	15 - 16	25 - 26
0904	2	15 - 16	25 - 26
0905	2	15 - 16	25 - 26
0906	2	15 - 16	25 - 26
0907	2	15	24
0908	2	15	24
0909	2	15	24
0910	2	14	20
0911	2	14	20
0912	2	16 - 20	22 - 29
0913	2	16 - 20	22 - 29
0914	2	17 - 22	24 - 32
0915	2	12	16
0916	2	14	20
0917	2	14	20
0918	2	15	21
0919	2	15	21
0920	2	12	16
0921	2	17	24
0922	2	16	23
0923	2	16	23
0924	2	17	24
0925	2	16	23
0926	2	15	21
0927	2	15	21
0928	2	15	21
0929	2	10	16
0930	2	15	21
0931	2	10	15
0932	2	10	16
0933	2	10	15
0934	2	15	21
0935	2	20	23
0936	2	15	20
0937	1	No data
0938	1	No data
0939	1	No data
0940	1	No data
0941	1	No data
0942	2	13	16
0943	1	No data
0944	2	13	16
0945	1	No data
0946	1	No data
0947	2	13	16
0948	1	No data
0949	1	No data
0950	1	No data
0951	2	17 - 18	23 - 24
0952	2	17 - 18	23 - 24
0953	2	14 - 18	19 - 24
0954	2	14 - 16	19 - 21
0955	2	14 - 17	19 - 23
0956	2	17 - 18	23 - 25
0957	2	17 - 18	23 - 25
0958	2	17 - 18	23 - 25
0959	2	14 - 18	20 - 25
0960	2	14 - 18	20 - 25
0961	2	14	20
0962	2	14 - 17	20 - 23
0963	2	14	20
0964	2	13 - 15	18 - 21
0965	2	13 - 15	18 - 21
0966	2	15	21
0967	2	13	18
0968	2	15	21
0969	2	13	18
0970	2	12 - 15	18 - 21
0971	2	12 - 15	18 - 21
0972	2	15	21
0973	2	14 - 15	19 - 21
0974	2	14 - 15	19 - 21
0975	2	14 - 15	19 - 21
0976	2	15	21
0977	2	15	21
0978	2	13 - 15	18 - 21
0979	2	13 - 15	18 - 21
0980	1	No data
0981	1	No data
0982	1	No data
0983	1	No data
0984	1	No data
0985	1	No data
0986	1	No data
0987	1	No data
0988	1	No data
0989	1	No data
0990	1	No data
0991	1	No data
0992	1	No data
0993	1	No data
0994	1	No data
0995	1	No data
0996	1	No data
0997	1	No data
0998	1	No data
0999	1	No data
1000	1	No data
1001	1	No data
1002	1	No data
1003	1	No data
1004	1	No data
1005	1	No data
1006	1	No data
1007	1	No data
1008	1	No data
1009	2	15	21
1010	2	15	21
1011	2	20	23
1012	2	20	23
1013	2	18	26
1014	2	17	25
1015	2	18	26
1016	2	18	26
1017	2	17	25
1018	2	17	25
1019	2	17	25
1020	2	17	25
1021	2	17	22
1022	2	19	24
1023	2	16	21
1024	2	16	21
1025	2	18	27
1026	2	16 - 18	26 - 27
1027	2	16 - 18	26 - 27
1028	2	18	26
1029	2	16 - 18	25 - 27
1030	2	18	26
1031	2	18	27
1032	2	18	26
1033	2	18	27
1034	2	16 - 18	25 - 27
1035	2	12 - 14	18 - 19
1036	2	18	27
1037	2	18	27
1038	2	18	27
1039	2	18	26
1040	2	18	26
1041	2	18	26
1042	2	18	27
1043	2	15	23
1044	2	18	27
1045	2	18	27
1046	2	18	27
1047	2	15	24
1048	2	15	22
1049	2	18	25
1050	2	17	23
1051	2	18	25
1052	2	18	25
1053	2	17	23
1054	1	No data
1055	2	13	20
1056	2	13	20
1057	1	No data
1058	2	13	20
1059	2	14	20
1060	2	14	20
1061	2	14	20
1062	2	14	20
1063	2	21	22
1064	2	21	22
1065	2	21	22
1066	1	No data
1067	1	No data
1068	2	18	27
1069	2	18	27
1070	2	17	25
1071	2	18	27
1072	2	17	25
1073	2	26	34
1074	2	26	34
1075	2	25	36
1076	2	26	34
1077	2	26	34
1078	2	26	34
1079	2	25	36
1080	2	25	36
1081	2	26	34
1082	2	26	34
1083	2	25	36
1084	2	25	36
1085	2	25	36
1086	2	21	29
1087	2	26	34
1088	2	26	34
1089	2	25	36
1090	2	21	29
1091	2	21	29
1092	2	24	36
1093	2	22	31
1094	2	22	31
1095	2	21	31
1096	2	21	31
1097	2	22	31
1098	2	21	31
1099	2	21	31
1100	2	22	31
1101	2	19	29
1102	2	21	31
1103	2	21	31
1104	2	22	31
1105	2	19	28
1106	2	19	29
1107	2	40	45
1108	2	40	45
1109	2	40	45
1110	2	19	24
1111	2	18	23
1112	2	19	24
1113	2	20	25
1114	2	20	25
1115	2	20	25
1116	2	20	25
1117	2	20	25
1118	2	21	27
1119	2	21	28
1120	2	21	27
1121	2	21	28
1122	2	21	28
1123	2	17	23
1124	2	16	22
1125	2	17	23
1126	2	16	22
1127	2	17	23
1128	2	17	23
1129	2	16	22
1130	2	16	23
1131	2	17	25
1132	2	17	25
1133	2	17	25
1134	2	15	20
1135	2	15	20
1136	2	15	20
1137	2	20 - 23	22 - 28
1138	2	15	19
1139	2	15	19
1140	2	15	19
1141	2	15	21
1142	2	16	22
1143	2	13 - 16	15 - 21
1144	2	14 - 15	20
1145	2	13 - 16	15 - 21
1146	2	14 - 15	20
1147	2	11	14
1148	2	21	30
1149	2	22	28
1150	2	23	30
1151	2	22	30
1152	2	21	27
1153	2	18	27
1154	2	18	28
1155	2	28	34
1156	2	27 - 28	34 - 36
1157	2	24	30
1158	2	24	30
1159	2	22	32
1160	2	22	32
1161	2	20	28
1162	2	20	25
1163	2	18	23
1164	2	18	23
1165	2	17	23
1166	2	22	32
1167	2	17 - 22	25 - 32
1168	2	17 - 20	24 - 29
1169	2	17 - 20	24 - 29
1170	2	17 - 22	25 - 32
1171	2	17	24
1172	2	17	24
1173	2	16	23
1174	2	17	24
1175	2	15	21
1176	1	No data
1177	2	12 - 14	17 - 19
1178	2	14	20
1179	2	14	19
1180	2	14	20
1181	2	21	30
1182	2	20	28
1183	2	21	30
1184	2	18	27
1185	2	21	22
1186	1	No data
1187	2	12	18
1188	2	13	19
1189	2	12	19
1190	2	15	20
1191	1	No data
1192	1	No data
1193	1	No data
1194	1	No data
1195	2	13	17
1196	2	13	17
1197	2	13	17
1198	2	17 - 18	23 - 24
1199	2	17 - 18	23 - 24
1200	2	14 - 18	19 - 24
1201	2	14 - 17	19 - 23
1202	2	14 - 16	19 - 21
1203	2	17 - 18	23 - 25
1204	2	17 - 18	23 - 25
1205	2	12	19
1206	2	13 - 15	18 - 21
1207	2	13 - 15	18 - 21
1208	2	13 - 15	18 - 21
1209	2	13 - 15	18 - 21
1210	2	13 - 15	18 - 21
1211	2	12 - 15	18 - 21
1212	2	12 - 15	18 - 21
1213	2	12 - 15	19 - 21
1214	2	12 - 15	19 - 21
1215	2	14 - 15	19 - 21
1216	2	14 - 15	19 - 21
1217	2	15	21
1218	2	14 - 15	19 - 21
1219	2	13 - 15	19 - 21
1220	2	15	21
1221	2	13 - 15	19 - 21
1222	2	15	21
1223	2	13 - 15	19 - 21
1224	2	12	19
1225	1	No data
1226	1	No data
1227	1	No data
1228	1	No data
1229	1	No data
1230	1	No data
1231	1	No data
1232	1	No data
1233	1	No data
1234	1	No data
1235	1	No data
1236	1	No data
1237	1	No data
1238	1	No data
1239	1	No data
1240	1	No data
1241	1	No data
1242	1	No data
1243	1	No data
1244	1	No data
1245	1	No data
1246	1	No data
1247	1	No data
1248	1	No data
1249	1	No data
1250	1	No data
1251	1	No data
1252	1	No data
1253	1	No data
1254	1	No data
1255	1	No data
1256	1	No data
1257	1	No data
1258	1	No data
1259	1	No data
1260	1	No data
1261	2	21	22
1262	2	21	22
1263	2	21	22
1264	2	21	22
1265	2	22 - 23	30 - 31
1266	2	22 - 23	30 - 31
1267	2	20 - 22	28 - 29
1268	2	17	25
1269	2	17	25
1270	2	18	26
1271	2	17	25
1272	2	17	25
1273	2	17	25
1274	2	20	27 - 28
1275	2	20	27
1276	2	16	24 - 25
1277	2	16	24
1278	2	21	30
1279	2	21	30
1280	2	15	21
1281	2	29	36
1282	2	22	32
1283	2	22	32
1284	2	19	28
1285	2	19	28
1286	2	22	32
1287	2	21	29
1288	2	20	28
1289	2	19	26
1290	2	18	25
1291	2	19	28
1292	2	19	26
1293	2	19	26
1294	2	22	28
1295	2	18	24
1296	2	18	24
1297	2	18	24
1298	2	17	23
1299	2	16	23
1300	2	17	22
1301	2	17	22
1302	2	18	23
1303	2	17	23
1304	2	13	18
1305	2	13	18
1306	2	13	18
1307	2	13	18
1308	2	13	18
1309	2	14	19
1310	2	14	19
1311	2	14	19
1312	2	13	18
1313	2	16	21
1314	2	16	21
1315	2	17	23
1316	2	17	23
1317	2	17	23
1318	2	17	23
1319	2	17	23
1320	2	17	23
1321	2	17	22
1322	2	16	20
1323	2	16	20
1324	2	20	26
1325	2	20	26
1326	2	19	25
1327	2	15	18
1328	2	17	21
1329	2	17	21
1330	2	14	19
1331	2	14	19
1332	2	14	19
1333	2	13	17
1334	2	14	19
1335	2	13	17
1336	2	13	17
1337	2	13	17
1338	2	13	17
1339	2	13	17
1340	2	13	17
1341	2	14	19
1342	2	15	19
1343	2	15	20
1344	2	15	20
1345	2	14	18
1346	2	15	19
1347	2	15	20
1348	2	15	20
1349	2	14	18
1350	2	15	20
1351	2	14	18
1352	2	16	22
1353	2	16	22
1354	2	15	21
1355	2	15 - 16	20 - 21
1356	2	16	21
1357	2	16	21
1358	2	16	20
1359	2	27 - 28	34 - 36
1360	2	23	31
1361	2	16	22
1362	2	16	22
1363	2	22	32
1364	2	22	32
1365	2	19	29
1366	2	21	30
1367	2	21	30
1368	2	20	30
1369	2	17	27
1370	2	21	30
1371	2	17	26
1372	2	17	27
1373	2	17	26
1374	2	17	27
1375	2	17	26
1376	2	17	27
1377	2	17	26
1378	2	18	27
1379	2	17	25
1380	2	22	30
1381	2	23	31
1382	2	23	31
1383	2	21	28
1384	2	21	28
1385	2	23	31
1386	2	23	31
1387	2	21	28
1388	2	17	23
1389	2	26	33 - 34
1390	2	24 - 26	31 - 32
1391	2	24	32
1392	2	26	34
1393	2	24	30
1394	2	23	32
1395	2	20	27
1396	2	18	27
1397	2	23	32
1398	2	35	33
1399	2	19	24
1400	2	17	22
1401	2	17	22
1402	2	18	25
1403	2	18	26
1404	2	18	26
1405	2	18	26
1406	2	19	26
1407	2	19	26
1408	2	16	21
1409	2	16	21
1410	2	21	26
1411	2	21	26
1412	2	21	26
1413	2	22	27
1414	2	22	27
1415	2	15 - 16	20 - 21
1416	2	15 - 16	20
1417	2	15	21
1418	2	15	21
1419	2	15	20
1420	2	14	20
1421	2	14	20
1422	2	14	20
1423	2	13	18
1424	2	15	22
1425	2	15	22
1426	2	15	22
1427	2	18	23
1428	2	12	18
1429	2	12	18
1430	2	12	18
1431	2	22	28
1432	2	22	28
1433	2	21	29
1434	2	21	29
1435	2	16	21
1436	2	16	21
1437	2	22 - 23	30
1438	2	22 - 23	30
1439	2	22 - 23	30
1440	2	22 - 23	30
1441	2	22 - 23	30
1442	2	21 - 24	31 - 32
1443	2	21 - 24	31 - 32
1444	2	30	41 - 42
1445	2	23	30
1446	2	23	30
1447	2	22 - 30	30 - 42
1448	2	22 - 23	30
1449	2	30	41 - 42
1450	2	21 - 24	31 - 32
1451	2	21 - 22	31
1452	2	22	31
1453	2	22	31
1454	2	18	27
1455	2	17	25
1456	2	18	24
1457	2	18	24
1458	2	18	24
1459	2	18	24
1460	2	18	24
1461	2	18	25
1462	2	18	28
1463	2	18	28
1464	2	17	25
1465	2	18	28
1466	2	17	25
1467	2	16 - 17	25
1468	2	17	26
1469	2	17 - 18	26 - 27
1470	2	16 - 18	25 - 27
1471	2	16 - 18	25 - 27
1472	2	16 - 18	25 - 27
1473	2	18	27
1474	2	16 - 18	26 - 27
1475	2	16 - 18	26 - 27
1476	2	18	26
1477	2	17 - 18	27 - 28
1478	2	17 - 18	25 - 26
1479	2	16 - 17	24 - 26
1480	2	15	22 - 23
1481	2	14	20
1482	2	13	20
1483	2	18	28
1484	2	17 - 18	24 - 25
1485	2	15	21
1486	2	19	26
1487	2	18	26
1488	2	18	26
1489	2	17	25
1490	2	17	25
1491	2	17	25
1492	2	16	22
1493	2	16	21
1494	2	14	20
1495	2	18	26
1496	2	17	25
1497	2	14	20
1498	2	18	27
1499	2	18	27
1500	2	18	27
1501	2	18	26
1502	2	18	26
1503	2	18	26
1504	2	24 - 25	33
1505	2	24 - 25	33
1506	2	21 - 22	29
1507	2	21 - 22	29
1508	2	21 - 22	29
1509	2	20 - 21	29 - 30
1510	2	21	30
1511	2	21 - 22	28
1512	2	21	28
1513	2	21	28
1514	2	21	28
1515	2	18	25
1516	2	16	22 - 23
1517	2	16	22
1518	2	20	26
1519	2	20	26
1520	2	21 - 22	28
1521	2	21	28
1522	2	19	25
1523	2	20	28
1524	2	20	28
1525	2	18	26
1526	2	18	26
1527	2	16	22
1528	2	15	21
1529	2	15	21
1530	2	21	29 - 30
1531	2	20 - 21	29 - 31
1532	2	21	30
1533	2	15	23
1534	2	15	23
1535	2	15	22
1536	2	20	31
1537	2	16	22
1538	2	18	27
1539	2	15	22
1540	2	19 - 20	28
1541	2	17	24
1542	2	16	23
1543	2	18	25
1544	2	17	23
1545	2	17	23
1546	2	18	27
1547	2	18	27
1548	2	14	20
1549	2	14	20
1550	1	No data
1551	2	19	30
1552	2	17	26
1553	2	16	25
1554	2	17	26
1555	2	17	26
1556	2	15	22
1557	2	16	22
1558	2	17	24
1559	2	16	22
1560	2	24	34 - 35
1561	2	24	34 - 35
1562	2	24	34 - 35
1563	2	24	34 - 35
1564	2	18 - 22	27 - 31
1565	2	18	27
1566	2	16 - 17	23 - 24
1567	2	16 - 18	24 - 26
1568	2	16 - 18	24 - 26
1569	2	16 - 17	23 - 24
1570	2	16 - 17	23 - 24
1571	2	18	27
1572	2	17	25
1573	2	41	36
1574	2	14	22
1575	2	14	22
1576	2	15	24
1577	2	14	23
1578	2	20	26
1579	2	21 - 22	28
1580	2	19 - 21	25 - 28
1581	2	19 - 21	25 - 28
1582	2	18	25
1583	2	17	23
1584	2	18	25
1585	2	17	23
1586	2	17	23
1587	2	13	19
1588	2	13 - 14	19
1589	2	14	20
1590	2	14	20
1591	2	14	20
1592	2	17	24
1593	2	17	24
1594	2	16	22
1595	2	16	22
1596	2	13	19
1597	2	12	17
1598	1	No data
1599	2	12	17
1600	1	No data
1601	1	No data
1602	1	No data
1603	2	22	25
1604	2	22	25
1605	2	22	25
1606	2	22	25
1607	2	22	25
1608	2	14 - 15	17 - 19
1609	2	14 - 15	17 - 19
1610	2	14 - 15	17 - 19
1611	1	No data
1612	1	No data
1613	1	No data
1614	1	No data
1615	2	19 - 22	24 - 27
1616	2	15 - 22	21 - 27
1617	2	15 - 16	21
1618	2	14	18 - 19
1619	2	14	18 - 19
1620	2	14	18 - 19
1621	2	14	18 - 19
1622	2	14	18 - 19
1623	2	14	18 - 19
1624	2	14	18 - 19
1625	2	14	19
1626	2	14	18 - 19
1627	2	14	18 - 19
1628	2	14	18
1629	1	No data
1630	2	14	18
1631	2	14	18
1632	2	14	18
1633	2	14	19
1634	2	14	19
1635	2	14 - 15	19 - 20
1636	2	14	19
1637	2	14 - 15	19 - 20
1638	2	14 - 15	20
1639	2	14	20
1640	2	14	20
1641	2	18	25
1642	2	15	22
1643	1	No data
1644	1	No data
1645	1	No data
1646	1	No data
1647	1	No data
1648	1	No data
1649	1	No data
1650	1	No data
1651	1	No data
1652	1	No data
1653	1	No data
1654	1	No data
1655	1	No data
1656	1	No data
1657	1	No data
1658	1	No data
1659	1	No data
1660	1	No data
1661	1	No data
1662	1	No data
1663	1	No data
1664	1	No data
1665	1	No data
1666	1	No data
1667	1	No data
1668	1	No data
1669	1	No data
1670	1	No data
1671	1	No data
1672	1	No data
1673	1	No data
1674	1	No data
1675	1	No data
1676	1	No data
1677	1	No data
1678	1	No data
1679	1	No data
1680	1	No data
1681	1	No data
1682	1	No data
1683	1	No data
1684	1	No data
1685	1	No data
1686	1	No data
1687	2	20	26
1688	2	18	25
1689	2	19	27
1690	2	21	29
1691	2	18	25
1692	2	19	27
1693	2	17	24
1694	2	22	25
1695	2	16	23
1696	2	16	23
1697	2	13	18
1698	2	13	18
1699	2	13	18
1700	2	13	18
1701	2	14	18
1702	2	14	18
1703	2	14	18
1704	2	14	18
1705	2	14	18
1706	2	12	18
1707	2	18	25
1708	2	17	25
1709	2	14	19
1710	2	18	24
1711	2	14	21
1712	2	12	18
1713	2	15	23
1714	2	18	25
1715	2	20	23
1716	2	20	23
1717	2	18	25
1718	2	13	18
1719	2	11	15
1720	2	17	23
1721	2	12	17
1722	2	20	26 - 27
1723	2	20	26 - 27
1724	2	20	26 - 27
1725	2	20	26 - 27
1726	2	19 - 23	27 - 31
1727	2	19 - 23	27 - 31
1728	2	23	31
1729	2	18	25
1730	2	18	25
1731	2	18	25
1732	2	18	25
1733	2	18	25
1734	2	19 - 22	27 - 29
1735	2	22	29
1736	2	18	25
1737	2	18	25
1738	2	18	25
1739	2	18	25
1740	2	18	25
1741	2	18	25
1742	2	18	25
1743	2	20	26
1744	2	19	24
1745	2	16	21
1746	2	25 - 27	34
1747	1	No data
1748	1	No data
1749	2	25 - 27	34
1750	2	22	30 - 32
1751	2	22	30 - 32
1752	2	17 - 22	26 - 33
1753	2	17 - 18	29
1754	2	16	24 - 25
1755	2	16	24 - 25
1756	2	18 - 19	29
1757	2	15 - 16	25 - 26
1758	2	15 - 16	25 - 26
1759	2	15 - 16	25 - 26
1760	2	16	26
1761	2	16	26
1762	2	15 - 16	25 - 26
1763	2	16	26
1764	2	16	26
1765	2	14	20
1766	2	20	29
1767	2	17 - 20	24 - 29
1768	2	17 - 22	25 - 32
1769	2	17 - 22	25 - 32
1770	2	17	24
1771	2	17	24
1772	2	17	24
1773	2	16	23
1774	2	11	16
1775	2	11	16
1776	2	11	16
1777	1	No data
1778	1	No data
1779	1	No data
1780	1	No data
1781	2	18	27
1782	2	18	27
1783	2	18	27
1784	2	17	25
1785	2	21	22
1786	1	20
1787	1	No data
1788	1	No data
1789	1	No data
1790	1	No data
1791	1	No data
1792	1	No data
1793	1	No data
1794	2	13	16
1795	1	No data
1796	2	13	16
1797	1	No data
1798	2	13	16
1799	1	No data
1800	1	No data
1801	2	16 - 17	22 - 23
1802	2	14 - 18	19 - 24
1803	2	14 - 16	19 - 22
1804	2	14 - 16	19 - 21
1805	2	17 - 18	23 - 24
1806	2	17 - 18	23 - 24
1807	2	17 - 20	23 - 26
1808	2	15 - 20	20 - 26
1809	2	15 - 18	21 - 26
1810	2	15 - 17	20 - 23
1811	2	14	18 - 19
1812	2	14	18 - 19
1813	1	No data
1814	1	No data
1815	1	No data
1816	1	No data
1817	1	No data
1818	1	No data
1819	2	13 - 14	19 - 20
1820	2	14 - 15	19 - 20
1821	2	15	20
1822	2	14	19 - 20
1823	1	No data
1824	1	No data
1825	1	No data
1826	1	No data
1827	2	13 - 14	19 - 20
1828	1	No data
1829	1	No data
1830	1	No data
1831	1	No data
1832	1	No data
1833	1	No data
1834	1	No data
1835	1	No data
1836	1	No data
1837	1	No data
1838	1	No data
1839	1	No data
1840	1	No data
1841	1	No data
1842	1	No data
1843	1	No data
1844	1	No data
1845	1	No data
1846	1	No data
1847	1	No data
1848	1	No data
1849	1	No data
1850	1	No data
1851	1	No data
1852	1	No data
1853	1	No data
1854	1	No data
1855	1	No data
1856	1	No data
1857	1	No data
1858	1	No data
1859	1	No data
1860	1	No data
1861	1	No data
1862	1	No data
1863	2	15	21
1864	2	15	21
1865	2	15	21
1866	2	15	21
1867	1	20
1868	2	27	33
1869	2	28	35
1870	2	27	33
1871	2	27	33
1872	2	26	34
1873	2	26	34
1874	2	26	34
1875	2	25	36
1876	2	26	34
1877	2	26	34
1878	2	25	36
1879	2	25	36
1880	2	26	34
1881	2	25	36
1882	2	21	29
1883	2	25	36
1884	2	21	29
1885	2	21	29
1886	2	25	36
1887	2	24	36
1888	2	40	43
1889	2	23	34
1890	2	23	34
1891	2	23	34
1892	2	20	30
1893	2	22	33
1894	2	22	33
1895	2	23	34
1896	2	17	26
1897	2	20	30
1898	2	17	26
1899	2	40	43
1900	2	19	24
1901	2	20	25
1902	2	20	25
1903	2	21	27
1904	2	21	28
1905	2	21	27
1906	2	21	28
1907	2	16	22
1908	2	16	22
1909	2	17	23
1910	2	16	22
1911	2	16	22
1912	2	16	22
1913	2	18	27
1914	2	18	27
1915	2	15	20
1916	2	15	20
1917	2	15	20
1918	2	21 - 23	25 - 29
1919	2	21 - 23	24 - 28
1920	2	21 - 23	25 - 28
1921	2	21 - 23	24 - 28
1922	2	21 - 23	27 - 29
1923	2	21 - 23	27 - 28
1924	2	20 - 22	23 - 28
1925	2	15	19
1926	2	15	19
1927	2	15	19
1928	2	15	19
1929	2	15	19
1930	2	15	21
1931	2	16	22
1932	2	14 - 16	20 - 23
1933	2	14 - 16	20 - 23
1934	2	13 - 16	19 - 22
1935	2	13 - 16	19 - 22
1936	2	13	19
1937	2	14 - 15	20
1938	2	21	27
1939	2	20	26
1940	2	20	26
1941	2	24 - 26	32 - 34
1942	2	25 - 28	33 - 36
1943	2	25	33
1944	2	25	33
1945	2	24 - 26	32 - 34
1946	2	26	34
1947	2	19 - 21	28 - 31
1948	2	17 - 20	27 - 29
1949	2	19 - 21	28 - 31
1950	2	17 - 20	27 - 29
1951	2	19 - 21	27 - 31
1952	2	17 - 20	27 - 29
1953	2	19 - 21	27 - 31
1954	2	17 - 18	27
1955	2	17 - 18	27
1956	2	16	27
1957	2	14	20
1958	2	14	20
1959	2	23	33
1960	2	23	33
1961	2	23	30 - 32
1962	2	25	32
1963	2	23	30
1964	2	22 - 23	30
1965	2	22 - 23	29 - 30
1966	2	23	30
1967	2	22 - 23	30
1968	2	23	29
1969	2	23	30
1970	2	20 - 23	29 - 30
1971	2	22	29
1972	2	20 - 23	29 - 30
1973	2	22	29
1974	2	22	29
1975	2	19	23
1976	2	19	23
1977	2	19	23
1978	2	19	25
1979	2	16	23
1980	2	16	23
1981	2	17	24
1982	2	17	24
1983	2	17	24
1984	2	15	19
1985	2	15	19
1986	2	19	23
1987	2	15	20
1988	2	21	28
1989	2	22	30
1990	2	21	27
1991	2	21	27
1992	2	21	27
1993	2	18	27
1994	2	20	26
1995	2	21	29
1996	2	21	29
1997	2	18	28
1998	2	18	26
1999	2	16	23
