auto	autoweb	price
2000	2000	2000	1621
0000	1	$ 24,250
0001	1	$ 18,800
0002	1	$ 21,100
0003	1	$ 27,850
0004	1	$ 23,000
0005	1	$ 22,300
0006	1	$ 24,800
0007	1	$ 34,300
0008	1	$ 34,000
0009	1	$ 31,000
0010	1	$ 18,999
0011	1	$ 27,825
0012	1	$ 28,850
0013	1	$ 17,520
0014	1	$ 18,825
0015	1	$ 23,245
0016	1	$ 23,199
0017	1	$ 20,999
0018	1	$ 22,449
0019	1	$ 22,799
0020	1	$ 19,099
0021	1	$ 22,199
0022	1	$ 22,649
0023	1	$ 25,699
0024	1	$ 21,999
0025	1	$ 23,249
0026	1	$ 25,799
0027	1	$ 24,699
0028	1	$ 25,349
0029	1	$ 22,599
0030	1	$ 20,599
0031	1	$ 18,999
0032	1	$ 22,899
0033	1	$ 26,899
0034	1	$ 16,499
0035	1	$ 15,195
0036	1	$ 18,499
0037	1	$ 18,899
0038	1	$ 13,499
0039	1	$ 16,999
0040	1	$ 18,199
0041	1	$ 17,999
0042	1	$ 15,899
0043	1	$ 17,999
0044	1	$ 14,999
0045	1	$ 18,899
0046	1	$ 17,299
0047	1	$ 13,359
0048	1	$ 18,749
0049	1	$ 17,749
0050	1	$ 19,999
0051	1	$177,600
0052	1	$202,500
0053	1	$177,600
0054	1	$202,500
0055	1	$231,400
0056	1	$267,000
0057	1	$ 43,220
0058	1	$ 33,840
0059	1	$ 40,185
0060	1	$ 41,090
0061	1	$ 31,740
0062	1	$ 36,365
0063	1	$ 34,365
0064	1	$ 38,085
0065	1	$ 42,185
0066	1	$ 40,185
0067	1	$ 21,795
0068	1	$ 27,240
0069	1	$ 25,690
0070	1	$ 17,045
0071	1	$ 22,590
0072	1	$ 18,180
0073	1	$ 21,735
0074	1	$ 27,180
0075	1	$ 29,835
0076	1	$ 28,780
0077	1	$ 19,230
0078	1	$ 16,985
0079	1	$ 28,710
0080	1	$ 32,970
0081	1	$ 29,910
0082	1	$ 24,860
0083	1	$ 32,070
0084	1	$ 28,515
0085	1	$ 32,070
0086	1	$ 28,515
0087	1	$ 31,970
0088	1	$ 32,195
0089	1	$ 27,840
0090	1	$ 37,770
0091	1	$ 39,630
0092	1	$ 30,020
0093	1	$ 32,090
0094	1	$ 27,635
0095	1	$ 46,375
0096	1	$ 44,505
0097	1	$ 41,295
0098	1	$ 32,510
0099	1	$ 34,380
0100	1	$ 32,510
0101	1	$ 29,300
0102	1	$ 30,185
0103	1	$ 41,090
0104	1	$ 32,315
0105	1	$ 34,185
0106	1	$ 32,315
0107	1	$ 29,095
0108	1	$ 46,645
0109	1	$ 43,495
0110	1	$ 28,340
0111	1	$ 33,715
0112	1	$ 31,490
0113	1	$ 31,835
0114	1	$ 29,595
0115	1	$ 27,225
0116	1	$ 27,345
0117	1	$ 35,025
0118	1	$ 33,795
0119	1	$ 30,195
0120	1	$ 42,275
0121	1	$ 39,230
0122	1	$ 27,435
0123	1	$ 20,850
0124	1	$ 32,525
0125	1	$ 29,475
0126	1	$ 24,090
0127	1	$ 33,595
0128	1	$ 46,435
0129	1	$ 28,340
0130	1	$ 33,715
0131	1	$ 31,835
0132	1	$ 29,595
0133	1	$ 30,645
0134	1	$ 27,225
0135	1	$ 27,345
0136	1	$ 33,795
0137	1	$ 30,195
0138	1	$ 35,780
0139	1	$ 36,080
0140	1	$ 42,275
0141	1	$ 38,930
0142	1	$ 20,850
0143	1	$ 21,240
0144	1	$ 32,525
0145	1	$ 29,475
0146	1	$ 30,585
0147	1	$ 33,595
0148	1	$ 41,860
0149	1	$ 45,040
0150	1	$ 48,190
0151	1	$ 41,860
0152	1	$ 45,040
0153	1	$ 48,190
0154	1	$ 45,865
0155	1	$ 33,870
0156	1	$ 39,470
0157	1	$ 39,275
0158	1	$ 37,020
0159	1	$ 38,690
0160	1	$ 44,560
0161	1	$ 42,035
0162	1	$ 32,240
0163	1	$ 30,145
0164	1	$ 27,965
0165	1	$ 35,000
0166	1	$ 33,295
0167	1	$ 33,100
0168	1	$ 35,470
0169	1	$ 33,365
0170	1	$ 38,575
0171	1	$ 36,515
0172	1	$ 40,755
0173	1	$ 38,735
0174	1	$ 43,905
0175	1	$ 41,885
0176	1	$ 29,895
0177	1	$ 34,540
0178	1	$ 34,495
0179	1	$ 43,600
0180	1	$ 43,415
0181	1	$ 46,750
0182	1	$ 46,565
0183	1	$ 37,530
0184	1	$ 36,625
0185	1	$ 32,210
0186	1	$ 40,680
0187	1	$ 40,485
0188	1	$ 39,775
0189	1	$ 36,450
0190	1	$ 42,305
0191	1	$ 42,110
0192	1	$ 39,865
0193	1	$ 45,260
0194	1	$ 43,275
0195	1	$ 43,015
0196	1	$ 33,760
0197	1	$ 29,260
0198	1	$ 34,955
0199	1	$ 32,215
0200	1	$ 33,935
0201	1	$ 34,685
0202	1	$ 37,085
0203	1	$ 35,430
0204	1	$ 43,230
0205	1	$ 42,250
0206	1	$ 30,975
0207	1	$ 35,485
0208	1	$ 34,120
0209	1	$ 34,740
0210	1	$ 31,510
0211	1	$ 32,090
0212	1	$ 26,000
0213	1	$ 24,250
0214	1	$ 27,850
0215	1	$ 31,400
0216	1	$ 24,250
0217	1	$ 27,700
0218	1	$ 31,300
0219	1	$ 56,235
0220	1	$ 53,240
0221	1	$ 43,810
0222	1	$ 61,360
0223	1	$ 53,995
0224	1	$ 58,500
0225	1	$ 44,845
0226	1	$ 58,750
0227	1	$ 41,490
0228	1	$ 44,330
0229	1	$ 43,775
0230	1	$ 47,900
0231	1	$ 43,110
0232	1	$ 47,510
0233	1	$ 50,355
0234	1	$ 35,525
0235	1	$ 57,950
0236	1	$ 57,450
0237	1	$ 54,470
0238	1	$ 57,140
0239	1	$ 35,100
0240	1	$ 37,420
0241	1	$ 33,315
0242	1	$ 32,145
0243	1	$ 33,315
0244	1	$ 32,145
0245	1	$ 40,610
0246	1	$ 39,440
0247	1	$ 41,030
0248	1	$ 37,595
0249	1	$ 45,340
0250	1	$ 44,890
0251	1	$ 73,230
0252	1	$ 74,450
0253	1	$ 65,380
0254	1	$ 70,925
0255	1	$ 76,905
0256	1	$ 43,235
0257	1	$ 42,685
0258	1	$ 18,999
0259	1	$ 20,699
0260	1	$ 27,799
0261	1	$ 32,599
0262	1	$ 32,099
0263	1	$ 27,999
0264	1	$ 29,999
0265	1	$ 23,999
0266	1	$ 23,999
0267	1	$ 27,695
0268	1	$ 15,195
0269	1	$ 16,990
0270	1	$ 18,990
0271	1	$ 38,990
0272	1	$ 35,790
0273	1	$ 19,895
0274	1	$ 27,590
0275	1	$ 19,190
0276	1	$ 24,495
0277	1	$ 22,995
0278	1	$ 25,795
0279	1	$ 22,240
0280	1	$ 20,840
0281	1	$ 23,940
0282	1	$ 22,540
0283	1	$ 26,390
0284	1	$ 24,990
0285	1	$ 18,495
0286	1	$ 21,695
0287	1	$109,000
0288	1	$ 15,995
0289	1	$ 19,395
0290	1	$ 18,395
0291	1	$ 16,995
0292	1	$ 14,695
0293	1	$ 18,495
0294	1	$ 17,495
0295	1	$ 17,595
0296	1	$ 18,695
0297	1	$ 17,695
0298	1	$ 20,495
0299	1	$ 25,995
0300	1	$ 20,995
0301	1	$ 19,195
0302	1	$ 22,795
0303	1	$ 12,295
0304	1	$ 14,995
0305	1	$ 11,695
0306	1	$ 14,695
0307	1	$ 14,895
0308	1	$ 16,395
0309	1	$ 22,195
0310	1	$ 29,095
0311	1	$ 22,595
0312	1	$ 25,395
0313	1	$ 32,195
0314	1	$ 33,895
0315	1	$ 18,495
0316	1	$ 16,495
0317	1	$ 18,495
0318	1	$ 15,195
0319	1	$ 24,795
0320	1	$ 20,295
0321	1	$ 19,995
0322	1	$ 20,495
0323	1	$ 16,995
0324	1	$ 22,495
0325	1	$ 34,500
0326	1	$ 29,450
0327	1	$ 34,200
0328	1	$ 29,150
0329	1	$ 40,650
0330	1	$ 36,050
0331	1	$ 38,200
0332	1	$ 38,600
0333	1	$ 35,650
0334	1	$ 33,650
0335	1	$ 35,150
0336	1	$ 33,150
0337	1	$ 35,700
0338	1	$ 38,100
0339	1	$ 35,150
0340	1	$ 36,200
0341	1	$ 33,150
0342	1	$ 45,050
0343	1	$ 43,100
0344	1	$ 51,700
0345	1	$ 58,700
0346	1	$ 41,100
0347	1	$ 42,600
0348	1	$ 51,200
0349	1	$ 44,550
0350	1	$ 51,900
0351	1	$ 49,600
0352	1	$ 51,250
0353	1	$ 58,300
0354	1	$ 56,000
0355	1	$ 56,000
0356	1	$ 62,000
0357	1	$ 63,900
0358	1	$ 63,900
0359	1	$ 78,450
0360	1	$ 70,650
0361	1	$ 75,050
0362	1	$ 82,500
0363	1	$ 85,000
0364	1	$122,000
0365	1	$125,900
0366	1	$ 55,400
0367	1	$ 36,750
0368	1	$ 41,050
0369	1	$ 54,600
0370	1	$ 47,600
0371	1	$ 56,300
0372	1	$ 57,000
0373	1	$ 67,700
0374	1	$ 89,200
0375	1	$ 46,500
0376	1	$ 61,550
0377	1	$ 46,000
0378	1	$ 51,900
0379	1	$ 25,255
0380	1	$ 27,105
0381	1	$ 29,105
0382	1	$ 21,180
0383	1	$ 22,980
0384	1	$ 23,580
0385	1	$ 22,780
0386	1	$ 23,730
0387	1	$ 27,080
0388	1	$ 29,730
0389	1	$ 24,680
0390	1	$ 24,630
0391	1	$ 26,030
0392	1	$ 21,855
0393	1	$ 22,055
0394	1	$ 26,805
0395	1	$ 29,305
0396	1	$ 31,305
0397	1	$ 31,105
0398	1	$ 31,305
0399	1	$ 34,020
0400	1	$ 29,670
0401	1	$ 32,570
0402	1	$ 36,220
0403	1	$ 16,405
0404	1	$ 16,605
0405	1	$ 22,405
0406	1	$ 22,405
0407	1	$ 21,955
0408	1	$ 23,955
0409	1	$ 25,490
0410	1	$ 18,355
0411	1	$ 18,555
0412	1	$ 17,555
0413	1	$ 17,755
0414	1	$ 22,405
0415	1	$ 22,405
0416	1	$ 24,205
0417	1	$ 24,405
0418	1	$ 20,255
0419	1	$ 19,455
0420	1	$ 23,805
0421	1	$ 23,805
0422	1	$ 23,005
0423	1	$ 23,005
0424	1	$ 18,205
0425	1	$ 18,405
0426	1	$ 17,405
0427	1	$ 18,205
0428	1	$ 22,255
0429	1	$ 22,455
0430	1	$ 24,255
0431	1	$ 24,055
0432	1	$ 24,255
0433	1	$ 17,205
0434	1	$ 27,150
0435	1	$ 25,950
0436	1	$ 25,000
0437	1	$ 21,695
0438	1	$ 23,645
0439	1	$ 23,845
0440	1	$ 27,745
0441	1	$ 22,795
0442	1	$ 19,850
0443	1	$ 21,410
0444	1	$ 20,760
0445	1	$ 23,210
0446	1	$ 22,560
0447	1	$ 22,935
0448	1	$ 20,825
0449	1	$ 23,885
0450	1	$ 22,635
0451	1	$ 25,585
0452	1	$ 20,525
0453	1	$ 15,900
0454	1	$ 15,100
0455	1	$ 16,860
0456	1	$ 16,410
0457	1	$ 21,300
0458	1	$ 23,100
0459	1	$ 30,950
0460	1	$ 34,450
0461	1	$ 36,050
0462	1	$ 36,450
0463	1	$ 27,800
0464	1	$ 29,905
0465	1	$ 30,895
0466	1	$ 33,995
0467	1	$ 37,195
0468	1	$ 35,595
0469	1	$ 35,445
0470	1	$ 38,645
0471	1	$ 28,900
0472	1	$ 31,605
0473	1	$ 36,780
0474	1	$ 41,270
0475	1	$ 43,160
0476	1	$ 48,160
0477	1	$ 46,195
0478	1	$ 46,195
0479	1	$ 38,845
0480	1	$ 34,330
0481	1	$ 36,115
0482	1	$ 59,320
0483	1	$ 62,220
0484	1	$ 57,115
0485	1	$ 52,595
0486	1	$ 46,925
0487	1	$ 30,410
0488	1	$ 36,380
0489	1	$ 42,170
0490	1	$ 40,870
0491	1	$ 23,440
0492	1	$ 22,060
0493	1	$ 19,900
0494	1	$ 24,740
0495	1	$ 23,440
0496	1	$ 24,520
0497	1	$ 50,090
0498	1	$ 52,890
0499	1	$ 37,910
0500	1	$ 52,490
0501	1	$ 43,110
0502	1	$ 42,440
0503	1	$ 13,990
0504	1	$ 16,350
0505	1	$ 15,350
0506	1	$ 17,450
0507	1	$ 20,440
0508	1	$ 15,350
0509	1	$ 29,610
0510	1	$ 27,670
0511	1	$ 21,760
0512	1	$ 24,460
0513	1	$ 28,430
0514	1	$ 25,270
0515	1	$ 25,470
0516	1	$ 24,240
0517	1	$ 26,940
0518	1	$ 21,980
0519	1	$ 29,270
0520	1	$ 27,620
0521	1	$ 25,010
0522	1	$ 29,060
0523	1	$ 27,710
0524	1	$ 26,660
0525	1	$ 24,140
0526	1	$ 23,340
0527	1	$ 26,840
0528	1	$ 24,190
0529	1	$ 23,090
0530	1	$ 22,290
0531	1	$ 20,440
0532	1	$ 25,790
0533	1	$ 23,140
0534	1	$ 20,690
0535	1	$ 19,640
0536	1	$ 18,590
0537	1	$ 17,540
0538	1	$ 84,060
0539	1	$ 80,790
0540	1	$ 83,040
0541	1	$ 20,760
0542	1	$ 20,260
0543	1	$ 22,260
0544	1	$ 33,720
0545	1	$ 32,780
0546	1	$ 33,530
0547	1	$ 30,690
0548	1	$ 33,410
0549	1	$ 39,140
0550	1	$ 30,100
0551	1	$ 35,450
0552	1	$ 37,110
0553	1	$ 29,940
0554	1	$ 30,460
0555	1	$ 39,670
0556	1	$ 42,600
0557	1	$ 27,840
0558	1	$ 29,840
0559	1	$ 35,490
0560	1	$ 33,190
0561	1	$ 25,950
0562	1	$ 26,650
0563	1	$ 22,060
0564	1	$ 24,410
0565	1	$ 24,470
0566	1	$ 23,300
0567	1	$ 22,050
0568	1	$ 15,520
0569	1	$ 18,850
0570	1	$ 17,450
0571	1	$ 19,580
0572	1	$ 15,420
0573	1	$ 17,160
0574	1	$ 19,580
0575	1	$ 20,080
0576	1	$ 34,350
0577	1	$ 34,550
0578	1	$ 26,820
0579	1	$ 29,670
0580	1	$ 36,920
0581	1	$ 39,620
0582	1	$ 31,020
0583	1	$ 33,870
0584	1	$ 34,070
0585	1	$ 34,270
0586	1	$ 33,590
0587	1	$ 31,390
0588	1	$ 29,090
0589	1	$ 29,390
0590	1	$ 12,240
0591	1	$ 14,520
0592	1	$ 13,520
0593	1	$ 9,990
0594	1	$ 13,350
0595	1	$ 16,350
0596	1	$ 16,780
0597	1	$ 27,890
0598	1	$ 26,840
0599	1	$ 25,900
0600	1	$ 23,850
0601	1	$ 29,500
0602	1	$ 25,720
0603	1	$ 27,770
0604	1	$ 28,650
0605	1	$ 23,550
0606	1	$ 25,600
0607	1	$ 39,685
0608	1	$ 29,525
0609	1	$ 31,265
0610	1	$ 27,500
0611	1	$ 30,915
0612	1	$ 29,175
0613	1	$ 35,700
0614	1	$ 32,445
0615	1	$ 19,720
0616	1	$ 22,225
0617	1	$ 24,890
0618	1	$ 23,490
0619	1	$ 22,490
0620	1	$ 26,250
0621	1	$ 19,395
0622	1	$ 20,445
0623	1	$ 20,850
0624	1	$ 24,565
0625	1	$ 22,165
0626	1	$ 25,925
0627	1	$ 26,575
0628	1	$ 16,250
0629	1	$ 15,450
0630	1	$ 16,850
0631	1	$ 15,450
0632	1	$ 16,850
0633	1	$ 17,350
0634	1	$ 16,520
0635	1	$ 17,750
0636	1	$ 26,470
0637	1	$ 25,290
0638	1	$ 25,770
0639	1	$ 25,360
0640	1	$ 27,390
0641	1	$ 28,545
0642	1	$ 36,345
0643	1	$ 31,995
0644	1	$ 33,150
0645	1	$ 25,855
0646	1	$ 29,200
0647	1	$ 33,220
0648	1	$ 33,930
0649	1	$ 34,900
0650	1	$ 68,020
0651	1	$ 20,910
0652	1	$ 17,510
0653	1	$ 16,700
0654	1	$ 18,610
0655	1	$ 17,510
0656	1	$ 19,800
0657	1	$ 22,110
0658	1	$ 21,650
0659	1	$ 24,050
0660	1	$ 26,850
0661	1	$ 21,400
0662	1	$ 23,800
0663	1	$ 23,325
0664	1	$ 21,925
0665	1	$ 23,960
0666	1	$ 24,915
0667	1	$ 26,955
0668	1	$ 25,555
0669	1	$ 23,075
0670	1	$ 23,710
0671	1	$ 26,055
0672	1	$ 27,985
0673	1	$ 26,585
0674	1	$ 23,375
0675	1	$ 56,730
0676	1	$ 59,955
0677	1	$ 39,580
0678	1	$ 42,805
0679	1	$ 40,205
0680	1	$ 43,430
0681	1	$ 49,140
0682	1	$ 52,365
0683	1	$ 59,405
0684	1	$ 59,405
0685	1	$ 39,030
0686	1	$ 42,255
0687	1	$ 39,655
0688	1	$ 42,880
0689	1	$ 42,880
0690	1	$ 31,330
0691	1	$ 30,750
0692	1	$ 34,715
0693	1	$ 26,215
0694	1	$ 32,485
0695	1	$ 17,265
0696	1	$ 24,390
0697	1	$ 27,025
0698	1	$ 16,365
0699	1	$ 23,490
0700	1	$ 26,145
0701	1	$ 20,555
0702	1	$ 21,865
0703	1	$ 22,750
0704	1	$ 25,925
0705	1	$ 25,735
0706	1	$ 23,675
0707	1	$ 20,280
0708	1	$ 15,345
0709	1	$ 16,230
0710	1	$ 25,650
0711	1	$ 25,460
0712	1	$ 28,655
0713	1	$ 29,130
0714	1	$ 29,460
0715	1	$ 26,410
0716	1	$ 32,295
0717	1	$ 33,540
0718	1	$ 30,715
0719	1	$ 39,920
0720	1	$ 23,935
0721	1	$ 24,265
0722	1	$ 29,460
0723	1	$ 26,870
0724	1	$ 28,035
0725	1	$ 24,655
0726	1	$ 31,280
0727	1	$ 28,705
0728	1	$ 29,035
0729	1	$ 25,655
0730	1	$ 25,985
0731	1	$ 31,280
0732	1	$ 31,815
0733	1	$ 28,990
0734	1	$ 30,065
0735	1	$ 33,115
0736	1	$ 30,290
0737	1	$ 27,240
0738	1	$ 33,115
0739	1	$ 30,290
0740	1	$ 38,105
0741	1	$ 38,620
0742	1	$ 35,570
0743	1	$ 39,395
0744	1	$ 42,455
0745	1	$ 39,920
0746	1	$ 36,860
0747	1	$ 39,920
0748	1	$ 27,925
0749	1	$ 28,300
0750	1	$ 26,275
0751	1	$ 29,550
0752	1	$ 13,655
0753	1	$ 13,955
0754	1	$ 14,415
0755	1	$ 13,405
0756	1	$ 13,705
0757	1	$ 44,095
0758	1	$ 42,095
0759	1	$ 37,615
0760	1	$ 40,630
0761	1	$ 38,630
0762	1	$ 35,515
0763	1	$ 33,070
0764	1	$ 29,555
0765	1	$ 33,765
0766	1	$ 29,645
0767	1	$ 33,015
0768	1	$ 35,675
0769	1	$ 44,460
0770	1	$ 35,625
0771	1	$ 42,515
0772	1	$ 14,695
0773	1	$ 13,695
0774	1	$ 9,985
0775	1	$ 13,695
0776	1	$ 16,145
0777	1	$ 13,645
0778	1	$ 9,970
0779	1	$ 11,995
0780	1	$ 16,195
0781	1	$ 25,495
0782	1	$ 19,980
0783	1	$ 19,980
0784	1	$ 16,895
0785	1	$ 17,845
0786	1	$ 17,195
0787	1	$ 18,995
0788	1	$ 33,000
0789	1	$ 23,500
0790	1	$ 22,250
0791	1	$ 26,750
0792	1	$ 24,500
0793	1	$ 29,750
0794	1	$ 29,750
0795	1	$ 26,750
0796	1	$ 23,250
0797	1	$ 22,000
0798	1	$ 25,500
0799	1	$ 24,250
0800	1	$ 23,750
0801	1	$ 26,500
0802	1	$ 30,000
0803	1	$ 28,500
0804	1	$ 21,695
0805	1	$ 24,695
0806	1	$ 27,045
0807	1	$ 28,995
0808	1	$ 30,695
0809	1	$ 25,995
0810	1	$ 26,645
0811	1	$ 30,295
0812	1	$ 27,895
0813	1	$ 20,195
0814	1	$ 20,195
0815	1	$ 22,595
0816	1	$ 24,145
0817	1	$ 19,900
0818	1	$ 24,550
0819	1	$ 26,550
0820	1	$ 24,550
0821	1	$ 22,050
0822	1	$ 19,745
0823	1	$ 18,745
0824	1	$ 23,495
0825	1	$ 23,495
0826	1	$ 24,695
0827	1	$ 18,995
0828	1	$ 24,345
0829	1	$ 25,845
0830	1	$ 28,145
0831	1	$ 28,145
0832	1	$ 54,990
0833	1	$ 84,100
0834	1	$ 96,800
0835	1	$ 77,800
0836	1	$ 90,500
0837	1	$135,500
0838	1	$115,700
0839	1	$ 92,100
0840	1	$135,500
0841	1	$172,100
0842	1	$ 95,100
0843	1	$ 84,100
0844	1	$106,100
0845	1	$ 95,100
0846	1	$ 88,800
0847	1	$ 92,100
0848	1	$143,800
0849	1	$ 47,600
0850	1	$ 61,200
0851	1	$ 49,700
0852	1	$ 63,700
0853	1	$ 75,400
0854	1	$ 70,800
0855	1	$ 99,900
0856	1	$126,300
0857	1	$ 51,400
0858	1	$ 51,400
0859	1	$ 61,500
0860	1	$ 74,400
0861	1	$ 78,900
0862	1	$ 89,800
0863	1	$135,300
0864	1	$ 89,800
0865	1	$132,600
0866	1	$ 40,390
0867	1	$ 34,665
0868	1	$ 33,865
0869	1	$ 29,615
0870	1	$ 28,515
0871	1	$ 39,990
0872	1	$ 34,375
0873	1	$ 31,220
0874	1	$ 30,120
0875	1	$ 30,120
0876	1	$ 28,200
0877	1	$ 29,300
0878	1	$ 28,200
0879	1	$ 33,080
0880	1	$ 28,860
0881	1	$ 27,760
0882	1	$ 28,860
0883	1	$ 39,220
0884	1	$ 33,995
0885	1	$ 32,390
0886	1	$ 33,490
0887	1	$ 32,390
0888	1	$ 35,950
0889	1	$ 19,065
0890	1	$ 19,685
0891	1	$ 17,965
0892	1	$ 19,065
0893	1	$ 19,685
0894	1	$ 17,965
0895	1	$ 23,435
0896	1	$ 18,720
0897	1	$ 17,620
0898	1	$ 23,255
0899	1	$ 25,390
0900	1	$ 23,690
0901	1	$ 25,390
0902	1	$ 23,690
0903	1	$ 24,290
0904	1	$ 26,540
0905	1	$ 27,140
0906	1	$ 28,575
0907	1	$ 26,875
0908	1	$ 26,875
0909	1	$ 27,475
0910	1	$ 27,140
0911	1	$ 23,465
0912	1	$ 24,070
0913	1	$ 25,170
0914	1	$ 24,070
0915	1	$ 16,095
0916	1	$ 24,095
0917	1	$ 25,295
0918	1	$ 18,195
0919	1	$ 21,895
0920	1	$ 19,295
0921	1	$ 22,495
0922	1	$ 21,395
0923	1	$ 22,495
0924	1	$ 24,095
0925	1	$ 22,995
0926	1	$ 19,825
0927	1	$ 19,825
0928	1	$ 23,455
0929	1	$ 25,830
0930	1	$ 24,730
0931	1	$ 18,295
0932	1	$ 19,395
0933	1	$ 18,295
0934	1	$ 20,610
0935	1	$ 23,240
0936	1	$ 23,240
0937	1	$ 25,715
0938	1	$ 22,830
0939	1	$ 24,990
0940	1	$ 23,265
0941	1	$ 23,265
0942	1	$ 19,790
0943	1	$ 18,690
0944	1	$ 20,390
0945	1	$ 27,390
0946	1	$ 20,390
0947	1	$ 19,790
0948	1	$ 18,690
0949	1	$ 26,390
0950	1	$ 27,195
0951	1	$ 28,755
0952	1	$ 25,900
0953	1	$ 30,600
0954	1	$ 25,900
0955	1	$ 32,600
0956	1	$ 33,600
0957	1	$ 42,500
0958	1	$ 36,600
0959	1	$ 38,600
0960	1	$ 24,585
0961	1	$ 23,485
0962	1	$ 26,540
0963	1	$ 30,135
0964	1	$ 32,820
0965	1	$ 34,775
0966	1	$ 37,050
0967	1	$ 23,200
0968	1	$ 26,250
0969	1	$ 31,550
0970	1	$ 27,750
0971	1	$ 29,700
0972	1	$ 54,000
0973	1	$ 48,300
0974	1	$ 44,450
0975	1	$ 44,350
0976	1	$ 40,850
0977	1	$ 42,800
0978	1	$ 58,200
0979	1	$ 37,900
0980	1	$ 57,350
0981	1	$ 37,300
0982	1	$ 35,300
0983	1	$ 37,100
0984	1	$157,000
0985	1	$150,250
0986	1	$209,300
0987	1	$154,400
0988	1	$145,200
0989	1	$207,170
0990	1	$ 99,050
0991	1	$ 72,400
0992	1	$ 51,900
0993	1	$ 56,200
0994	1	$ 50,900
0995	1	$ 48,850
0996	1	$ 49,400
0997	1	$ 64,800
0998	1	$ 57,100
0999	1	$ 87,600
1000	1	$ 48,050
1001	1	$ 58,800
1002	1	$ 54,650
1003	1	$ 56,300
1004	1	$124,450
1005	1	$105,750
1006	1	$ 61,950
1007	1	$ 59,950
1008	1	$ 82,850
1009	1	$ 37,500
1010	1	$ 34,600
1011	1	$ 48,990
1012	1	$ 50,490
1013	1	$ 55,000
1014	1	$ 56,750
1015	1	$ 51,740
1016	1	$ 50,800
1017	1	$ 96,650
1018	1	$ 93,650
1019	1	$158,050
1020	1	$209,000
1021	1	$ 87,950
1022	1	$ 94,600
1023	1	$149,700
1024	1	$102,600
1025	1	$ 47,650
1026	1	$ 53,300
1027	1	$ 46,900
1028	1	$ 51,900
1029	1	$ 35,995
1030	1	$ 42,290
1031	1	$ 42,990
1032	1	$ 39,915
1033	1	$ 42,355
1034	1	$ 35,995
1035	1	$ 40,990
1036	1	$ 39,815
1037	1	$ 41,565
1038	1	$ 41,565
1039	1	$ 45,265
1040	1	$ 38,365
1041	1	$ 40,165
1042	1	$ 38,165
1043	1	$ 41,420
1044	1	$ 42,605
1045	1	$ 47,010
1046	1	$ 43,465
1047	1	$ 41,565
1048	1	$ 38,365
1049	1	$ 35,165
1050	1	$ 41,065
1051	1	$ 42,865
1052	1	$ 40,965
1053	1	$ 43,365
1054	1	$ 48,765
1055	1	$ 50,565
1056	1	$ 46,865
1057	1	$ 48,665
1058	1	$ 62,165
1059	1	$ 62,165
1060	1	$ 60,720
1061	1	$ 46,680
1062	1	$ 46,780
1063	1	$ 51,525
1064	1	$ 59,475
1065	1	$ 63,160
1066	1	$ 65,710
1067	1	$ 71,825
1068	1	$ 82,290
1069	1	$ 84,790
1070	1	$ 71,665
1071	1	$ 65,045
1072	1	$ 68,610
1073	1	$ 71,160
1074	1	$ 81,625
1075	1	$ 84,125
1076	1	$ 71,000
1077	1	$ 68,265
1078	1	$ 74,380
1079	1	$ 84,845
1080	1	$ 77,370
1081	1	$ 67,600
1082	1	$ 71,215
1083	1	$ 73,715
1084	1	$ 86,680
1085	1	$ 74,205
1086	1	$ 76,705
1087	1	$ 61,885
1088	1	$ 69,465
1089	1	$ 66,610
1090	1	$ 69,000
1091	1	$ 73,840
1092	1	$ 88,140
1093	1	$ 73,425
1094	1	$ 75,975
1095	1	$ 42,450
1096	1	$ 48,540
1097	1	$ 44,895
1098	1	$ 52,360
1099	1	$ 33,830
1100	1	$ 39,905
1101	1	$ 37,410
1102	1	$ 51,860
1103	1	$ 50,820
1104	1	$ 47,280
1105	1	$ 52,285
1106	1	$ 46,845
1107	1	$ 55,945
1108	1	$ 34,150
1109	1	$ 35,550
1110	1	$ 36,350
1111	1	$ 33,800
1112	1	$ 35,200
1113	1	$ 36,000
1114	1	$ 42,850
1115	1	$ 44,300
1116	1	$ 32,350
1117	1	$ 44,500
1118	1	$ 36,200
1119	1	$ 37,650
1120	1	$ 56,750
1121	1	$ 48,950
1122	1	$ 39,450
1123	1	$ 54,900
1124	1	$ 36,050
1125	1	$ 37,500
1126	1	$ 46,950
1127	1	$ 43,550
1128	1	$ 39,150
1129	1	$ 57,200
1130	1	$ 57,200
1131	1	$ 60,300
1132	1	$ 56,700
1133	1	$ 59,800
1134	1	$135,800
1135	1	$134,200
1136	1	$450,000
1137	1	$ 26,300
1138	1	$ 27,750
1139	1	$ 31,150
1140	1	$ 31,350
1141	1	$ 31,150
1142	1	$ 31,450
1143	1	$ 39,200
1144	1	$ 28,700
1145	1	$ 33,550
1146	1	$ 34,400
1147	1	$ 32,400
1148	1	$ 38,050
1149	1	$ 38,400
1150	1	$ 41,550
1151	1	$ 34,395
1152	1	$ 32,395
1153	1	$ 34,000
1154	1	$ 37,950
1155	1	$ 42,800
1156	1	$ 40,200
1157	1	$ 40,000
1158	1	$ 48,000
1159	1	$ 41,500
1160	1	$ 47,500
1161	1	$ 46,005
1162	1	$ 49,310
1163	1	$ 38,830
1164	1	$ 14,250
1165	1	$ 14,100
1166	1	$ 15,365
1167	1	$ 15,365
1168	1	$ 14,250
1169	1	$ 14,100
1170	1	$ 15,365
1171	1	$ 12,115
1172	1	$ 11,965
1173	1	$ 36,650
1174	1	$ 22,680
1175	1	$ 26,875
1176	1	$ 33,945
1177	1	$ 14,990
1178	1	$ 15,670
1179	1	$ 16,470
1180	1	$ 27,455
1181	1	$ 28,135
1182	1	$ 17,045
1183	1	$ 20,550
1184	1	$ 27,395
1185	1	$ 25,025
1186	1	$ 28,915
1187	1	$ 26,215
1188	1	$ 18,110
1189	1	$ 21,615
1190	1	$ 20,490
1191	1	$ 48,950
1192	1	$ 54,790
1193	1	$ 74,305
1194	1	$109,800
1195	1	$ 53,580
1196	1	$ 58,580
1197	1	$ 18,175
1198	1	$ 18,175
1199	1	$ 23,910
1200	1	$ 25,970
1201	1	$ 30,070
1202	1	$ 27,370
1203	1	$ 25,620
1204	1	$ 30,205
1205	1	$ 32,070
1206	1	$ 31,970
1207	1	$ 24,655
1208	1	$ 37,975
1209	1	$ 29,220
1210	1	$ 29,220
1211	1	$ 32,195
1212	1	$ 33,090
1213	1	$ 25,980
1214	1	$ 39,630
1215	1	$ 32,090
1216	1	$ 30,185
1217	1	$ 41,090
1218	1	$ 41,975
1219	1	$ 34,185
1220	1	$ 29,095
1221	1	$ 19,720
1222	1	$ 18,720
1223	1	$ 26,255
1224	1	$ 19,030
1225	1	$ 20,030
1226	1	$ 24,390
1227	1	$ 29,930
1228	1	$ 25,555
1229	1	$ 29,930
1230	1	$ 22,825
1231	1	$ 25,235
1232	1	$ 26,955
1233	1	$ 33,510
1234	1	$ 31,465
1235	1	$ 29,125
1236	1	$ 30,235
1237	1	$ 26,810
1238	1	$ 29,785
1239	1	$ 38,625
1240	1	$ 35,580
1241	1	$ 38,430
1242	1	$ 27,435
1243	1	$ 21,240
1244	1	$ 32,525
1245	1	$ 30,585
1246	1	$ 24,390
1247	1	$ 33,225
1248	1	$ 30,360
1249	1	$ 31,465
1250	1	$ 26,810
1251	1	$ 26,935
1252	1	$ 33,380
1253	1	$ 29,785
1254	1	$ 38,625
1255	1	$ 38,430
1256	1	$ 20,850
1257	1	$ 21,240
1258	1	$ 33,225
1259	1	$ 41,490
1260	1	$ 44,670
1261	1	$ 41,490
1262	1	$ 44,670
1263	1	$ 47,820
1264	1	$ 35,905
1265	1	$ 33,650
1266	1	$ 31,160
1267	1	$ 39,055
1268	1	$ 38,860
1269	1	$ 36,800
1270	1	$ 36,605
1271	1	$ 34,310
1272	1	$ 40,910
1273	1	$ 38,385
1274	1	$ 44,060
1275	1	$ 32,240
1276	1	$ 30,340
1277	1	$ 30,145
1278	1	$ 27,965
1279	1	$ 33,295
1280	1	$ 30,920
1281	1	$ 35,060
1282	1	$ 32,950
1283	1	$ 30,260
1284	1	$ 38,160
1285	1	$ 36,100
1286	1	$ 36,055
1287	1	$ 33,410
1288	1	$ 40,210
1289	1	$ 38,235
1290	1	$ 38,190
1291	1	$ 43,360
1292	1	$ 41,340
1293	1	$ 29,940
1294	1	$ 34,540
1295	1	$ 33,090
1296	1	$ 38,340
1297	1	$ 35,230
1298	1	$ 36,210
1299	1	$ 31,795
1300	1	$ 40,070
1301	1	$ 39,360
1302	1	$ 36,035
1303	1	$ 41,800
1304	1	$ 41,605
1305	1	$ 39,360
1306	1	$ 44,950
1307	1	$ 44,945
1308	1	$ 33,760
1309	1	$ 32,030
1310	1	$ 32,000
1311	1	$ 36,920
1312	1	$ 36,520
1313	1	$ 34,955
1314	1	$ 31,760
1315	1	$ 34,590
1316	1	$ 33,525
1317	1	$ 30,200
1318	1	$ 37,420
1319	1	$ 34,025
1320	1	$ 39,575
1321	1	$ 38,595
1322	1	$ 38,750
1323	1	$ 42,725
1324	1	$ 41,900
1325	1	$ 32,335
1326	1	$ 32,645
1327	1	$ 27,685
1328	1	$ 34,120
1329	1	$ 34,740
1330	1	$ 43,770
1331	1	$ 44,435
1332	1	$ 53,170
1333	1	$ 40,635
1334	1	$ 52,880
1335	1	$ 55,625
1336	1	$ 42,535
1337	1	$ 45,375
1338	1	$ 46,025
1339	1	$ 42,245
1340	1	$ 45,085
1341	1	$ 45,270
1342	1	$ 37,280
1343	1	$ 41,340
1344	1	$ 53,525
1345	1	$ 33,865
1346	1	$ 36,445
1347	1	$ 31,224
1348	1	$ 37,975
1349	1	$ 31,745
1350	1	$ 36,325
1351	1	$ 34,325
1352	1	$ 31,224
1353	1	$ 39,985
1354	1	$ 37,985
1355	1	$ 56,500
1356	1	$ 67,600
1357	1	$ 51,150
1358	1	$110,200
1359	1	$ 79,700
1360	1	$ 90,700
1361	1	$111,150
1362	1	$ 89,650
1363	1	$114,150
1364	1	$ 96,125
1365	1	$ 88,150
1366	1	$101,150
1367	1	$ 95,150
1368	1	$412,000
1369	1	$366,000
1370	1	$423,500
1371	1	$462,000
1372	1	$417,000
1373	1	$456,500
1374	1	$506,500
1375	1	$ 38,115
1376	1	$ 45,080
1377	1	$ 35,340
1378	1	$ 32,395
1379	1	$ 28,900
1380	1	$ 45,080
1381	1	$ 35,340
1382	1	$ 32,395
1383	1	$ 39,990
1384	1	$ 30,330
1385	1	$ 49,565
1386	1	$ 33,425
1387	1	$ 19,245
1388	1	$ 21,245
1389	1	$ 37,415
1390	1	$ 28,350
1391	1	$ 27,260
1392	1	$ 30,475
1393	1	$ 42,523
1394	1	$ 38,010
1395	1	$ 44,865
1396	1	$ 32,710
1397	1	$ 27,850
1398	1	$ 20,120
1399	1	$ 38,250
1400	1	$ 30,160
1401	1	$ 35,060
1402	1	$ 26,025
1403	1	$ 28,625
1404	1	$ 20,990
1405	1	$ 17,990
1406	1	$ 16,990
1407	1	$ 11,990
1408	1	$ 40,210
1409	1	$ 31,575
1410	1	$ 33,575
1411	1	$ 25,780
1412	1	$ 23,995
1413	1	$ 17,595
1414	1	$ 16,065
1415	1	$ 15,365
1416	1	$ 18,720
1417	1	$ 36,715
1418	1	$ 39,215
1419	1	$ 41,910
1420	1	$ 30,710
1421	1	$ 32,680
1422	1	$ 37,480
1423	1	$ 43,325
1424	1	$ 27,250
1425	1	$ 23,250
1426	1	$ 28,735
1427	1	$ 24,865
1428	1	$ 23,895
1429	1	$ 24,550
1430	1	$ 16,865
1431	1	$ 17,795
1432	1	$ 29,245
1433	1	$ 21,165
1434	1	$ 32,745
1435	1	$ 25,545
1436	1	$ 28,910
1437	1	$ 27,730
1438	1	$ 23,410
1439	1	$ 27,930
1440	1	$ 22,795
1441	1	$ 21,990
1442	1	$ 31,640
1443	1	$ 27,650
1444	1	$ 22,490
1445	1	$ 31,335
1446	1	$ 25,950
1447	1	$ 33,145
1448	1	$ 30,525
1449	1	$ 32,445
1450	1	$ 31,055
1451	1	$ 34,215
1452	1	$ 32,815
1453	1	$ 30,205
1454	1	$ 32,125
1455	1	$ 30,725
1456	1	$ 14,180
1457	1	$ 15,635
1458	1	$ 23,810
1459	1	$ 23,010
1460	1	$ 16,705
1461	1	$ 18,100
1462	1	$ 22,510
1463	1	$ 22,945
1464	1	$ 22,145
1465	1	$ 17,105
1466	1	$ 16,255
1467	1	$ 18,775
1468	1	$ 17,925
1469	1	$ 21,645
1470	1	$ 19,185
1471	1	$ 19,685
1472	1	$ 23,875
1473	1	$ 20,195
1474	1	$ 19,195
1475	1	$ 21,195
1476	1	$ 23,240
1477	1	$ 18,510
1478	1	$ 21,485
1479	1	$ 19,990
1480	1	$ 22,635
1481	1	$ 26,085
1482	1	$ 21,050
1483	1	$ 23,900
1484	1	$ 28,540
1485	1	$ 28,550
1486	1	$ 23,110
1487	1	$ 28,250
1488	1	$ 27,150
1489	1	$ 27,660
1490	1	$ 26,560
1491	1	$ 28,400
1492	1	$ 25,220
1493	1	$ 28,100
1494	1	$ 27,000
1495	1	$ 32,290
1496	1	$ 26,795
1497	1	$ 32,810
1498	1	$ 26,645
1499	1	$ 27,455
1500	1	$ 22,595
1501	1	$ 20,555
1502	1	$ 24,350
1503	1	$ 23,740
1504	1	$ 25,495
1505	1	$ 27,315
1506	1	$ 29,065
1507	1	$ 25,550
1508	1	$ 24,200
1509	1	$ 29,175
1510	1	$ 33,445
1511	1	$ 18,620
1512	1	$ 16,000
1513	1	$ 16,800
1514	1	$ 15,845
1515	1	$ 15,045
1516	1	$ 16,905
1517	1	$ 14,900
1518	1	$273,000
1519	1	$286,500
1520	1	$179,995
1521	1	$194,995
1522	1	$120,750
1523	1	$133,750
1524	1	$120,750
1525	1	$326,730
1526	1	$299,720
1527	1	$202,000
1528	1	$237,600
1529	1	$187,900
1530	1	$219,800
1531	1	$221,000
1532	1	$198,000
1533	1	$382,400
1534	1	$ 27,385
1535	1	$ 25,635
1536	1	$ 23,560
1537	1	$ 27,380
1538	1	$ 31,865
1539	1	$ 31,855
1540	1	$ 25,165
1541	1	$ 28,480
1542	1	$ 28,180
1543	1	$ 34,860
1544	1	$ 24,195
1545	1	$ 29,995
1546	1	$ 20,295
1547	1	$ 23,795
1548	1	$ 22,795
1549	1	$ 18,995
1550	1	$ 18,495
1551	1	$ 17,995
1552	1	$ 19,995
1553	1	$ 18,995
1554	1	$ 28,995
1555	1	$ 27,495
1556	1	$ 26,995
1557	1	$ 18,495
1558	1	$ 17,495
1559	1	$ 19,495
1560	1	$ 18,995
1561	1	$ 27,995
1562	1	$ 27,495
1563	1	$ 19,995
1564	1	$ 35,995
1565	1	$ 32,995
1566	1	$ 31,395
1567	1	$ 21,995
1568	1	$ 25,995
1569	1	$ 27,995
1570	1	$ 20,995
1571	1	$ 19,995
1572	1	$ 24,995
1573	1	$ 27,995
1574	1	$ 25,995
1575	1	$ 24,195
1576	1	$ 23,195
1577	1	$ 28,495
1578	1	$ 25,495
1579	1	$ 24,495
1580	1	$ 23,995
1581	1	$ 27,995
1582	1	$ 28,995
1583	1	$ 32,495
1584	1	$ 30,495
1585	1	$ 30,495
1586	1	$ 54,105
1587	1	$ 42,230
1588	1	$ 47,805
1589	1	$ 34,520
1590	1	$ 37,620
1591	1	$ 35,620
1592	1	$ 46,830
1593	1	$ 54,250
1594	1	$ 38,855
1595	1	$ 35,305
1596	1	$ 42,385
1597	1	$ 42,385
1598	1	$ 43,385
1599	1	$ 43,385
1600	1	$ 32,710
1601	1	$ 32,710
1602	1	$ 35,150
1603	1	$ 29,310
1604	1	$ 32,410
1605	1	$ 34,850
1606	1	$ 37,950
1607	1	$ 49,995
1608	1	$ 21,245
1609	1	$ 20,230
1610	1	$ 16,880
1611	1	$ 18,085
1612	1	$ 20,555
1613	1	$ 19,995
1614	1	$ 18,740
1615	1	$ 42,555
1616	1	$ 30,860
1617	1	$ 41,230
1618	1	$ 32,320
1619	1	$ 30,170
1620	1	$ 28,045
1621	1	$ 25,445
1622	1	$ 33,470
1623	1	$ 31,370
1624	1	$ 32,345
1625	1	$ 32,005
1626	1	$ 26,645
1627	1	$ 29,490
1628	1	$ 23,985
1629	1	$ 29,630
1630	1	$ 28,235
1631	1	$ 25,660
1632	1	$ 23,110
1633	1	$ 28,610
1634	1	$ 31,720
1635	1	$ 26,325
1636	1	$ 23,630
1637	1	$ 30,180
1638	1	$ 33,180
1639	1	$ 25,305
1640	1	$ 31,365
1641	1	$ 28,695
1642	1	$ 24,995
1643	1	$ 25,160
1644	1	$ 23,660
1645	1	$ 27,160
1646	1	$ 29,240
1647	1	$ 34,440
1648	1	$ 32,740
1649	1	$ 25,945
1650	1	$ 24,245
1651	1	$ 29,945
1652	1	$ 29,745
1653	1	$ 27,995
1654	1	$ 26,795
1655	1	$ 26,245
1656	1	$ 22,245
1657	1	$ 27,245
1658	1	$ 28,995
1659	1	$ 27,500
1660	1	$ 21,590
1661	1	$ 23,340
1662	1	$ 26,750
1663	1	$ 28,500
1664	1	$ 23,235
1665	1	$ 38,440
1666	1	$ 36,680
1667	1	$ 31,590
1668	1	$ 25,155
1669	1	$ 34,810
1670	1	$ 28,725
1671	1	$ 37,120
1672	1	$ 33,460
1673	1	$ 24,665
1674	1	$ 36,880
1675	1	$ 31,020
1676	1	$ 28,865
1677	1	$ 24,855
1678	1	$ 28,725
1679	1	$ 20,610
1680	1	$ 20,910
1681	1	$ 31,730
1682	1	$ 44,980
1683	1	$ 39,820
1684	1	$ 40,520
1685	1	$ 43,465
1686	1	$ 34,390
1687	1	$ 34,190
1688	1	$ 39,290
1689	1	$ 39,990
1690	1	$ 43,150
1691	1	$ 35,415
1692	1	$ 35,915
1693	1	$ 39,180
1694	1	$ 33,575
1695	1	$ 48,530
1696	1	$ 50,965
1697	1	$ 51,465
1698	1	$ 0
1699	1	$ 43,815
1700	1	$ 38,295
1701	1	$ 46,950
1702	1	$ 46,750
1703	1	$ 39,240
1704	1	$ 39,040
1705	1	$ 35,120
1706	1	$ 47,265
1707	1	$ 47,765
1708	1	$ 50,645
1709	1	$ 44,185
1710	1	$ 46,430
1711	1	$ 38,450
1712	1	$ 34,680
1713	1	$ 41,550
1714	1	$ 41,350
1715	1	$ 37,595
1716	1	$ 91,005
1717	1	$ 30,250
1718	1	$ 28,750
1719	1	$ 28,750
1720	1	$ 30,850
1721	1	$ 29,950
1722	1	$ 27,270
1723	1	$ 27,270
1724	1	$ 28,750
1725	1	$ 32,850
1726	1	$ 31,450
1727	1	$ 36,500
1728	1	$ 37,200
1729	1	$ 44,100
1730	1	$ 50,200
1731	1	$ 45,200
1732	1	$ 50,200
1733	1	$ 45,200
1734	1	$ 84,000
1735	1	$114,200
1736	1	$127,700
1737	1	$156,600
1738	1	$114,200
1739	1	$146,000
1740	1	$ 46,600
1741	1	$ 47,300
1742	1	$ 53,100
1743	1	$ 58,450
1744	1	$ 52,400
1745	1	$ 53,600
1746	1	$ 41,300
1747	1	$ 37,800
1748	1	$ 50,000
1749	1	$ 45,900
1750	1	$ 26,055
1751	1	$ 27,265
1752	1	$ 25,510
1753	1	$ 29,055
1754	1	$ 27,970
1755	1	$ 27,055
1756	1	$ 30,470
1757	1	$ 26,510
1758	1	$ 27,860
1759	1	$ 29,580
1760	1	$ 30,255
1761	1	$ 29,985
1762	1	$ 30,885
1763	1	$ 32,300
1764	1	$ 31,280
1765	1	$ 30,340
1766	1	$ 32,085
1767	1	$ 33,370
1768	1	$ 34,845
1769	1	$ 33,545
1770	1	$ 27,220
1771	1	$ 32,070
1772	1	$ 38,070
1773	1	$ 36,220
1774	1	$ 35,070
1775	1	$ 35,770
1776	1	$ 25,630
1777	1	$ 22,810
1778	1	$ 21,060
1779	1	$ 27,375
1780	1	$ 25,795
1781	1	$ 24,045
1782	1	$ 29,865
1783	1	$ 32,375
1784	1	$ 29,860
1785	1	$ 49,280
1786	1	$ 48,010
1787	1	$ 38,730
1788	1	$ 38,440
1789	1	$ 41,340
1790	1	$ 45,690
1791	1	$ 46,060
1792	1	$ 38,485
1793	1	$ 49,030
1794	1	$ 51,930
1795	1	$ 47,760
1796	1	$ 46,470
1797	1	$ 51,240
1798	1	$ 45,810
1799	1	$ 39,110
1800	1	$ 42,010
1801	1	$ 30,190
1802	1	$ 28,190
1803	1	$ 37,190
1804	1	$ 33,190
1805	1	$ 31,190
1806	1	$ 33,280
1807	1	$ 36,280
1808	1	$ 38,600
1809	1	$ 33,065
1810	1	$ 41,550
1811	1	$ 33,075
1812	1	$ 38,985
1813	1	$ 51,140
1814	1	$ 41,790
1815	1	$ 42,090
1816	1	$ 44,935
1817	1	$ 36,470
1818	1	$ 36,770
1819	1	$ 39,915
1820	1	$ 47,195
1821	1	$ 43,600
1822	1	$ 47,045
1823	1	$ 26,245
1824	1	$ 29,390
1825	1	$ 44,315
1826	1	$ 22,715
1827	1	$ 26,240
1828	1	$ 29,780
1829	1	$ 30,995
1830	1	$ 26,785
1831	1	$ 29,385
1832	1	$ 29,685
1833	1	$ 33,835
1834	1	$ 26,865
1835	1	$ 27,170
1836	1	$ 31,810
1837	1	$ 33,050
1838	1	$ 30,010
1839	1	$ 30,310
1840	1	$ 33,535
1841	1	$ 36,195
1842	1	$ 38,260
1843	1	$ 34,005
1844	1	$ 36,470
1845	1	$ 36,770
1846	1	$ 37,150
1847	1	$ 25,085
1848	1	$ 30,830
1849	1	$ 22,360
1850	1	$ 25,885
1851	1	$ 29,595
1852	1	$ 33,555
1853	1	$ 30,095
1854	1	$ 32,260
1855	1	$ 32,560
1856	1	$ 29,400
1857	1	$ 29,700
1858	1	$ 33,240
1859	1	$ 35,705
1860	1	$ 41,455
1861	1	$ 38,920
1862	1	$ 38,720
1863	1	$ 44,605
1864	1	$ 41,860
1865	1	$ 28,335
1866	1	$ 33,630
1867	1	$ 33,440
1868	1	$ 31,615
1869	1	$ 34,410
1870	1	$ 39,935
1871	1	$ 37,480
1872	1	$ 42,855
1873	1	$ 42,655
1874	1	$ 39,155
1875	1	$ 38,965
1876	1	$ 36,620
1877	1	$ 41,940
1878	1	$ 39,390
1879	1	$ 25,875
1880	1	$ 29,450
1881	1	$ 29,255
1882	1	$ 32,335
1883	1	$ 28,850
1884	1	$ 31,170
1885	1	$ 30,980
1886	1	$ 35,375
1887	1	$ 28,845
1888	1	$ 32,940
1889	1	$ 37,165
1890	1	$ 36,965
1891	1	$ 31,875
1892	1	$ 42,155
1893	1	$ 45,255
1894	1	$ 46,320
1895	1	$ 43,885
1896	1	$ 32,940
1897	1	$ 34,270
1898	1	$ 31,700
1899	1	$ 31,510
1900	1	$ 35,915
1901	1	$ 37,185
1902	1	$ 35,715
1903	1	$ 33,065
1904	1	$ 40,045
1905	1	$ 37,965
1906	1	$ 32,670
1907	1	$ 34,325
1908	1	$ 37,675
1909	1	$ 35,840
1910	1	$ 37,310
1911	1	$ 41,030
1912	1	$ 39,855
1913	1	$ 37,640
1914	1	$ 42,785
1915	1	$ 42,590
1916	1	$ 40,605
1917	1	$ 40,415
1918	1	$ 32,690
1919	1	$ 28,570
1920	1	$ 31,210
1921	1	$ 35,605
1922	1	$ 31,485
1923	1	$ 32,020
1924	1	$ 36,640
1925	1	$ 36,455
1926	1	$ 29,900
1927	1	$ 35,380
1928	1	$ 34,325
1929	1	$ 38,185
1930	1	$ 40,505
1931	1	$ 38,000
1932	1	$ 32,940
1933	1	$ 35,020
1934	1	$ 36,115
1935	1	$ 13,320
1936	1	$ 17,120
1937	1	$ 39,695
1938	1	$ 36,720
1939	1	$ 40,340
1940	1	$ 39,470
1941	1	$ 37,620
1942	1	$ 28,950
1943	1	$ 33,600
1944	1	$ 36,595
1945	1	$ 16,270
1946	1	$ 21,065
1947	1	$ 20,270
1948	1	$ 22,765
1949	1	$ 17,270
1950	1	$ 19,670
1951	1	$ 17,170
1952	1	$ 17,170
1953	1	$ 18,780
1954	1	$ 18,780
1955	1	$ 21,515
1956	1	$ 24,945
1957	1	$ 28,645
1958	1	$ 21,225
1959	1	$ 24,655
1960	1	$ 28,355
1961	1	$ 40,145
1962	1	$ 34,145
1963	1	$ 34,645
1964	1	$ 32,845
1965	1	$ 22,145
1966	1	$ 25,845
1967	1	$ 33,395
1968	1	$ 28,395
1969	1	$ 36,395
1970	1	$ 26,395
1971	1	$ 29,395
1972	1	$ 23,450
1973	1	$ 19,630
1974	1	$ 19,075
1975	1	$ 25,015
1976	1	$ 19,515
1977	1	$ 17,820
1978	1	$ 20,580
1979	1	$ 22,485
1980	1	$ 48,645
1981	1	$ 51,725
1982	1	$ 46,725
1983	1	$ 27,370
1984	1	$ 31,770
1985	1	$ 25,170
1986	1	$ 29,220
1987	1	$ 37,770
1988	1	$ 21,200
1989	1	$ 22,600
1990	1	$ 22,670
1991	1	$ 21,370
1992	1	$ 22,245
1993	1	$ 22,585
1994	1	$ 22,655
1995	1	$ 22,755
1996	1	$ 35,500
1997	1	$ 47,650
1998	1	$ 78,425
1999	1	$ 73,345
