auto	aol	price
2000	2000	2000	1632
0000	1	$9,970
0001	1	$11,995
0002	1	$13,645
0003	1	$13,570
0004	1	$16,470
0005	1	$13,520
0006	1	$16,900
0007	1	$9,990
0008	1	$11,090
0009	1	$13,400
0010	1	$16,780
0011	1	$11,695
0012	1	$13,795
0013	1	$11,965
0014	1	$15,365
0015	1	$14,250
0016	1	$15,365
0017	1	$14,100
0018	1	$15,365
0019	1	$12,115
0020	1	$14,250
0021	1	$15,365
0022	1	$13,990
0023	1	$17,990
0024	1	$20,990
0025	1	$12,295
0026	1	$16,095
0027	1	$13,365
0028	1	$12,905
0029	1	$13,155
0030	1	$13,300
0031	1	$18,495
0032	1	$18,495
0033	1	$13,300
0034	1	$17,195
0035	1	$17,195
0036	1	$14,320
0037	1	$16,320
0038	1	$15,120
0039	1	$17,120
0040	1	$16,899
0041	1	$18,749
0042	1	$19,999
0043	1	$16,549
0044	1	$16,199
0045	1	$18,899
0046	1	$15,899
0047	1	$17,749
0048	1	$13,499
0049	1	$18,499
0050	1	$16,999
0051	1	$16,379
0052	1	$17,749
0053	1	$18,899
0054	1	$16,499
0055	1	$16,999
0056	1	$15,195
0057	1	$15,350
0058	1	$17,450
0059	1	$20,440
0060	1	$16,895
0061	1	$17,845
0062	1	$25,295
0063	1	$19,199
0064	1	$20,999
0065	1	$23,199
0066	1	$22,449
0067	1	$24,849
0068	1	$19,200
0069	1	$20,850
0070	1	$25,925
0071	1	$22,165
0072	1	$25,840
0073	1	$24,565
0074	1	$24,850
0075	1	$19,695
0076	1	$21,225
0077	1	$24,655
0078	1	$26,505
0079	1	$28,115
0080	1	$28,355
0081	1	$21,515
0082	1	$24,945
0083	1	$28,405
0084	1	$28,645
0085	1	$19,720
0086	1	$21,175
0087	1	$26,250
0088	1	$22,490
0089	1	$26,165
0090	1	$24,890
0091	1	$29,370
0092	1	$21,300
0093	1	$19,900
0094	1	$22,060
0095	1	$24,740
0096	1	$22,940
0097	1	$30,100
0098	1	$19,900
0099	1	$21,840
0100	1	$22,940
0101	1	$30,100
0102	1	$22,635
0103	1	$24,240
0104	1	$26,820
0105	1	$27,080
0106	1	$29,320
0107	1	$19,995
0108	1	$25,295
0109	1	$31,395
0110	1	$24,995
0111	1	$25,995
0112	1	$28,295
0113	1	$19,995
0114	1	$19,995
0115	1	$20,995
0116	1	$24,995
0117	1	$27,995
0118	1	$29,995
0119	1	$24,995
0120	1	$25,995
0121	1	$20,120
0122	1	$27,850
0123	1	$29,210
0124	1	$32,710
0125	1	$22,115
0126	1	$22,795
0127	1	$25,995
0128	1	$26,495
0129	1	$28,495
0130	1	$23,590
0131	1	$25,550
0132	1	$27,165
0133	1	$27,305
0134	1	$28,915
0135	1	$20,460
0136	1	$22,050
0137	1	$24,060
0138	1	$21,710
0139	1	$25,310
0140	1	$20,495
0141	1	$27,995
0142	1	$26,995
0143	1	$24,320
0144	1	$23,885
0145	1	$23,740
0146	1	$24,350
0147	1	$25,495
0148	1	$29,065
0149	1	$20,610
0150	1	$30,540
0151	1	$25,155
0152	1	$28,935
0153	1	$33,900
0154	1	$28,425
0155	1	$33,460
0156	1	$25,365
0157	1	$28,725
0158	1	$29,075
0159	1	$32,155
0160	1	$39,430
0161	1	$37,120
0162	1	$29,010
0163	1	$31,590
0164	1	$38,440
0165	1	$36,055
0166	1	$41,585
0167	1	$39,275
0168	1	$20,610
0169	1	$25,155
0170	1	$24,665
0171	1	$28,865
0172	1	$25,065
0173	1	$25,365
0174	1	$29,075
0175	1	$40,495
0176	1	$28,510
0177	1	$31,020
0178	1	$39,035
0179	1	$31,730
0180	1	$34,240
0181	1	$20,699
0182	1	$23,220
0183	1	$24,410
0184	1	$22,060
0185	1	$25,660
0186	1	$22,935
0187	1	$22,075
0188	1	$24,185
0189	1	$22,540
0190	1	$24,990
0191	1	$22,240
0192	1	$23,940
0193	1	$26,390
0194	1	$29,250
0195	1	$26,795
0196	1	$26,480
0197	1	$28,545
0198	1	$26,810
0199	1	$21,240
0200	1	$25,395
0201	1	$30,235
0202	1	$27,435
0203	1	$38,430
0204	1	$31,290
0205	1	$33,380
0206	1	$31,465
0207	1	$38,625
0208	1	$29,375
0209	1	$34,615
0210	1	$41,775
0211	1	$32,525
0212	1	$33,510
0213	1	$20,850
0214	1	$27,225
0215	1	$27,345
0216	1	$29,595
0217	1	$25,395
0218	1	$28,340
0219	1	$24,390
0220	1	$38,930
0221	1	$29,475
0222	1	$30,645
0223	1	$36,080
0224	1	$27,435
0225	1	$33,795
0226	1	$39,230
0227	1	$30,585
0228	1	$29,375
0229	1	$30,565
0230	1	$35,025
0231	1	$42,275
0232	1	$46,645
0233	1	$21,240
0234	1	$35,280
0235	1	$25,395
0236	1	$28,140
0237	1	$30,235
0238	1	$35,580
0239	1	$27,435
0240	1	$24,090
0241	1	$24,390
0242	1	$38,430
0243	1	$31,290
0244	1	$38,730
0245	1	$31,465
0246	1	$33,225
0247	1	$34,615
0248	1	$41,775
0249	1	$32,525
0250	1	$33,510
0251	1	$20,850
0252	1	$27,225
0253	1	$27,345
0254	1	$29,595
0255	1	$35,780
0256	1	$25,395
0257	1	$24,090
0258	1	$30,495
0259	1	$24,390
0260	1	$32,685
0261	1	$38,930
0262	1	$30,645
0263	1	$36,080
0264	1	$27,435
0265	1	$33,795
0266	1	$30,585
0267	1	$31,835
0268	1	$39,125
0269	1	$43,285
0270	1	$30,565
0271	1	$33,595
0272	1	$35,025
0273	1	$42,275
0274	1	$32,525
0275	1	$33,715
0276	1	$20,995
0277	1	$27,395
0278	1	$25,395
0279	1	$24,295
0280	1	$26,695
0281	1	$29,095
0282	1	$27,095
0283	1	$33,895
0284	1	$21,020
0285	1	$24,045
0286	1	$25,625
0287	1	$21,055
0288	1	$26,030
0289	1	$26,805
0290	1	$22,555
0291	1	$23,880
0292	1	$26,080
0293	1	$21,100
0294	1	$21,165
0295	1	$28,775
0296	1	$22,980
0297	1	$23,730
0298	1	$24,105
0299	1	$27,355
0300	1	$24,455
0301	1	$27,105
0302	1	$21,185
0303	1	$21,540
0304	1	$22,755
0305	1	$21,200
0306	1	$22,260
0307	1	$23,050
0308	1	$23,200
0309	1	$21,215
0310	1	$24,215
0311	1	$25,815
0312	1	$22,965
0313	1	$27,565
0314	1	$21,275
0315	1	$23,800
0316	1	$26,600
0317	1	$21,545
0318	1	$23,845
0319	1	$26,495
0320	1	$22,795
0321	1	$25,095
0322	1	$27,745
0323	1	$21,590
0324	1	$23,235
0325	1	$21,590
0326	1	$25,750
0327	1	$26,750
0328	1	$23,340
0329	1	$24,985
0330	1	$23,340
0331	1	$27,500
0332	1	$21,599
0333	1	$21,599
0334	1	$21,650
0335	1	$23,050
0336	1	$28,320
0337	1	$24,665
0338	1	$23,710
0339	1	$25,305
0340	1	$26,585
0341	1	$23,075
0342	1	$27,985
0343	1	$21,695
0344	1	$22,395
0345	1	$23,995
0346	1	$26,645
0347	1	$22,945
0348	1	$25,245
0349	1	$21,695
0350	1	$25,995
0351	1	$27,045
0352	1	$28,995
0353	1	$27,895
0354	1	$21,695
0355	1	$25,995
0356	1	$26,645
0357	1	$28,595
0358	1	$22,490
0359	1	$25,950
0360	1	$27,650
0361	1	$33,035
0362	1	$24,995
0363	1	$25,995
0364	1	$28,695
0365	1	$21,800
0366	1	$23,660
0367	1	$27,160
0368	1	$25,160
0369	1	$21,825
0370	1	$25,175
0371	1	$24,915
0372	1	$23,960
0373	1	$25,555
0374	1	$23,325
0375	1	$25,360
0376	1	$28,235
0377	1	$21,975
0378	1	$25,235
0379	1	$21,990
0380	1	$31,640
0381	1	$26,390
0382	1	$27,955
0383	1	$22,995
0384	1	$24,495
0385	1	$24,250
0386	1	$26,750
0387	1	$25,000
0388	1	$29,500
0389	1	$28,500
0390	1	$30,500
0391	1	$23,750
0392	1	$22,025
0393	1	$22,045
0394	1	$27,245
0395	1	$29,245
0396	1	$22,060
0397	1	$25,085
0398	1	$26,255
0399	1	$26,430
0400	1	$28,230
0401	1	$22,360
0402	1	$26,555
0403	1	$27,685
0404	1	$29,795
0405	1	$34,005
0406	1	$29,030
0407	1	$32,940
0408	1	$35,890
0409	1	$26,185
0410	1	$32,260
0411	1	$36,470
0412	1	$33,255
0413	1	$39,615
0414	1	$32,560
0415	1	$36,770
0416	1	$33,555
0417	1	$38,655
0418	1	$39,915
0419	1	$38,260
0420	1	$25,845
0421	1	$32,845
0422	1	$27,145
0423	1	$30,845
0424	1	$34,645
0425	1	$37,845
0426	1	$24,195
0427	1	$27,245
0428	1	$23,995
0429	1	$27,995
0430	1	$28,995
0431	1	$24,500
0432	1	$26,750
0433	1	$29,750
0434	1	$30,750
0435	1	$22,300
0436	1	$27,150
0437	1	$22,415
0438	1	$26,865
0439	1	$29,390
0440	1	$22,715
0441	1	$27,170
0442	1	$27,085
0443	1	$30,310
0444	1	$29,030
0445	1	$29,455
0446	1	$33,075
0447	1	$34,110
0448	1	$32,175
0449	1	$33,535
0450	1	$37,255
0451	1	$26,540
0452	1	$29,755
0453	1	$29,685
0454	1	$29,780
0455	1	$35,435
0456	1	$41,790
0457	1	$43,600
0458	1	$47,995
0459	1	$47,195
0460	1	$33,835
0461	1	$35,895
0462	1	$39,615
0463	1	$44,935
0464	1	$46,745
0465	1	$51,140
0466	1	$50,340
0467	1	$30,995
0468	1	$33,050
0469	1	$35,735
0470	1	$36,770
0471	1	$42,090
0472	1	$34,135
0473	1	$36,195
0474	1	$39,915
0475	1	$45,235
0476	1	$47,045
0477	1	$22,615
0478	1	$23,535
0479	1	$25,620
0480	1	$24,365
0481	1	$29,970
0482	1	$27,370
0483	1	$22,680
0484	1	$23,880
0485	1	$30,945
0486	1	$32,650
0487	1	$36,650
0488	1	$22,680
0489	1	$30,945
0490	1	$28,320
0491	1	$25,660
0492	1	$27,720
0493	1	$30,070
0494	1	$25,720
0495	1	$27,770
0496	1	$29,500
0497	1	$30,700
0498	1	$27,005
0499	1	$25,305
0500	1	$26,325
0501	1	$30,180
0502	1	$29,275
0503	1	$31,365
0504	1	$33,180
0505	1	$26,560
0506	1	$27,000
0507	1	$24,295
0508	1	$27,995
0509	1	$27,995
0510	1	$28,995
0511	1	$23,000
0512	1	$23,985
0513	1	$28,235
0514	1	$25,660
0515	1	$26,680
0516	1	$30,535
0517	1	$29,630
0518	1	$33,535
0519	1	$23,110
0520	1	$25,450
0521	1	$26,710
0522	1	$28,550
0523	1	$23,195
0524	1	$24,495
0525	1	$28,495
0526	1	$28,195
0527	1	$29,195
0528	1	$31,495
0529	1	$27,405
0530	1	$31,550
0531	1	$33,500
0532	1	$26,250
0533	1	$23,250
0534	1	$26,650
0535	1	$24,865
0536	1	$28,250
0537	1	$27,250
0538	1	$28,735
0539	1	$27,860
0540	1	$23,340
0541	1	$23,410
0542	1	$24,585
0543	1	$28,905
0544	1	$32,050
0545	1	$27,930
0546	1	$23,455
0547	1	$24,655
0548	1	$28,705
0549	1	$28,705
0550	1	$29,035
0551	1	$25,795
0552	1	$25,940
0553	1	$36,860
0554	1	$26,870
0555	1	$28,230
0556	1	$30,290
0557	1	$38,620
0558	1	$39,920
0559	1	$29,920
0560	1	$31,280
0561	1	$28,765
0562	1	$30,065
0563	1	$38,105
0564	1	$39,395
0565	1	$31,815
0566	1	$33,115
0567	1	$23,485
0568	1	$26,540
0569	1	$29,900
0570	1	$14,180
0571	1	$14,790
0572	1	$18,990
0573	1	$27,190
0574	1	$14,900
0575	1	$16,410
0576	1	$14,900
0577	1	$14,990
0578	1	$15,670
0579	1	$16,470
0580	1	$24,535
0581	1	$14,990
0582	1	$15,670
0583	1	$16,470
0584	1	$14,995
0585	1	$17,395
0586	1	$18,395
0587	1	$15,995
0588	1	$21,395
0589	1	$22,995
0590	1	$19,825
0591	1	$23,455
0592	1	$23,560
0593	1	$25,630
0594	1	$25,310
0595	1	$25,315
0596	1	$23,690
0597	1	$29,005
0598	1	$29,605
0599	1	$23,700
0600	1	$23,800
0601	1	$23,850
0602	1	$26,840
0603	1	$29,050
0604	1	$25,900
0605	1	$23,935
0606	1	$24,265
0607	1	$26,410
0608	1	$29,130
0609	1	$29,460
0610	1	$26,275
0611	1	$28,655
0612	1	$29,470
0613	1	$30,715
0614	1	$30,715
0615	1	$39,920
0616	1	$31,705
0617	1	$29,245
0618	1	$39,395
0619	1	$32,295
0620	1	$33,540
0621	1	$42,455
0622	1	$42,455
0623	1	$23,950
0624	1	$24,050
0625	1	$26,300
0626	1	$24,180
0627	1	$26,050
0628	1	$29,600
0629	1	$31,400
0630	1	$24,250
0631	1	$25,950
0632	1	$29,550
0633	1	$26,000
0634	1	$27,700
0635	1	$29,500
0636	1	$24,290
0637	1	$25,555
0638	1	$24,390
0639	1	$25,605
0640	1	$25,700
0641	1	$29,100
0642	1	$32,375
0643	1	$25,545
0644	1	$30,750
0645	1	$35,335
0646	1	$31,330
0647	1	$34,715
0648	1	$39,970
0649	1	$26,065
0650	1	$29,725
0651	1	$29,235
0652	1	$37,865
0653	1	$26,150
0654	1	$31,370
0655	1	$25,445
0656	1	$26,645
0657	1	$29,490
0658	1	$33,470
0659	1	$32,005
0660	1	$29,195
0661	1	$26,950
0662	1	$28,515
0663	1	$28,515
0664	1	$32,070
0665	1	$32,070
0666	1	$29,205
0667	1	$29,705
0668	1	$31,970
0669	1	$24,655
0670	1	$32,070
0671	1	$32,070
0672	1	$29,205
0673	1	$29,705
0674	1	$31,970
0675	1	$24,670
0676	1	$29,670
0677	1	$24,800
0678	1	$24,860
0679	1	$28,710
0680	1	$28,710
0681	1	$32,265
0682	1	$32,265
0683	1	$32,265
0684	1	$30,205
0685	1	$32,970
0686	1	$29,570
0687	1	$25,170
0688	1	$32,320
0689	1	$31,770
0690	1	$29,220
0691	1	$37,770
0692	1	$27,370
0693	1	$29,220
0694	1	$33,620
0695	1	$25,175
0696	1	$35,875
0697	1	$32,660
0698	1	$25,290
0699	1	$25,495
0700	1	$25,545
0701	1	$32,745
0702	1	$28,910
0703	1	$27,750
0704	1	$30,200
0705	1	$33,220
0706	1	$31,650
0707	1	$34,670
0708	1	$33,930
0709	1	$25,900
0710	1	$42,500
0711	1	$29,220
0712	1	$32,195
0713	1	$33,090
0714	1	$29,270
0715	1	$28,185
0716	1	$30,640
0717	1	$27,265
0718	1	$26,150
0719	1	$31,350
0720	1	$26,245
0721	1	$27,085
0722	1	$29,645
0723	1	$33,015
0724	1	$31,820
0725	1	$26,275
0726	1	$28,100
0727	1	$27,725
0728	1	$26,475
0729	1	$28,300
0730	1	$27,925
0731	1	$26,540
0732	1	$28,540
0733	1	$29,390
0734	1	$31,390
0735	1	$34,270
0736	1	$29,090
0737	1	$30,740
0738	1	$36,640
0739	1	$33,590
0740	1	$36,470
0741	1	$39,340
0742	1	$31,190
0743	1	$34,070
0744	1	$26,575
0745	1	$29,900
0746	1	$29,565
0747	1	$32,940
0748	1	$30,300
0749	1	$34,325
0750	1	$37,440
0751	1	$32,020
0752	1	$36,115
0753	1	$34,525
0754	1	$37,640
0755	1	$32,215
0756	1	$26,645
0757	1	$32,110
0758	1	$26,780
0759	1	$26,780
0760	1	$26,795
0761	1	$32,260
0762	1	$32,290
0763	1	$26,805
0764	1	$29,905
0765	1	$33,405
0766	1	$26,820
0767	1	$29,670
0768	1	$31,670
0769	1	$34,550
0770	1	$29,370
0771	1	$31,020
0772	1	$36,920
0773	1	$32,220
0774	1	$33,870
0775	1	$36,750
0776	1	$31,470
0777	1	$34,350
0778	1	$26,995
0779	1	$29,555
0780	1	$33,765
0781	1	$27,055
0782	1	$28,410
0783	1	$30,470
0784	1	$28,755
0785	1	$27,220
0786	1	$30,220
0787	1	$36,220
0788	1	$32,640
0789	1	$37,415
0790	1	$30,475
0791	1	$27,270
0792	1	$30,250
0793	1	$30,850
0794	1	$27,270
0795	1	$34,895
0796	1	$33,150
0797	1	$29,995
0798	1	$36,345
0799	1	$34,600
0800	1	$33,220
0801	1	$35,070
0802	1	$35,770
0803	1	$27,465
0804	1	$32,905
0805	1	$38,190
0806	1	$29,895
0807	1	$38,235
0808	1	$29,940
0809	1	$31,345
0810	1	$35,060
0811	1	$40,255
0812	1	$31,390
0813	1	$33,410
0814	1	$30,615
0815	1	$36,055
0816	1	$41,340
0817	1	$33,045
0818	1	$36,100
0819	1	$33,090
0820	1	$43,360
0821	1	$34,495
0822	1	$38,205
0823	1	$34,540
0824	1	$30,675
0825	1	$30,615
0826	1	$29,175
0827	1	$37,765
0828	1	$30,915
0829	1	$39,800
0830	1	$27,540
0831	1	$37,050
0832	1	$29,540
0833	1	$32,890
0834	1	$39,250
0835	1	$27,685
0836	1	$32,090
0837	1	$27,750
0838	1	$31,150
0839	1	$27,799
0840	1	$32,599
0841	1	$27,800
0842	1	$30,950
0843	1	$40,755
0844	1	$43,250
0845	1	$31,190
0846	1	$35,490
0847	1	$37,470
0848	1	$39,670
0849	1	$27,895
0850	1	$29,495
0851	1	$35,445
0852	1	$38,645
0853	1	$37,045
0854	1	$27,945
0855	1	$35,285
0856	1	$27,965
0857	1	$31,160
0858	1	$38,190
0859	1	$33,650
0860	1	$35,710
0861	1	$40,910
0862	1	$32,045
0863	1	$35,905
0864	1	$41,105
0865	1	$32,240
0866	1	$34,310
0867	1	$30,920
0868	1	$36,605
0869	1	$41,340
0870	1	$36,800
0871	1	$33,295
0872	1	$44,060
0873	1	$35,000
0874	1	$39,055
0875	1	$44,255
0876	1	$27,965
0877	1	$38,690
0878	1	$30,340
0879	1	$36,120
0880	1	$41,415
0881	1	$36,315
0882	1	$32,240
0883	1	$37,215
0884	1	$42,035
0885	1	$33,295
0886	1	$44,560
0887	1	$35,000
0888	1	$44,755
0889	1	$27,999
0890	1	$32,599
0891	1	$31,499
0892	1	$28,045
0893	1	$29,645
0894	1	$40,395
0895	1	$30,895
0896	1	$33,995
0897	1	$38,795
0898	1	$28,145
0899	1	$34,195
0900	1	$30,045
0901	1	$34,195
0902	1	$30,045
0903	1	$35,895
0904	1	$28,180
0905	1	$31,190
0906	1	$28,200
0907	1	$31,175
0908	1	$33,575
0909	1	$28,210
0910	1	$33,065
0911	1	$35,590
0912	1	$28,299
0913	1	$32,099
0914	1	$33,599
0915	1	$28,340
0916	1	$30,460
0917	1	$37,110
0918	1	$32,060
0919	1	$38,710
0920	1	$28,345
0921	1	$16,860
0922	1	$15,195
0923	1	$16,595
0924	1	$19,495
0925	1	$27,695
0926	1	$15,345
0927	1	$16,255
0928	1	$17,925
0929	1	$19,185
0930	1	$21,645
0931	1	$16,230
0932	1	$19,380
0933	1	$19,305
0934	1	$23,215
0935	1	$25,870
0936	1	$24,175
0937	1	$18,720
0938	1	$23,385
0939	1	$17,795
0940	1	$22,800
0941	1	$24,550
0942	1	$17,160
0943	1	$19,580
0944	1	$16,520
0945	1	$18,960
0946	1	$16,850
0947	1	$15,455
0948	1	$18,205
0949	1	$19,455
0950	1	$25,340
0951	1	$22,255
0952	1	$22,055
0953	1	$17,450
0954	1	$19,580
0955	1	$34,430
0956	1	$28,500
0957	1	$31,910
0958	1	$30,100
0959	1	$33,510
0960	1	$37,050
0961	1	$28,515
0962	1	$30,460
0963	1	$31,420
0964	1	$28,700
0965	1	$28,800
0966	1	$28,805
0967	1	$32,885
0968	1	$29,260
0969	1	$36,035
0970	1	$32,215
0971	1	$41,795
0972	1	$33,965
0973	1	$44,945
0974	1	$36,920
0975	1	$31,795
0976	1	$34,945
0977	1	$31,760
0978	1	$33,760
0979	1	$44,950
0980	1	$36,715
0981	1	$36,920
0982	1	$41,605
0983	1	$44,755
0984	1	$36,520
0985	1	$28,805
0986	1	$29,260
0987	1	$35,360
0988	1	$42,305
0989	1	$40,485
0990	1	$30,725
0991	1	$32,125
0992	1	$28,900
0993	1	$35,340
0994	1	$39,990
0995	1	$45,080
0996	1	$37,020
0997	1	$32,395
0998	1	$38,115
0999	1	$35,340
1000	1	$45,080
1001	1	$30,330
1002	1	$37,020
1003	1	$32,395
1004	1	$38,115
1005	1	$28,950
1006	1	$31,750
1007	1	$37,620
1008	1	$39,470
1009	1	$36,595
1010	1	$42,465
1011	1	$29,000
1012	1	$32,850
1013	1	$35,840
1014	1	$38,880
1015	1	$42,885
1016	1	$39,070
1017	1	$37,965
1018	1	$42,155
1019	1	$35,715
1020	1	$32,940
1021	1	$38,150
1022	1	$42,345
1023	1	$40,955
1024	1	$45,255
1025	1	$40,045
1026	1	$42,795
1027	1	$46,320
1028	1	$31,875
1029	1	$37,845
1030	1	$39,695
1031	1	$42,690
1032	1	$42,190
1033	1	$29,135
1034	1	$31,055
1035	1	$33,145
1036	1	$30,525
1037	1	$34,535
1038	1	$29,150
1039	1	$31,195
1040	1	$35,195
1041	1	$43,795
1042	1	$33,195
1043	1	$41,795
1044	1	$29,224
1045	1	$34,445
1046	1	$31,224
1047	1	$33,865
1048	1	$39,975
1049	1	$36,445
1050	1	$29,224
1051	1	$31,745
1052	1	$37,985
1053	1	$33,824
1054	1	$35,574
1055	1	$33,745
1056	1	$29,230
1057	1	$30,930
1058	1	$32,730
1059	1	$33,230
1060	1	$34,830
1061	1	$36,230
1062	1	$42,515
1063	1	$33,280
1064	1	$36,280
1065	1	$31,600
1066	1	$35,600
1067	1	$38,600
1068	1	$31,600
1069	1	$38,600
1070	1	$32,510
1071	1	$34,380
1072	1	$32,510
1073	1	$34,380
1074	1	$29,310
1075	1	$34,850
1076	1	$34,500
1077	1	$29,480
1078	1	$34,860
1079	1	$31,800
1080	1	$37,180
1081	1	$32,570
1082	1	$29,675
1083	1	$37,800
1084	1	$31,415
1085	1	$39,835
1086	1	$35,955
1087	1	$29,730
1088	1	$33,130
1089	1	$44,460
1090	1	$29,810
1091	1	$29,860
1092	1	$32,370
1093	1	$31,610
1094	1	$34,120
1095	1	$29,935
1096	1	$32,445
1097	1	$34,195
1098	1	$29,985
1099	1	$31,280
1100	1	$33,760
1101	1	$33,585
1102	1	$35,060
1103	1	$30,105
1104	1	$31,855
1105	1	$30,115
1106	1	$31,865
1107	1	$30,160
1108	1	$32,160
1109	1	$36,715
1110	1	$38,410
1111	1	$32,215
1112	1	$39,215
1113	1	$30,410
1114	1	$35,080
1115	1	$39,610
1116	1	$37,320
1117	1	$40,870
1118	1	$30,495
1119	1	$32,495
1120	1	$35,795
1121	1	$35,795
1122	1	$33,410
1123	1	$30,710
1124	1	$32,680
1125	1	$43,325
1126	1	$33,530
1127	1	$30,915
1128	1	$35,680
1129	1	$36,355
1130	1	$39,205
1131	1	$30,950
1132	1	$32,350
1133	1	$37,700
1134	1	$35,350
1135	1	$31,575
1136	1	$40,210
1137	1	$33,575
1138	1	$36,365
1139	1	$40,085
1140	1	$42,185
1141	1	$31,840
1142	1	$34,465
1143	1	$39,090
1144	1	$43,220
1145	1	$41,090
1146	1	$45,220
1147	1	$31,950
1148	1	$32,850
1149	1	$35,940
1150	1	$32,000
1151	1	$38,000
1152	1	$36,275
1153	1	$35,775
1154	1	$32,395
1155	1	$37,200
1156	1	$34,395
1157	1	$41,550
1158	1	$32,400
1159	1	$40,050
1160	1	$32,445
1161	1	$35,685
1162	1	$32,520
1163	1	$32,620
1164	1	$34,620
1165	1	$32,940
1166	1	$36,100
1167	1	$32,995
1168	1	$34,995
1169	1	$33,000
1170	1	$33,000
1171	1	$39,500
1172	1	$33,150
1173	1	$36,200
1174	1	$38,100
1175	1	$45,000
1176	1	$37,500
1177	1	$50,550
1178	1	$34,450
1179	1	$37,000
1180	1	$43,350
1181	1	$46,950
1182	1	$54,900
1183	1	$33,390
1184	1	$41,705
1185	1	$38,365
1186	1	$33,550
1187	1	$38,000
1188	1	$40,990
1189	1	$35,790
1190	1	$33,600
1191	1	$35,300
1192	1	$37,300
1193	1	$57,350
1194	1	$38,600
1195	1	$35,650
1196	1	$38,200
1197	1	$36,000
1198	1	$35,200
1199	1	$33,830
1200	1	$38,260
1201	1	$42,450
1202	1	$48,540
1203	1	$49,915
1204	1	$52,360
1205	1	$37,410
1206	1	$41,850
1207	1	$44,395
1208	1	$48,040
1209	1	$49,315
1210	1	$51,860
1211	1	$33,990
1212	1	$39,990
1213	1	$35,900
1214	1	$37,490
1215	1	$37,900
1216	1	$58,200
1217	1	$33,995
1218	1	$37,250
1219	1	$39,220
1220	1	$33,995
1221	1	$37,195
1222	1	$34,150
1223	1	$36,350
1224	1	$35,550
1225	1	$36,115
1226	1	$34,330
1227	1	$36,220
1228	1	$36,600
1229	1	$38,250
1230	1	$43,485
1231	1	$46,430
1232	1	$49,945
1233	1	$43,685
1234	1	$41,550
1235	1	$34,900
1236	1	$41,220
1237	1	$35,050
1238	1	$36,200
1239	1	$37,650
1240	1	$42,400
1241	1	$43,400
1242	1	$44,500
1243	1	$48,950
1244	1	$56,750
1245	1	$35,100
1246	1	$37,870
1247	1	$35,105
1248	1	$38,655
1249	1	$15,600
1250	1	$15,605
1251	1	$16,555
1252	1	$17,755
1253	1	$19,605
1254	1	$21,955
1255	1	$22,405
1256	1	$25,490
1257	1	$17,555
1258	1	$21,955
1259	1	$22,205
1260	1	$15,800
1261	1	$16,705
1262	1	$18,100
1263	1	$19,545
1264	1	$22,510
1265	1	$20,045
1266	1	$15,850
1267	1	$18,320
1268	1	$19,495
1269	1	$15,995
1270	1	$22,195
1271	1	$17,695
1272	1	$23,895
1273	1	$16,000
1274	1	$16,100
1275	1	$20,875
1276	1	$20,275
1277	1	$41,565
1278	1	$38,220
1279	1	$39,765
1280	1	$47,620
1281	1	$43,465
1282	1	$49,520
1283	1	$41,565
1284	1	$49,065
1285	1	$40,165
1286	1	$45,265
1287	1	$43,465
1288	1	$50,965
1289	1	$42,605
1290	1	$38,165
1291	1	$35,165
1292	1	$39,765
1293	1	$38,365
1294	1	$43,465
1295	1	$41,065
1296	1	$41,665
1297	1	$48,765
1298	1	$38,265
1299	1	$43,365
1300	1	$40,965
1301	1	$41,565
1302	1	$48,665
1303	1	$45,265
1304	1	$43,465
1305	1	$50,565
1306	1	$35,175
1307	1	$42,500
1308	1	$35,305
1309	1	$38,855
1310	1	$35,500
1311	1	$37,500
1312	1	$35,515
1313	1	$38,630
1314	1	$40,630
1315	1	$43,995
1316	1	$36,025
1317	1	$35,585
1318	1	$41,390
1319	1	$44,290
1320	1	$35,615
1321	1	$38,730
1322	1	$40,730
1323	1	$35,725
1324	1	$45,815
1325	1	$35,830
1326	1	$46,380
1327	1	$41,340
1328	1	$48,010
1329	1	$49,280
1330	1	$44,000
1331	1	$36,050
1332	1	$40,350
1333	1	$43,550
1334	1	$39,150
1335	1	$36,110
1336	1	$46,005
1337	1	$39,160
1338	1	$42,265
1339	1	$49,310
1340	1	$36,350
1341	1	$40,650
1342	1	$36,500
1343	1	$44,190
1344	1	$44,000
1345	1	$40,800
1346	1	$39,300
1347	1	$36,950
1348	1	$40,700
1349	1	$36,975
1350	1	$37,280
1351	1	$50,765
1352	1	$41,340
1353	1	$44,980
1354	1	$53,615
1355	1	$37,490
1356	1	$43,145
1357	1	$49,690
1358	1	$43,110
1359	1	$45,240
1360	1	$52,490
1361	1	$37,570
1362	1	$42,420
1363	1	$45,270
1364	1	$37,595
1365	1	$37,625
1366	1	$39,500
1367	1	$39,700
1368	1	$37,800
1369	1	$40,800
1370	1	$37,910
1371	1	$43,510
1372	1	$45,640
1373	1	$52,890
1374	1	$37,950
1375	1	$37,975
1376	1	$40,050
1377	1	$38,020
1378	1	$43,810
1379	1	$42,080
1380	1	$46,665
1381	1	$53,000
1382	1	$40,000
1383	1	$48,000
1384	1	$41,300
1385	1	$38,340
1386	1	$41,490
1387	1	$38,340
1388	1	$44,670
1389	1	$47,820
1390	1	$48,030
1391	1	$44,050
1392	1	$42,595
1393	1	$46,905
1394	1	$53,240
1395	1	$41,530
1396	1	$38,710
1397	1	$41,860
1398	1	$45,040
1399	1	$38,845
1400	1	$40,695
1401	1	$38,850
1402	1	$39,030
1403	1	$39,655
1404	1	$49,140
1405	1	$56,180
1406	1	$42,255
1407	1	$59,405
1408	1	$39,110
1409	1	$48,340
1410	1	$42,010
1411	1	$46,470
1412	1	$48,710
1413	1	$51,240
1414	1	$40,995
1415	1	$50,950
1416	1	$47,760
1417	1	$44,050
1418	1	$39,440
1419	1	$40,205
1420	1	$43,430
1421	1	$52,915
1422	1	$39,890
1423	1	$40,000
1424	1	$40,600
1425	1	$42,650
1426	1	$42,600
1427	1	$51,200
1428	1	$44,550
1429	1	$40,635
1430	1	$44,145
1431	1	$52,880
1432	1	$43,480
1433	1	$46,990
1434	1	$55,625
1435	1	$40,850
1436	1	$44,350
1437	1	$53,170
1438	1	$43,770
1439	1	$47,280
1440	1	$56,170
1441	1	$41,100
1442	1	$43,150
1443	1	$50,150
1444	1	$43,100
1445	1	$51,700
1446	1	$58,700
1447	1	$45,050
1448	1	$41,270
1449	1	$43,160
1450	1	$41,270
1451	1	$43,160
1452	1	$48,160
1453	1	$46,030
1454	1	$55,665
1455	1	$41,600
1456	1	$43,050
1457	1	$46,270
1458	1	$44,845
1459	1	$49,005
1460	1	$58,990
1461	1	$55,905
1462	1	$42,230
1463	1	$45,905
1464	1	$51,855
1465	1	$42,535
1466	1	$46,025
1467	1	$45,375
1468	1	$42,580
1469	1	$46,255
1470	1	$52,205
1471	1	$42,850
1472	1	$44,300
1473	1	$43,775
1474	1	$47,900
1475	1	$46,615
1476	1	$50,745
1477	1	$43,950
1478	1	$44,200
1479	1	$46,195
1480	1	$49,200
1481	1	$44,200
1482	1	$49,200
1483	1	$48,300
1484	1	$54,000
1485	1	$47,950
1486	1	$51,800
1487	1	$57,500
1488	1	$44,550
1489	1	$44,890
1490	1	$50,200
1491	1	$53,310
1492	1	$45,200
1493	1	$50,200
1494	1	$45,340
1495	1	$45,495
1496	1	$45,500
1497	1	$60,700
1498	1	$72,400
1499	1	$99,900
1500	1	$126,300
1501	1	$45,600
1502	1	$47,550
1503	1	$50,900
1504	1	$58,900
1505	1	$45,700
1506	1	$56,750
1507	1	$55,000
1508	1	$49,700
1509	1	$18,175
1510	1	$21,975
1511	1	$20,675
1512	1	$16,365
1513	1	$22,750
1514	1	$20,220
1515	1	$25,045
1516	1	$21,865
1517	1	$22,515
1518	1	$23,950
1519	1	$26,145
1520	1	$24,450
1521	1	$27,525
1522	1	$17,695
1523	1	$16,640
1524	1	$18,870
1525	1	$16,700
1526	1	$18,610
1527	1	$16,880
1528	1	$18,240
1529	1	$20,085
1530	1	$20,085
1531	1	$16,880
1532	1	$18,060
1533	1	$19,995
1534	1	$19,995
1535	1	$16,985
1536	1	$20,685
1537	1	$19,230
1538	1	$25,025
1539	1	$26,215
1540	1	$23,785
1541	1	$26,355
1542	1	$22,530
1543	1	$28,075
1544	1	$27,395
1545	1	$28,915
1546	1	$16,985
1547	1	$18,180
1548	1	$19,230
1549	1	$23,875
1550	1	$27,180
1551	1	$21,735
1552	1	$20,490
1553	1	$23,905
1554	1	$45,800
1555	1	$45,900
1556	1	$48,900
1557	1	$45,950
1558	1	$47,950
1559	1	$46,000
1560	1	$51,900
1561	1	$54,425
1562	1	$59,475
1563	1	$46,780
1564	1	$47,010
1565	1	$46,300
1566	1	$52,100
1567	1	$46,490
1568	1	$48,990
1569	1	$92,590
1570	1	$57,590
1571	1	$55,790
1572	1	$46,680
1573	1	$51,925
1574	1	$54,825
1575	1	$59,875
1576	1	$47,180
1577	1	$47,410
1578	1	$46,700
1579	1	$63,700
1580	1	$46,725
1581	1	$46,830
1582	1	$50,450
1583	1	$50,450
1584	1	$46,845
1585	1	$55,945
1586	1	$68,785
1587	1	$52,285
1588	1	$46,900
1589	1	$50,900
1590	1	$61,000
1591	1	$66,650
1592	1	$46,925
1593	1	$52,595
1594	1	$46,925
1595	1	$52,595
1596	1	$47,000
1597	1	$47,250
1598	1	$47,250
1599	1	$47,280
1600	1	$49,180
1601	1	$61,200
1602	1	$47,600
1603	1	$56,300
1604	1	$51,300
1605	1	$58,000
1606	1	$47,650
1607	1	$53,300
1608	1	$48,050
1609	1	$48,600
1610	1	$51,100
1611	1	$54,650
1612	1	$48,850
1613	1	$51,900
1614	1	$56,200
1615	1	$56,850
1616	1	$55,450
1617	1	$64,800
1618	1	$87,600
1619	1	$50,900
1620	1	$53,580
1621	1	$54,770
1622	1	$74,285
1623	1	$106,880
1624	1	$53,600
1625	1	$58,600
1626	1	$74,305
1627	1	$49,300
1628	1	$50,800
1629	1	$51,900
1630	1	$50,240
1631	1	$51,740
1632	1	$50,735
1633	1	$53,540
1634	1	$51,150
1635	1	$79,150
1636	1	$67,150
1637	1	$51,185
1638	1	$58,500
1639	1	$51,200
1640	1	$58,515
1641	1	$61,360
1642	1	$51,250
1643	1	$53,550
1644	1	$61,500
1645	1	$51,400
1646	1	$61,500
1647	1	$51,970
1648	1	$56,765
1649	1	$52,150
1650	1	$52,345
1651	1	$57,140
1652	1	$52,400
1653	1	$58,250
1654	1	$52,500
1655	1	$79,600
1656	1	$67,600
1657	1	$53,100
1658	1	$54,070
1659	1	$54,650
1660	1	$54,950
1661	1	$55,400
1662	1	$58,400
1663	1	$67,050
1664	1	$56,000
1665	1	$57,000
1666	1	$57,115
1667	1	$60,055
1668	1	$57,200
1669	1	$57,200
1670	1	$60,300
1671	1	$60,300
1672	1	$58,050
1673	1	$58,460
1674	1	$59,010
1675	1	$59,320
1676	1	$62,220
1677	1	$74,545
1678	1	$59,645
1679	1	$73,345
1680	1	$59,700
1681	1	$62,000
1682	1	$59,950
1683	1	$60,950
1684	1	$82,850
1685	1	$60,400
1686	1	$60,565
1687	1	$60,600
1688	1	$60,720
1689	1	$60,950
1690	1	$61,950
1691	1	$62,165
1692	1	$62,165
1693	1	$68,610
1694	1	$65,045
1695	1	$84,125
1696	1	$71,160
1697	1	$73,550
1698	1	$63,160
1699	1	$82,290
1700	1	$69,275
1701	1	$71,665
1702	1	$84,790
1703	1	$71,825
1704	1	$66,200
1705	1	$63,900
1706	1	$65,100
1707	1	$84,180
1708	1	$65,380
1709	1	$70,925
1710	1	$67,685
1711	1	$73,230
1712	1	$65,380
1713	1	$70,925
1714	1	$74,450
1715	1	$65,690
1716	1	$68,265
1717	1	$84,845
1718	1	$71,880
1719	1	$74,870
1720	1	$65,970
1721	1	$19,895
1722	1	$16,995
1723	1	$20,995
1724	1	$21,995
1725	1	$20,495
1726	1	$22,495
1727	1	$23,495
1728	1	$18,170
1729	1	$20,745
1730	1	$25,085
1731	1	$26,275
1732	1	$27,605
1733	1	$20,550
1734	1	$22,590
1735	1	$27,455
1736	1	$28,975
1737	1	$18,240
1738	1	$20,815
1739	1	$25,690
1740	1	$19,290
1741	1	$27,240
1742	1	$21,795
1743	1	$28,840
1744	1	$22,590
1745	1	$27,590
1746	1	$18,620
1747	1	$17,495
1748	1	$17,995
1749	1	$18,995
1750	1	$18,495
1751	1	$17,495
1752	1	$17,995
1753	1	$25,495
1754	1	$18,495
1755	1	$26,995
1756	1	$17,520
1757	1	$23,245
1758	1	$25,645
1759	1	$24,775
1760	1	$27,825
1761	1	$17,540
1762	1	$20,440
1763	1	$24,920
1764	1	$27,620
1765	1	$26,660
1766	1	$26,620
1767	1	$26,360
1768	1	$24,990
1769	1	$29,270
1770	1	$29,060
1771	1	$23,090
1772	1	$27,120
1773	1	$25,079
1774	1	$28,950
1775	1	$68,020
1776	1	$68,405
1777	1	$70,650
1778	1	$75,050
1779	1	$71,650
1780	1	$78,650
1781	1	$86,650
1782	1	$89,650
1783	1	$111,150
1784	1	$97,950
1785	1	$79,700
1786	1	$87,700
1787	1	$110,200
1788	1	$113,200
1789	1	$85,225
1790	1	$73,840
1791	1	$76,390
1792	1	$88,140
1793	1	$99,050
1794	1	$74,400
1795	1	$94,700
1796	1	$76,000
1797	1	$79,900
1798	1	$76,905
1799	1	$77,755
1800	1	$135,500
1801	1	$160,700
1802	1	$172,100
1803	1	$115,700
1804	1	$101,500
1805	1	$84,100
1806	1	$95,100
1807	1	$92,100
1808	1	$104,800
1809	1	$132,800
1810	1	$88,800
1811	1	$88,800
1812	1	$112,200
1813	1	$99,800
1814	1	$84,100
1815	1	$103,100
1816	1	$78,050
1817	1	$84,000
1818	1	$78,425
1819	1	$94,275
1820	1	$78,450
1821	1	$79,685
1822	1	$80,790
1823	1	$82,150
1824	1	$95,150
1825	1	$88,150
1826	1	$101,150
1827	1	$86,400
1828	1	$85,500
1829	1	$83,000
1830	1	$104,625
1831	1	$89,000
1832	1	$85,700
1833	1	$85,700
1834	1	$201,150
1835	1	$91,600
1836	1	$94,600
1837	1	$133,550
1838	1	$88,900
1839	1	$89,000
1840	1	$89,800
1841	1	$93,800
1842	1	$90,255
1843	1	$91,005
1844	1	$158,050
1845	1	$96,650
1846	1	$137,000
1847	1	$106,200
1848	1	$108,150
1849	1	$198,750
1850	1	$104,000
1851	1	$122,700
1852	1	$105,750
1853	1	$124,450
1854	1	$110,000
1855	1	$110,400
1856	1	$154,400
1857	1	$145,200
1858	1	$157,000
1859	1	$209,300
1860	1	$150,250
1861	1	$147,500
1862	1	$161,000
1863	1	$127,700
1864	1	$146,000
1865	1	$118,000
1866	1	$135,800
1867	1	$134,200
1868	1	$120,750
1869	1	$133,750
1870	1	$120,750
1871	1	$133,750
1872	1	$128,900
1873	1	$137,000
1874	1	$177,600
1875	1	$202,500
1876	1	$179,995
1877	1	$194,995
1878	1	$207,700
1879	1	$187,070
1880	1	$201,115
1881	1	$192,000
1882	1	$197,850
1883	1	$198,000
1884	1	$221,000
1885	1	$219,800
1886	1	$231,400
1887	1	$225,325
1888	1	$245,000
1889	1	$267,000
1890	1	$273,000
1891	1	$283,350
1892	1	$273,000
1893	1	$286,500
1894	1	$326,730
1895	1	$340,990
1896	1	$354,000
1897	1	$382,400
1898	1	$363,000
1899	1	$366,000
1900	1	$405,500
1901	1	$455,500
1902	1	$372,500
1903	1	$412,000
1904	1	$380,000
1905	1	$417,000
1906	1	$423,500
1907	1	$462,000
1908	1	$443,000
1909	1	$17,620
1910	1	$22,155
1911	1	$19,335
1912	1	$22,760
1913	1	$17,735
1914	1	$20,550
1915	1	$23,455
1916	1	$19,510
1917	1	$23,240
1918	1	$21,520
1919	1	$24,220
1920	1	$22,770
1921	1	$28,430
1922	1	$24,460
1923	1	$25,470
1924	1	$28,560
1925	1	$31,080
1926	1	$24,240
1927	1	$28,930
1928	1	$26,940
1929	1	$31,630
1930	1	$18,960
1931	1	$19,515
1932	1	$20,580
1933	1	$22,155
1934	1	$23,220
1935	1	$24,905
1936	1	$25,800
1937	1	$19,075
1938	1	$19,630
1939	1	$23,450
1940	1	$17,965
1941	1	$22,810
1942	1	$19,685
1943	1	$20,995
1944	1	$21,995
1945	1	$18,275
1946	1	$21,795
1947	1	$24,795
1948	1	$18,495
1949	1	$21,695
1950	1	$22,995
1951	1	$21,050
1952	1	$23,900
1953	1	$26,085
1954	1	$26,600
1955	1	$28,540
1956	1	$18,690
1957	1	$20,390
1958	1	$27,390
1959	1	$18,700
1960	1	$22,050
1961	1	$24,050
1962	1	$24,550
1963	1	$19,720
1964	1	$18,745
1965	1	$21,845
1966	1	$23,495
1967	1	$26,195
1968	1	$18,800
1969	1	$18,960
1970	1	$20,260
1971	1	$24,550
1972	1	$22,495
1973	1	$24,495
1974	1	$24,345
1975	1	$21,495
1976	1	$18,999
1977	1	$24,699
1978	1	$22,899
1979	1	$25,349
1980	1	$18,999
1981	1	$21,599
1982	1	$22,599
1983	1	$24,499
1984	1	$22,899
1985	1	$24,999
1986	1	$26,899
1987	1	$19,030
1988	1	$19,030
1989	1	$22,649
1990	1	$24,149
1991	1	$23,199
1992	1	$25,799
1993	1	$25,699
1994	1	$27,199
1995	1	$19,190
1996	1	$27,590
1997	1	$19,195
1998	1	$21,195
1999	1	$23,875
