auto	kbb	price
2000	2000	2000	1675
0000	1	$39,485.00
0001	1	$47,855.00
0002	1	$52,150.00
0003	1	$57,185.00
0004	1	$59,465.00
0005	1	$62,310.00
0006	1	$42,440.00
0007	1	$49,715.00
0008	1	$45,795.00
0009	1	$47,220.00
0010	1	$56,855.00
0011	1	$59,940.00
0012	1	$46,900.00
0013	1	$48,460.00
0014	1	$44,725.00
0015	1	$47,565.00
0016	1	$48,850.00
0017	1	$51,695.00
0018	1	$23,305.00
0019	1	$24,105.00
0020	1	$24,105.00
0021	1	$27,630.00
0022	1	$27,630.00
0023	1	$30,055.00
0024	1	$30,055.00
0025	1	$32,055.00
0026	1	$22,805.00
0027	1	$23,605.00
0028	1	$23,605.00
0029	1	$25,380.00
0030	1	$27,580.00
0031	1	$27,580.00
0032	1	$28,780.00
0033	1	$31,855.00
0034	1	$24,330.00
0035	1	$25,205.00
0036	1	$26,005.00
0037	1	$27,855.00
0038	1	$27,855.00
0039	1	$30,480.00
0040	1	$32,480.00
0041	1	$32,480.00
0042	1	$22,730.00
0043	1	$23,730.00
0044	1	$24,480.00
0045	1	$24,855.00
0046	1	$25,655.00
0047	1	$30,305.00
0048	1	$30,305.00
0049	1	$33,350.00
0050	1	$16,205.00
0051	1	$17,005.00
0052	1	$20,205.00
0053	1	$21,005.00
0054	1	$21,755.00
0055	1	$22,555.00
0056	1	$23,755.00
0057	1	$24,805.00
0058	1	$17,205.00
0059	1	$17,955.00
0060	1	$18,955.00
0061	1	$19,755.00
0062	1	$20,205.00
0063	1	$22,205.00
0064	1	$22,555.00
0065	1	$23,005.00
0066	1	$23,005.00
0067	1	$25,005.00
0068	1	$25,205.00
0069	1	$24,550.00
0070	1	$26,090.00
0071	1	$17,155.00
0072	1	$20,355.00
0073	1	$23,155.00
0074	1	$24,705.00
0075	1	$22,955.00
0076	1	$23,155.00
0077	1	$24,955.00
0078	1	$16,555.00
0079	1	$18,105.00
0080	1	$19,105.00
0081	1	$23,155.00
0082	1	$23,355.00
0083	1	$24,700.00
0084	1	$25,900.00
0085	1	$26,700.00
0086	1	$27,900.00
0087	1	$26,240.00
0088	1	$23,575.00
0089	1	$24,625.00
0090	1	$28,525.00
0091	1	$29,275.00
0092	1	$22,475.00
0093	1	$28,675.00
0094	1	$29,425.00
0095	1	$30,675.00
0096	1	$19,950.00
0097	1	$23,415.00
0098	1	$24,665.00
0099	1	$24,300.00
0100	1	$25,100.00
0101	1	$26,800.00
0102	1	$21,605.00
0103	1	$22,855.00
0104	1	$24,965.00
0105	1	$15,650.00
0106	1	$16,450.00
0107	1	$18,010.00
0108	1	$16,650.00
0109	1	$18,460.00
0110	1	$19,990.00
0111	1	$20,550.00
0112	1	$22,050.00
0113	1	$23,850.00
0114	1	$27,585.00
0115	1	$30,685.00
0116	1	$34,185.00
0117	1	$37,985.00
0118	1	$31,730.00
0119	1	$35,230.00
0120	1	$36,830.00
0121	1	$37,230.00
0122	1	$41,535.00
0123	1	$44,030.00
0124	1	$28,675.00
0125	1	$30,275.00
0126	1	$31,525.00
0127	1	$33,125.00
0128	1	$34,625.00
0129	1	$36,225.00
0130	1	$39,425.00
0131	1	$39,425.00
0132	1	$41,025.00
0133	1	$30,425.00
0134	1	$31,675.00
0135	1	$33,275.00
0136	1	$36,375.00
0137	1	$36,375.00
0138	1	$29,230.00
0139	1	$37,610.00
0140	1	$34,170.00
0141	1	$31,695.00
0142	1	$13,715.00
0143	1	$14,265.00
0144	1	$16,915.00
0145	1	$17,715.00
0146	1	$14,365.00
0147	1	$15,365.00
0148	1	$10,705.00
0149	1	$14,315.00
0150	1	$16,065.00
0151	1	$16,865.00
0152	1	$15,415.00
0153	1	$25,745.00
0154	1	$30,870.00
0155	1	$14,865.00
0156	1	$17,615.00
0157	1	$20,515.00
0158	1	$17,800.00
0159	1	$20,700.00
0160	1	$16,715.00
0161	1	$17,915.00
0162	1	$20,215.00
0163	1	$21,015.00
0164	1	$33,800.00
0165	1	$33,800.00
0166	1	$24,000.00
0167	1	$24,500.00
0168	1	$26,250.00
0169	1	$27,250.00
0170	1	$29,250.00
0171	1	$32,750.00
0172	1	$24,300.00
0173	1	$25,300.00
0174	1	$27,550.00
0175	1	$33,050.00
0176	1	$22,490.00
0177	1	$26,790.00
0178	1	$28,690.00
0179	1	$29,390.00
0180	1	$31,090.00
0181	1	$23,790.00
0182	1	$25,490.00
0183	1	$29,790.00
0184	1	$20,620.00
0185	1	$22,770.00
0186	1	$25,270.00
0187	1	$19,915.00
0188	1	$20,915.00
0189	1	$23,315.00
0190	1	$26,015.00
0191	1	$23,990.00
0192	1	$20,540.00
0193	1	$24,290.00
0194	1	$30,795.00
0195	1	$36,645.00
0196	1	$28,940.00
0197	1	$30,840.00
0198	1	$34,990.00
0199	1	$34,675.00
0200	1	$36,875.00
0201	1	$38,275.00
0202	1	$45,175.00
0203	1	$59,875.00
0204	1	$43,925.00
0205	1	$57,275.00
0206	1	$38,375.00
0207	1	$40,025.00
0208	1	$41,275.00
0209	1	$47,825.00
0210	1	$35,325.00
0211	1	$37,875.00
0212	1	$44,225.00
0213	1	$37,075.00
0214	1	$38,525.00
0215	1	$40,175.00
0216	1	$50,725.00
0217	1	$49,825.00
0218	1	$57,625.00
0219	1	$31,825.00
0220	1	$41,675.00
0221	1	$46,665.00
0222	1	$48,815.00
0223	1	$53,015.00
0224	1	$47,375.00
0225	1	$61,275.00
0226	1	$57,000.00
0227	1	$52,000.00
0228	1	$57,000.00
0229	1	$68,000.00
0230	1	$80,000.00
0231	1	$53,375.00
0232	1	$57,375.00
0233	1	$68,475.00
0234	1	$73,575.00
0235	1	$111,075.00
0236	1	$114,075.00
0237	1	$83,875.00
0238	1	$97,000.00
0239	1	$89,875.00
0240	1	$103,000.00
0241	1	$34,355.00
0242	1	$40,990.00
0243	1	$43,610.00
0244	1	$15,995.00
0245	1	$21,100.00
0246	1	$24,015.00
0247	1	$25,765.00
0248	1	$39,995.00
0249	1	$39,190.00
0250	1	$42,690.00
0251	1	$27,870.00
0252	1	$29,480.00
0253	1	$23,995.00
0254	1	$28,995.00
0255	1	$27,995.00
0256	1	$18,425.00
0257	1	$23,430.00
0258	1	$25,180.00
0259	1	$16,695.00
0260	1	$22,895.00
0261	1	$24,595.00
0262	1	$21,915.00
0263	1	$27,005.00
0264	1	$28,480.00
0265	1	$29,655.00
0266	1	$29,525.00
0267	1	$22,795.00
0268	1	$26,295.00
0269	1	$27,995.00
0270	1	$29,995.00
0271	1	$33,495.00
0272	1	$17,290.00
0273	1	$18,290.00
0274	1	$18,390.00
0275	1	$17,490.00
0276	1	$18,890.00
0277	1	$22,690.00
0278	1	$14,590.00
0279	1	$16,790.00
0280	1	$14,490.00
0281	1	$15,590.00
0282	1	$16,490.00
0283	1	$17,090.00
0284	1	$12,990.00
0285	1	$15,690.00
0286	1	$16,790.00
0287	1	$22,990.00
0288	1	$24,990.00
0289	1	$29,490.00
0290	1	$25,390.00
0291	1	$29,990.00
0292	1	$28,190.00
0293	1	$29,890.00
0294	1	$32,990.00
0295	1	$34,490.00
0296	1	$13,995.00
0297	1	$18,890.00
0298	1	$17,890.00
0299	1	$18,890.00
0300	1	$13,995.00
0301	1	$16,190.00
0302	1	$19,190.00
0303	1	$23,190.00
0304	1	$22,690.00
0305	1	$18,990.00
0306	1	$20,990.00
0307	1	$36,350.00
0308	1	$48,500.00
0309	1	$79,275.00
0310	1	$95,125.00
0311	1	$60,495.00
0312	1	$74,195.00
0313	1	$60,495.00
0314	1	$75,395.00
0315	1	$36,050.00
0316	1	$36,400.00
0317	1	$46,475.00
0318	1	$58,325.00
0319	1	$52,845.00
0320	1	$57,640.00
0321	1	$53,220.00
0322	1	$35,525.00
0323	1	$38,295.00
0324	1	$38,745.00
0325	1	$41,485.00
0326	1	$34,190.00
0327	1	$36,650.00
0328	1	$38,470.00
0329	1	$40,765.00
0330	1	$41,935.00
0331	1	$34,190.00
0332	1	$39,445.00
0333	1	$66,255.00
0334	1	$69,780.00
0335	1	$75,325.00
0336	1	$109,675.00
0337	1	$66,255.00
0338	1	$68,560.00
0339	1	$71,800.00
0340	1	$110,875.00
0341	1	$77,780.00
0342	1	$78,630.00
0343	1	$38,500.00
0344	1	$39,900.00
0345	1	$43,560.00
0346	1	$45,150.00
0347	1	$44,110.00
0348	1	$45,700.00
0349	1	$42,095.00
0350	1	$43,985.00
0351	1	$43,985.00
0352	1	$44,995.00
0353	1	$35,075.00
0354	1	$36,965.00
0355	1	$35,180.00
0356	1	$37,070.00
0357	1	$35,180.00
0358	1	$55,875.00
0359	1	$58,080.00
0360	1	$60,980.00
0361	1	$63,145.00
0362	1	$47,470.00
0363	1	$47,870.00
0364	1	$53,540.00
0365	1	$56,115.00
0366	1	$74,675.00
0367	1	$139,700.00
0368	1	$419,750.00
0369	1	$459,250.00
0370	1	$22,480.00
0371	1	$23,270.00
0372	1	$26,730.00
0373	1	$28,430.00
0374	1	$33,815.00
0375	1	$23,590.00
0376	1	$27,185.00
0377	1	$27,050.00
0378	1	$28,750.00
0379	1	$34,135.00
0380	1	$29,585.00
0381	1	$30,985.00
0382	1	$31,505.00
0383	1	$32,905.00
0384	1	$31,320.00
0385	1	$31,850.00
0386	1	$33,940.00
0387	1	$17,230.55
0388	1	$20,435.00
0389	1	$24,090.00
0390	1	$16,095.00
0391	1	$19,935.00
0392	1	$20,735.00
0393	1	$22,395.00
0394	1	$21,640.00
0395	1	$23,805.00
0396	1	$24,605.00
0397	1	$24,495.00
0398	1	$16,595.00
0399	1	$17,500.00
0400	1	$19,745.00
0401	1	$20,340.00
0402	1	$24,105.00
0403	1	$23,990.00
0404	1	$19,990.00
0405	1	$21,990.00
0406	1	$24,670.00
0407	1	$20,220.00
0408	1	$21,220.00
0409	1	$26,835.00
0410	1	$27,350.00
0411	1	$21,785.00
0412	1	$25,035.00
0413	1	$27,875.00
0414	1	$25,970.00
0415	1	$26,050.00
0416	1	$27,150.00
0417	1	$27,750.00
0418	1	$28,850.00
0419	1	$23,905.00
0420	1	$26,165.00
0421	1	$27,345.00
0422	1	$27,505.00
0423	1	$29,345.00
0424	1	$30,445.00
0425	1	$32,860.00
0426	1	$27,590.00
0427	1	$21,185.00
0428	1	$24,980.00
0429	1	$26,125.00
0430	1	$26,330.00
0431	1	$28,085.00
0432	1	$27,945.00
0433	1	$23,390.00
0434	1	$24,535.00
0435	1	$25,145.00
0436	1	$26,290.00
0437	1	$28,250.00
0438	1	$29,860.00
0439	1	$34,475.00
0440	1	$38,175.00
0441	1	$60,325.00
0442	1	$36,775.00
0443	1	$38,775.00
0444	1	$61,175.00
0445	1	$211,045.00
0446	1	$114,025.00
0447	1	$151,125.00
0448	1	$157,875.00
0449	1	$210,175.00
0450	1	$101,425.00
0451	1	$74,875.00
0452	1	$99,925.00
0453	1	$55,525.00
0454	1	$51,975.00
0455	1	$59,675.00
0456	1	$46,765.00
0457	1	$48,665.00
0458	1	$52,715.00
0459	1	$49,725.00
0460	1	$56,325.00
0461	1	$65,675.00
0462	1	$57,975.00
0463	1	$60,475.00
0464	1	$90,175.00
0465	1	$57,075.00
0466	1	$104,875.00
0467	1	$60,825.00
0468	1	$83,725.00
0469	1	$62,825.00
0470	1	$35,475.00
0471	1	$37,475.00
0472	1	$36,375.00
0473	1	$38,375.00
0474	1	$49,075.00
0475	1	$50,575.00
0476	1	$55,875.00
0477	1	$57,625.00
0478	1	$91,925.00
0479	1	$47,365.00
0480	1	$51,365.00
0481	1	$56,665.00
0482	1	$58,465.00
0483	1	$50,175.00
0484	1	$43,440.00
0485	1	$49,015.00
0486	1	$53,065.00
0487	1	$54,965.00
0488	1	$92,475.00
0489	1	$96,475.00
0490	1	$137,425.00
0491	1	$153,575.00
0492	1	$97,525.00
0493	1	$158,925.00
0494	1	$209,875.00
0495	1	$104,775.00
0496	1	$47,775.00
0497	1	$68,525.00
0498	1	$54,175.00
0499	1	$187,450.00
0500	1	$26,035.00
0501	1	$26,355.00
0502	1	$30,830.00
0503	1	$36,480.00
0504	1	$26,040.00
0505	1	$26,360.00
0506	1	$28,110.00
0507	1	$30,840.00
0508	1	$32,590.00
0509	1	$31,980.00
0510	1	$25,890.00
0511	1	$29,370.00
0512	1	$30,295.00
0513	1	$32,615.00
0514	1	$23,000.00
0515	1	$24,950.00
0516	1	$27,850.00
0517	1	$20,100.00
0518	1	$23,700.00
0519	1	$29,800.00
0520	1	$28,550.00
0521	1	$35,000.00
0522	1	$24,750.00
0523	1	$31,700.00
0524	1	$25,500.00
0525	1	$32,000.00
0526	1	$21,459.00
0527	1	$22,459.00
0528	1	$28,559.00
0529	1	$38,580.00
0530	1	$19,759.00
0531	1	$25,688.00
0532	1	$30,168.00
0533	1	$33,588.00
0534	1	$30,779.00
0535	1	$32,279.00
0536	1	$29,079.00
0537	1	$32,879.00
0538	1	$34,379.00
0539	1	$22,359.00
0540	1	$24,759.00
0541	1	$24,759.00
0542	1	$20,950.00
0543	1	$15,550.00
0544	1	$17,750.00
0545	1	$18,650.00
0546	1	$20,750.00
0547	1	$27,950.00
0548	1	$34,350.00
0549	1	$36,550.00
0550	1	$39,750.00
0551	1	$41,750.00
0552	1	$17,555.00
0553	1	$18,455.00
0554	1	$20,455.00
0555	1	$15,755.00
0556	1	$18,055.00
0557	1	$20,055.00
0558	1	$21,055.00
0559	1	$28,255.00
0560	1	$23,970.00
0561	1	$23,320.00
0562	1	$24,720.00
0563	1	$27,170.00
0564	1	$22,775.00
0565	1	$23,775.00
0566	1	$25,275.00
0567	1	$28,575.00
0568	1	$22,475.00
0569	1	$47,690.00
0570	1	$51,310.00
0571	1	$51,310.00
0572	1	$55,110.00
0573	1	$32,460.00
0574	1	$37,130.00
0575	1	$40,360.00
0576	1	$41,620.00
0577	1	$42,920.00
0578	1	$32,660.00
0579	1	$37,330.00
0580	1	$39,570.00
0581	1	$41,820.00
0582	1	$23,690.00
0583	1	$24,190.00
0584	1	$22,590.00
0585	1	$30,850.00
0586	1	$22,810.00
0587	1	$25,490.00
0588	1	$27,530.00
0589	1	$38,460.00
0590	1	$44,060.00
0591	1	$43,390.00
0592	1	$50,640.00
0593	1	$53,440.00
0594	1	$38,860.00
0595	1	$53,840.00
0596	1	$14,740.00
0597	1	$16,100.00
0598	1	$17,100.00
0599	1	$18,200.00
0600	1	$21,190.00
0601	1	$23,090.00
0602	1	$23,890.00
0603	1	$24,140.00
0604	1	$26,840.00
0605	1	$27,640.00
0606	1	$27,160.00
0607	1	$27,420.00
0608	1	$27,920.00
0609	1	$30,620.00
0610	1	$22,560.00
0611	1	$24,620.00
0612	1	$27,320.00
0613	1	$27,710.00
0614	1	$30,410.00
0615	1	$31,880.00
0616	1	$18,340.00
0617	1	$19,390.00
0618	1	$20,440.00
0619	1	$21,240.00
0620	1	$22,290.00
0621	1	$24,990.00
0622	1	$25,720.00
0623	1	$28,420.00
0624	1	$25,810.00
0625	1	$27,460.00
0626	1	$28,510.00
0627	1	$39,695.00
0628	1	$43,245.00
0629	1	$43,245.00
0630	1	$44,245.00
0631	1	$18,550.00
0632	1	$19,600.00
0633	1	$22,780.00
0634	1	$23,370.00
0635	1	$26,070.00
0636	1	$26,970.00
0637	1	$28,470.00
0638	1	$29,670.00
0639	1	$84,040.00
0640	1	$85,060.00
0641	1	$90,950.00
0642	1	$19,760.00
0643	1	$21,260.00
0644	1	$21,060.00
0645	1	$21,560.00
0646	1	$23,850.00
0647	1	$25,350.00
0648	1	$33,600.00
0649	1	$31,560.00
0650	1	$34,280.00
0651	1	$29,140.00
0652	1	$30,740.00
0653	1	$31,260.00
0654	1	$32,860.00
0655	1	$37,910.00
0656	1	$39,510.00
0657	1	$29,300.00
0658	1	$32,710.00
0659	1	$34,310.00
0660	1	$36,250.00
0661	1	$38,340.00
0662	1	$39,940.00
0663	1	$47,190.00
0664	1	$39,895.00
0665	1	$40,895.00
0666	1	$43,445.00
0667	1	$44,445.00
0668	1	$44,445.00
0669	1	$30,340.00
0670	1	$31,690.00
0671	1	$33,690.00
0672	1	$37,850.00
0673	1	$43,100.00
0674	1	$31,990.00
0675	1	$36,290.00
0676	1	$38,290.00
0677	1	$43,400.00
0678	1	$28,550.00
0679	1	$31,700.00
0680	1	$35,150.00
0681	1	$22,510.00
0682	1	$24,860.00
0683	1	$26,110.00
0684	1	$24,020.00
0685	1	$25,270.00
0686	1	$25,210.00
0687	1	$17,910.00
0688	1	$19,310.00
0689	1	$20,330.00
0690	1	$16,270.00
0691	1	$18,200.00
0692	1	$19,600.00
0693	1	$20,830.00
0694	1	$30,040.00
0695	1	$32,890.00
0696	1	$34,540.00
0697	1	$35,020.00
0698	1	$37,420.00
0699	1	$37,590.00
0700	1	$40,290.00
0701	1	$37,700.00
0702	1	$37,870.00
0703	1	$27,490.00
0704	1	$30,340.00
0705	1	$29,490.00
0706	1	$35,220.00
0707	1	$33,270.00
0708	1	$38,810.00
0709	1	$27,770.00
0710	1	$29,770.00
0711	1	$35,500.00
0712	1	$15,150.00
0713	1	$17,530.00
0714	1	$10,740.00
0715	1	$12,840.00
0716	1	$14,100.00
0717	1	$17,100.00
0718	1	$15,270.00
0719	1	$10,740.00
0720	1	$11,990.00
0721	1	$12,990.00
0722	1	$14,320.00
0723	1	$15,320.00
0724	1	$23,550.00
0725	1	$24,350.00
0726	1	$26,400.00
0727	1	$26,520.00
0728	1	$28,570.00
0729	1	$30,300.00
0730	1	$31,500.00
0731	1	$26,640.00
0732	1	$27,640.00
0733	1	$28,690.00
0734	1	$29,850.00
0735	1	$30,900.00
0736	1	$57,375.00
0737	1	$89,875.00
0738	1	$68,075.00
0739	1	$89,875.00
0740	1	$46,875.00
0741	1	$46,875.00
0742	1	$36,290.00
0743	1	$41,405.00
0744	1	$30,470.00
0745	1	$38,390.00
0746	1	$39,505.00
0747	1	$26,995.00
0748	1	$32,570.00
0749	1	$33,765.00
0750	1	$27,745.00
0751	1	$33,820.00
0752	1	$34,515.00
0753	1	$33,495.00
0754	1	$33,995.00
0755	1	$36,390.00
0756	1	$43,280.00
0757	1	$45,225.00
0758	1	$26,995.00
0759	1	$35,990.00
0760	1	$39,190.00
0761	1	$44,290.00
0762	1	$62,845.00
0763	1	$44,190.00
0764	1	$46,090.00
0765	1	$38,990.00
0766	1	$40,890.00
0767	1	$39,190.00
0768	1	$42,390.00
0769	1	$44,290.00
0770	1	$39,090.00
0771	1	$46,355.00
0772	1	$50,855.00
0773	1	$56,905.00
0774	1	$74,375.00
0775	1	$64,110.00
0776	1	$66,660.00
0777	1	$74,790.00
0778	1	$77,340.00
0779	1	$66,050.00
0780	1	$69,215.00
0781	1	$62,835.00
0782	1	$34,655.00
0783	1	$41,630.00
0784	1	$47,670.00
0785	1	$57,170.00
0786	1	$48,105.00
0787	1	$85,050.00
0788	1	$89,750.00
0789	1	$93,050.00
0790	1	$96,050.00
0791	1	$89,750.00
0792	1	$96,050.00
0793	1	$61,675.00
0794	1	$100,875.00
0795	1	$62,450.00
0796	1	$90,775.00
0797	1	$133,575.00
0798	1	$33,130.00
0799	1	$36,955.00
0800	1	$39,340.00
0801	1	$42,485.00
0802	1	$29,975.00
0803	1	$29,835.00
0804	1	$38,020.00
0805	1	$37,580.00
0806	1	$22,185.00
0807	1	$26,265.00
0808	1	$25,755.00
0809	1	$26,055.00
0810	1	$32,180.00
0811	1	$35,140.00
0812	1	$36,135.00
0813	1	$36,335.00
0814	1	$39,780.00
0815	1	$40,770.00
0816	1	$44,215.00
0817	1	$40,280.00
0818	1	$41,470.00
0819	1	$44,915.00
0820	1	$29,625.00
0821	1	$31,125.00
0822	1	$31,275.00
0823	1	$34,490.00
0824	1	$40,190.00
0825	1	$43,325.00
0826	1	$43,525.00
0827	1	$48,780.00
0828	1	$51,715.00
0829	1	$51,915.00
0830	1	$49,480.00
0831	1	$52,415.00
0832	1	$39,170.00
0833	1	$39,245.00
0834	1	$27,420.00
0835	1	$31,275.00
0836	1	$34,275.00
0837	1	$28,975.00
0838	1	$247,000.00
0839	1	$410,000.00
0840	1	$445,000.00
0841	1	$385,000.00
0842	1	$40,815.00
0843	1	$45,905.00
0844	1	$29,725.00
0845	1	$33,220.00
0846	1	$37,845.00
0847	1	$49,990.00
0848	1	$39,350.00
0849	1	$48,855.00
0850	1	$50,390.00
0851	1	$19,340.00
0852	1	$20,140.00
0853	1	$18,995.00
0854	1	$19,995.00
0855	1	$16,570.00
0856	1	$17,520.00
0857	1	$19,040.00
0858	1	$16,720.00
0859	1	$17,670.00
0860	1	$15,620.00
0861	1	$16,420.00
0862	1	$12,635.00
0863	1	$20,990.00
0864	1	$26,690.00
0865	1	$27,190.00
0866	1	$23,920.00
0867	1	$27,220.00
0868	1	$28,720.00
0869	1	$30,720.00
0870	1	$25,690.00
0871	1	$28,190.00
0872	1	$27,690.00
0873	1	$18,690.00
0874	1	$19,690.00
0875	1	$29,690.00
0876	1	$28,190.00
0877	1	$33,690.00
0878	1	$32,825.00
0879	1	$35,015.00
0880	1	$18,220.00
0881	1	$38,070.00
0882	1	$18,720.00
0883	1	$19,720.00
0884	1	$28,720.00
0885	1	$29,720.00
0886	1	$20,660.00
0887	1	$21,660.00
0888	1	$30,660.00
0889	1	$20,720.00
0890	1	$29,020.00
0891	1	$23,690.00
0892	1	$24,990.00
0893	1	$29,690.00
0894	1	$23,920.00
0895	1	$25,220.00
0896	1	$28,920.00
0897	1	$29,220.00
0898	1	$29,920.00
0899	1	$32,220.00
0900	1	$33,190.00
0901	1	$36,490.00
0902	1	$31,220.00
0903	1	$28,620.00
0904	1	$29,645.00
0905	1	$28,874.00
0906	1	$29,745.00
0907	1	$26,440.00
0908	1	$36,825.00
0909	1	$38,025.00
0910	1	$44,825.00
0911	1	$42,825.00
0912	1	$23,174.00
0913	1	$19,894.00
0914	1	$21,544.00
0915	1	$23,444.00
0916	1	$24,944.00
0917	1	$26,344.00
0918	1	$26,594.00
0919	1	$21,794.00
0920	1	$23,244.00
0921	1	$21,334.00
0922	1	$22,334.00
0923	1	$24,434.00
0924	1	$22,644.00
0925	1	$23,644.00
0926	1	$25,444.00
0927	1	$27,894.00
0928	1	$16,634.00
0929	1	$17,634.00
0930	1	$18,734.00
0931	1	$16,934.00
0932	1	$18,484.00
0933	1	$15,940.00
0934	1	$17,744.00
0935	1	$17,124.00
0936	1	$18,494.00
0937	1	$31,725.00
0938	1	$36,510.00
0939	1	$30,335.00
0940	1	$32,075.00
0941	1	$36,615.00
0942	1	$38,460.00
0943	1	$40,495.00
0944	1	$37,375.00
0945	1	$38,665.00
0946	1	$45,065.00
0947	1	$33,205.00
0948	1	$21,205.00
0949	1	$22,660.00
0950	1	$25,325.00
0951	1	$23,925.00
0952	1	$26,600.00
0953	1	$20,480.00
0954	1	$22,985.00
0955	1	$30,130.00
0956	1	$27,335.00
0957	1	$18,110.00
0958	1	$19,720.00
0959	1	$20,910.00
0960	1	$27,690.00
0961	1	$26,665.00
0962	1	$33,290.00
0963	1	$35,480.00
0964	1	$35,710.00
0965	1	$42,030.00
0966	1	$28,200.00
0967	1	$29,355.00
0968	1	$32,805.00
0969	1	$33,960.00
0970	1	$35,410.00
0971	1	$35,705.00
0972	1	$46,025.00
0973	1	$51,025.00
0974	1	$17,460.00
0975	1	$19,370.00
0976	1	$20,560.00
0977	1	$22,870.00
0978	1	$22,160.00
0979	1	$23,885.00
0980	1	$24,520.00
0981	1	$26,115.00
0982	1	$27,515.00
0983	1	$25,475.00
0984	1	$26,865.00
0985	1	$22,735.00
0986	1	$24,135.00
0987	1	$26,170.00
0988	1	$24,435.00
0989	1	$27,115.00
0990	1	$29,045.00
0991	1	$50,115.00
0992	1	$53,340.00
0993	1	$57,155.00
0994	1	$41,180.00
0995	1	$43,780.00
0996	1	$44,405.00
0997	1	$50,665.00
0998	1	$53,890.00
0999	1	$53,890.00
1000	1	$57,705.00
1001	1	$60,930.00
1002	1	$25,500.00
1003	1	$30,045.00
1004	1	$36,475.00
1005	1	$38,675.00
1006	1	$26,355.00
1007	1	$29,910.00
1008	1	$21,090.00
1009	1	$24,025.00
1010	1	$25,580.00
1011	1	$26,460.00
1012	1	$20,950.00
1013	1	$23,285.00
1014	1	$21,355.00
1015	1	$26,535.00
1016	1	$51,075.00
1017	1	$60,025.00
1018	1	$54,185.00
1019	1	$24,985.00
1020	1	$27,560.00
1021	1	$26,955.00
1022	1	$27,835.00
1023	1	$24,760.00
1024	1	$16,155.00
1025	1	$17,040.00
1026	1	$18,075.00
1027	1	$21,030.00
1028	1	$22,160.00
1029	1	$33,790.00
1030	1	$33,790.00
1031	1	$40,070.00
1032	1	$43,130.00
1033	1	$34,515.00
1034	1	$40,370.00
1035	1	$43,430.00
1036	1	$26,615.00
1037	1	$27,545.00
1038	1	$27,915.00
1039	1	$28,905.00
1040	1	$29,665.00
1041	1	$30,965.00
1042	1	$37,535.00
1043	1	$27,250.00
1044	1	$27,395.00
1045	1	$29,630.00
1046	1	$32,680.00
1047	1	$37,835.00
1048	1	$40,895.00
1049	1	$40,895.00
1050	1	$24,130.00
1051	1	$25,330.00
1052	1	$26,660.00
1053	1	$29,380.00
1054	1	$29,380.00
1055	1	$29,710.00
1056	1	$24,910.00
1057	1	$27,385.00
1058	1	$30,105.00
1059	1	$30,435.00
1060	1	$30,435.00
1061	1	$75,375.00
1062	1	$28,485.00
1063	1	$30,310.00
1064	1	$28,685.00
1065	1	$30,510.00
1066	1	$13,665.00
1067	1	$14,125.00
1068	1	$13,615.00
1069	1	$14,375.00
1070	1	$28,560.00
1071	1	$33,880.00
1072	1	$40,110.00
1073	1	$41,220.00
1074	1	$29,020.00
1075	1	$30,120.00
1076	1	$30,940.00
1077	1	$32,040.00
1078	1	$31,995.00
1079	1	$34,395.00
1080	1	$35,195.00
1081	1	$34,240.00
1082	1	$34,810.00
1083	1	$36,870.00
1084	1	$18,370.00
1085	1	$19,470.00
1086	1	$20,085.00
1087	1	$24,204.00
1088	1	$19,835.00
1089	1	$23,875.00
1090	1	$24,500.00
1091	1	$84,875.00
1092	1	$25,019.00
1093	1	$25,514.00
1094	1	$26,119.00
1095	1	$25,560.00
1096	1	$26,160.00
1097	1	$26,210.00
1098	1	$26,810.00
1099	1	$27,910.00
1100	1	$28,745.00
1101	1	$30,875.00
1102	1	$31,475.00
1103	1	$18,485.00
1104	1	$21,300.00
1105	1	$22,400.00
1106	1	$24,015.00
1107	1	$24,680.00
1108	1	$25,740.00
1109	1	$26,840.00
1110	1	$24,205.00
1111	1	$23,990.00
1112	1	$25,365.00
1113	1	$26,465.00
1114	1	$16,765.00
1115	1	$18,965.00
1116	1	$23,265.00
1117	1	$23,765.00
1118	1	$20,595.00
1119	1	$24,225.00
1120	1	$25,500.00
1121	1	$26,600.00
1122	1	$20,540.00
1123	1	$27,140.00
1124	1	$27,945.00
1125	1	$26,700.00
1126	1	$31,400.00
1127	1	$37,400.00
1128	1	$43,300.00
1129	1	$24,000.00
1130	1	$25,100.00
1131	1	$28,205.00
1132	1	$30,500.00
1133	1	$32,350.00
1134	1	$25,405.00
1135	1	$27,360.00
1136	1	$28,765.00
1137	1	$32,910.00
1138	1	$33,640.00
1139	1	$36,389.00
1140	1	$41,650.00
1141	1	$38,175.00
1142	1	$25,475.00
1143	1	$40,825.00
1144	1	$27,050.00
1145	1	$32,000.00
1146	1	$32,025.00
1147	1	$38,575.00
1148	1	$32,300.00
1149	1	$51,800.00
1150	1	$37,825.00
1151	1	$36,075.00
1152	1	$29,875.00
1153	1	$33,725.00
1154	1	$34,400.00
1155	1	$33,245.00
1156	1	$42,400.00
1157	1	$33,275.00
1158	1	$38,925.00
1159	1	$38,800.00
1160	1	$32,875.00
1161	1	$38,875.00
1162	1	$40,875.00
1163	1	$39,725.00
1164	1	$42,830.00
1165	1	$51,725.00
1166	1	$61,825.00
1167	1	$40,110.00
1168	1	$40,165.00
1169	1	$46,955.00
1170	1	$12,835.00
1171	1	$12,835.00
1172	1	$12,685.00
1173	1	$14,820.00
1174	1	$31,795.00
1175	1	$24,730.00
1176	1	$31,795.00
1177	1	$15,710.00
1178	1	$18,240.00
1179	1	$16,390.00
1180	1	$17,190.00
1181	1	$18,240.00
1182	1	$24,565.00
1183	1	$28,175.00
1184	1	$24,625.00
1185	1	$20,010.00
1186	1	$23,370.00
1187	1	$24,625.00
1188	1	$46,575.00
1189	1	$59,775.00
1190	1	$51,775.00
1191	1	$18,890.00
1192	1	$21,330.00
1193	1	$22,455.00
1194	1	$49,880.00
1195	1	$55,720.00
1196	1	$109,130.00
1197	1	$54,530.00
1198	1	$49,900.00
1199	1	$55,740.00
1200	1	$75,255.00
1201	1	$54,550.00
1202	1	$59,550.00
1203	1	$16,995.00
1204	1	$18,895.00
1205	1	$22,695.00
1206	1	$23,360.00
1207	1	$25,110.00
1208	1	$24,280.00
1209	1	$26,030.00
1210	1	$28,965.00
1211	1	$30,715.00
1212	1	$23,490.00
1213	1	$25,240.00
1214	1	$29,065.00
1215	1	$25,635.00
1216	1	$33,050.00
1217	1	$31,345.55
1218	1	$117,500.00
1219	1	$126,600.00
1220	1	$158,400.00
1221	1	$29,690.00
1222	1	$33,245.00
1223	1	$31,540.00
1224	1	$35,095.00
1225	1	$26,755.00
1226	1	$28,615.00
1227	1	$28,820.00
1228	1	$38,955.00
1229	1	$31,000.00
1230	1	$30,200.00
1231	1	$32,050.00
1232	1	$30,075.00
1233	1	$31,165.00
1234	1	$42,275.00
1235	1	$43,160.00
1236	1	$35,535.00
1237	1	$33,490.00
1238	1	$45,485.00
1239	1	$34,945.00
1240	1	$47,725.00
1241	1	$20,440.00
1242	1	$26,975.00
1243	1	$159,950.00
1244	1	$173,450.00
1245	1	$19,440.00
1246	1	$22,890.00
1247	1	$30,455.00
1248	1	$24,730.00
1249	1	$27,020.00
1250	1	$30,755.00
1251	1	$22,545.00
1252	1	$23,435.00
1253	1	$23,545.00
1254	1	$33,520.00
1255	1	$31,355.00
1256	1	$34,505.00
1257	1	$32,460.00
1258	1	$35,610.00
1259	1	$42,485.00
1260	1	$33,520.00
1261	1	$31,355.00
1262	1	$34,505.00
1263	1	$32,460.00
1264	1	$35,610.00
1265	1	$42,485.00
1266	1	$42,770.00
1267	1	$26,390.00
1268	1	$30,470.00
1269	1	$31,580.00
1270	1	$30,120.00
1271	1	$34,375.00
1272	1	$39,425.00
1273	1	$39,725.00
1274	1	$26,390.00
1275	1	$28,430.00
1276	1	$30,470.00
1277	1	$32,285.00
1278	1	$30,120.00
1279	1	$31,230.00
1280	1	$33,270.00
1281	1	$34,375.00
1282	1	$36,275.00
1283	1	$39,425.00
1284	1	$39,725.00
1285	1	$22,235.00
1286	1	$25,085.00
1287	1	$25,385.00
1288	1	$27,805.00
1289	1	$30,780.00
1290	1	$46,725.00
1291	1	$48,125.00
1292	1	$22,235.00
1293	1	$25,385.00
1294	1	$27,805.00
1295	1	$35,490.00
1296	1	$39,155.00
1297	1	$41,250.00
1298	1	$44,400.00
1299	1	$33,040.00
1300	1	$33,235.00
1301	1	$35,995.00
1302	1	$36,190.00
1303	1	$36,705.00
1304	1	$39,855.00
1305	1	$40,050.00
1306	1	$45,250.00
1307	1	$30,890.00
1308	1	$30,935.00
1309	1	$34,085.00
1310	1	$33,945.00
1311	1	$37,095.00
1312	1	$39,230.00
1313	1	$42,380.00
1314	1	$31,140.00
1315	1	$31,335.00
1316	1	$34,095.00
1317	1	$34,290.00
1318	1	$37,600.00
1319	1	$39,185.00
1320	1	$42,530.00
1321	1	$28,460.00
1322	1	$31,255.00
1323	1	$28,960.00
1324	1	$32,155.00
1325	1	$33,330.00
1326	1	$33,640.00
1327	1	$35,585.00
1328	1	$38,735.00
1329	1	$40,570.00
1330	1	$41,765.00
1331	1	$44,915.00
1332	1	$34,560.00
1333	1	$37,515.00
1334	1	$37,710.00
1335	1	$38,110.00
1336	1	$39,335.00
1337	1	$42,485.00
1338	1	$42,600.00
1339	1	$42,790.00
1340	1	$42,795.00
1341	1	$45,750.00
1342	1	$45,940.00
1343	1	$45,945.00
1344	1	$32,585.00
1345	1	$35,265.00
1346	1	$38,415.00
1347	1	$42,740.00
1348	1	$48,875.00
1349	1	$32,995.00
1350	1	$33,025.00
1351	1	$35,950.00
1352	1	$36,225.00
1353	1	$37,205.00
1354	1	$39,375.00
1355	1	$40,355.00
1356	1	$40,615.00
1357	1	$43,765.00
1358	1	$32,505.00
1359	1	$31,195.00
1360	1	$36,010.00
1361	1	$29,800.00
1362	1	$30,255.00
1363	1	$32,755.00
1364	1	$33,210.00
1365	1	$35,940.00
1366	1	$37,030.00
1367	1	$41,585.00
1368	1	$41,875.00
1369	1	$54,120.00
1370	1	$46,685.00
1371	1	$49,530.00
1372	1	$43,485.00
1373	1	$49,820.00
1374	1	$42,290.00
1375	1	$43,080.00
1376	1	$51,670.00
1377	1	$54,475.00
1378	1	$51,715.00
1379	1	$42,580.00
1380	1	$46,220.00
1381	1	$55,110.00
1382	1	$38,760.00
1383	1	$40,760.00
1384	1	$54,425.00
1385	1	$59,075.00
1386	1	$31,999.00
1387	1	$38,750.00
1388	1	$40,750.00
1389	1	$41,000.00
1390	1	$19,995.00
1391	1	$21,995.00
1392	1	$29,100.00
1393	1	$32,635.00
1394	1	$38,760.00
1395	1	$36,675.00
1396	1	$38,760.00
1397	1	$40,800.00
1398	1	$47,366.00
1399	1	$18,995.00
1400	1	$28,600.00
1401	1	$29,960.00
1402	1	$33,460.00
1403	1	$20,870.00
1404	1	$22,865.00
1405	1	$26,010.00
1406	1	$33,495.00
1407	1	$36,710.00
1408	1	$21,980.00
1409	1	$21,995.00
1410	1	$24,295.00
1411	1	$55,175.00
1412	1	$59,325.00
1413	1	$17,630.00
1414	1	$18,745.00
1415	1	$18,810.00
1416	1	$17,630.00
1417	1	$20,835.00
1418	1	$20,835.00
1419	1	$23,995.00
1420	1	$43,731.00
1421	1	$25,495.00
1422	1	$30,495.00
1423	1	$44,410.00
1424	1	$25,340.00
1425	1	$28,795.00
1426	1	$30,240.00
1427	1	$32,755.00
1428	1	$33,095.00
1429	1	$34,220.00
1430	1	$34,220.00
1431	1	$40,681.00
1432	1	$25,995.00
1433	1	$30,995.00
1434	1	$27,745.00
1435	1	$34,045.00
1436	1	$36,045.00
1437	1	$42,645.00
1438	1	$44,645.00
1439	1	$24,095.00
1440	1	$25,795.00
1441	1	$27,995.00
1442	1	$29,195.00
1443	1	$29,530.00
1444	1	$21,165.00
1445	1	$22,995.00
1446	1	$28,995.00
1447	1	$30,695.00
1448	1	$29,990.00
1449	1	$22,340.00
1450	1	$22,340.00
1451	1	$23,985.00
1452	1	$28,160.00
1453	1	$27,500.00
1454	1	$22,995.00
1455	1	$24,745.00
1456	1	$27,995.00
1457	1	$29,745.00
1458	1	$29,520.00
1459	1	$31,920.00
1460	1	$39,935.00
1461	1	$43,550.00
1462	1	$25,565.00
1463	1	$29,765.00
1464	1	$37,780.00
1465	1	$21,510.00
1466	1	$22,185.00
1467	1	$26,265.00
1468	1	$26,055.00
1469	1	$29,325.00
1470	1	$34,810.00
1471	1	$35,010.00
1472	1	$36,165.00
1473	1	$36,365.00
1474	1	$39,430.00
1475	1	$39,630.00
1476	1	$40,440.00
1477	1	$36,865.00
1478	1	$40,130.00
1479	1	$40,940.00
1480	1	$28,165.00
1481	1	$31,140.00
1482	1	$31,310.00
1483	1	$39,400.00
1484	1	$42,300.00
1485	1	$42,500.00
1486	1	$44,635.00
1487	1	$47,380.00
1488	1	$48,015.00
1489	1	$50,895.00
1490	1	$51,095.00
1491	1	$48,715.00
1492	1	$51,595.00
1493	1	$35,630.00
1494	1	$96,681.00
1495	1	$95,931.00
1496	1	$26,490.00
1497	1	$27,695.00
1498	1	$26,820.00
1499	1	$31,405.00
1500	1	$46,725.00
1501	1	$27,490.00
1502	1	$27,820.00
1503	1	$32,080.00
1504	1	$33,065.00
1505	1	$33,065.00
1506	1	$34,350.00
1507	1	$34,525.00
1508	1	$32,045.00
1509	1	$35,845.00
1510	1	$30,995.00
1511	1	$32,845.00
1512	1	$34,995.00
1513	1	$36,995.00
1514	1	$38,845.00
1515	1	$21,745.00
1516	1	$24,770.00
1517	1	$26,350.00
1518	1	$28,100.00
1519	1	$32,335.00
1520	1	$33,095.00
1521	1	$47,875.00
1522	1	$50,875.00
1523	1	$21,995.00
1524	1	$26,595.00
1525	1	$30,715.00
1526	1	$32,465.00
1527	1	$33,225.00
1528	1	$36,510.00
1529	1	$42,315.00
1530	1	$44,085.00
1531	1	$46,985.00
1532	1	$46,615.00
1533	1	$49,515.00
1534	1	$37,825.00
1535	1	$40,725.00
1536	1	$39,365.00
1537	1	$42,265.00
1538	1	$48,935.00
1539	1	$47,305.00
1540	1	$42,935.00
1541	1	$47,395.00
1542	1	$49,635.00
1543	1	$49,265.00
1544	1	$43,375.00
1545	1	$42,075.00
1546	1	$44,975.00
1547	1	$51,585.00
1548	1	$30,095.00
1549	1	$36,210.00
1550	1	$34,095.00
1551	1	$28,995.00
1552	1	$31,995.00
1553	1	$39,995.00
1554	1	$29,025.00
1555	1	$31,550.00
1556	1	$39,735.00
1557	1	$27,405.00
1558	1	$27,705.00
1559	1	$23,690.00
1560	1	$27,760.00
1561	1	$27,220.00
1562	1	$30,985.00
1563	1	$31,285.00
1564	1	$36,925.00
1565	1	$35,075.00
1566	1	$41,225.00
1567	1	$26,860.00
1568	1	$34,315.00
1569	1	$28,660.00
1570	1	$31,805.00
1571	1	$30,770.00
1572	1	$33,915.00
1573	1	$37,425.00
1574	1	$34,980.00
1575	1	$39,235.00
1576	1	$27,215.00
1577	1	$30,360.00
1578	1	$30,390.00
1579	1	$33,535.00
1580	1	$30,005.00
1581	1	$30,430.00
1582	1	$34,510.00
1583	1	$36,880.00
1584	1	$34,050.00
1585	1	$37,600.00
1586	1	$30,270.00
1587	1	$30,570.00
1588	1	$34,230.00
1589	1	$34,530.00
1590	1	$33,535.00
1591	1	$36,380.00
1592	1	$37,445.00
1593	1	$37,745.00
1594	1	$40,590.00
1595	1	$40,590.00
1596	1	$39,330.00
1597	1	$39,630.00
1598	1	$45,525.00
1599	1	$44,100.00
1600	1	$47,245.00
1601	1	$44,570.00
1602	1	$30,755.00
1603	1	$31,970.00
1604	1	$34,810.00
1605	1	$32,785.00
1606	1	$34,025.00
1607	1	$36,710.00
1608	1	$37,445.00
1609	1	$37,745.00
1610	1	$40,590.00
1611	1	$39,960.00
1612	1	$40,260.00
1613	1	$43,065.00
1614	1	$45,910.00
1615	1	$44,575.00
1616	1	$44,875.00
1617	1	$48,020.00
1618	1	$48,170.00
1619	1	$51,315.00
1620	1	$48,970.00
1621	1	$52,115.00
1622	1	$31,785.00
1623	1	$33,310.00
1624	1	$36,350.00
1625	1	$37,940.00
1626	1	$42,915.00
1627	1	$43,110.00
1628	1	$43,630.00
1629	1	$43,930.00
1630	1	$44,120.00
1631	1	$46,905.00
1632	1	$47,100.00
1633	1	$59,585.00
1634	1	$32,480.00
1635	1	$35,455.00
1636	1	$37,135.00
1637	1	$37,320.00
1638	1	$40,595.00
1639	1	$41,925.00
1640	1	$45,070.00
1641	1	$45,265.00
1642	1	$46,880.00
1643	1	$49,835.00
1644	1	$27,250.00
1645	1	$30,225.00
1646	1	$32,850.00
1647	1	$32,275.00
1648	1	$35,305.00
1649	1	$31,955.00
1650	1	$32,145.00
1651	1	$34,100.00
1652	1	$35,685.00
1653	1	$37,395.00
1654	1	$37,595.00
1655	1	$40,555.00
1656	1	$34,290.00
1657	1	$34,885.00
1658	1	$38,140.00
1659	1	$42,520.00
1660	1	$30,025.00
1661	1	$41,225.00
1662	1	$32,710.00
1663	1	$33,665.00
1664	1	$37,430.00
1665	1	$38,725.00
1666	1	$38,975.00
1667	1	$42,005.00
1668	1	$44,590.00
1669	1	$47,750.00
1670	1	$60,040.00
1671	1	$60,235.00
1672	1	$34,930.00
1673	1	$36,575.00
1674	1	$37,845.00
1675	1	$38,625.00
1676	1	$41,425.00
1677	1	$41,615.00
1678	1	$44,115.00
1679	1	$45,720.00
1680	1	$47,480.00
1681	1	$48,550.00
1682	1	$50,385.00
1683	1	$50,580.00
1684	1	$51,415.00
1685	1	$27,570.00
1686	1	$29,545.00
1687	1	$30,540.00
1688	1	$32,460.00
1689	1	$30,875.00
1690	1	$33,010.00
1691	1	$29,715.00
1692	1	$33,725.00
1693	1	$34,985.00
1694	1	$37,970.00
1695	1	$31,275.00
1696	1	$33,190.00
1697	1	$35,300.00
1698	1	$35,500.00
1699	1	$36,355.00
1700	1	$37,090.00
1701	1	$38,415.00
1702	1	$38,615.00
1703	1	$39,345.00
1704	1	$41,390.00
1705	1	$42,265.00
1706	1	$32,170.00
1707	1	$36,370.00
1708	1	$36,500.00
1709	1	$36,695.00
1710	1	$39,540.00
1711	1	$41,325.00
1712	1	$40,400.00
1713	1	$43,545.00
1714	1	$44,545.00
1715	1	$50,500.00
1716	1	$51,995.00
1717	1	$53,940.00
1718	1	$57,930.00
1719	1	$60,625.00
1720	1	$49,325.00
1721	1	$54,680.00
1722	1	$17,795.00
1723	1	$16,995.00
1724	1	$32,525.00
1725	1	$34,375.00
1726	1	$40,395.00
1727	1	$40,245.00
1728	1	$44,035.00
1729	1	$37,075.00
1730	1	$38,975.00
1731	1	$45,875.00
1732	1	$52,075.00
1733	1	$34,025.00
1734	1	$43,475.00
1735	1	$44,825.00
1736	1	$38,575.00
1737	1	$29,850.00
1738	1	$40,470.00
1739	1	$44,260.00
1740	1	$42,965.00
1741	1	$17,895.00
1742	1	$19,505.00
1743	1	$19,505.00
1744	1	$19,595.00
1745	1	$21,790.00
1746	1	$23,490.00
1747	1	$20,995.00
1748	1	$21,950.00
1749	1	$25,380.00
1750	1	$29,080.00
1751	1	$28,675.00
1752	1	$20,470.00
1753	1	$22,265.00
1754	1	$29,155.00
1755	1	$29,395.00
1756	1	$28,990.00
1757	1	$22,245.00
1758	1	$25,245.00
1759	1	$29,245.00
1760	1	$27,245.00
1761	1	$37,245.00
1762	1	$53,575.00
1763	1	$26,695.00
1764	1	$30,495.00
1765	1	$27,995.00
1766	1	$54,495.00
1767	1	$18,540.00
1768	1	$18,655.00
1769	1	$37,075.00
1770	1	$43,525.00
1771	1	$45,875.00
1772	1	$52,075.00
1773	1	$59,075.00
1774	1	$36,025.00
1775	1	$43,475.00
1776	1	$44,825.00
1777	1	$21,300.00
1778	1	$26,520.00
1779	1	$20,450.00
1780	1	$23,415.00
1781	1	$25,835.00
1782	1	$23,200.00
1783	1	$24,270.00
1784	1	$26,845.00
1785	1	$25,995.00
1786	1	$30,045.00
1787	1	$32,595.00
1788	1	$38,595.00
1789	1	$25,995.00
1790	1	$34,445.00
1791	1	$21,880.00
1792	1	$22,065.00
1793	1	$22,135.00
1794	1	$23,280.00
1795	1	$23,350.00
1796	1	$22,080.00
1797	1	$22,955.00
1798	1	$23,295.00
1799	1	$23,450.00
1800	1	$23,745.00
1801	1	$35,140.00
1802	1	$37,140.00
1803	1	$38,860.00
1804	1	$32,615.00
1805	1	$35,240.00
1806	1	$40,960.00
1807	1	$46,825.00
1808	1	$49,125.00
1809	1	$52,125.00
1810	1	$56,875.00
1811	1	$61,475.00
1812	1	$65,775.00
1813	1	$68,375.00
1814	1	$56,825.00
1815	1	$24,655.00
1816	1	$27,960.00
1817	1	$30,615.00
1818	1	$24,715.00
1819	1	$28,370.00
1820	1	$30,675.00
1821	1	$24,685.00
1822	1	$26,410.00
1823	1	$29,560.00
1824	1	$21,595.00
1825	1	$21,270.00
1826	1	$18,960.00
1827	1	$22,575.00
1828	1	$25,635.00
1829	1	$30,685.00
1830	1	$25,840.00
1831	1	$30,890.00
1832	1	$33,050.00
1833	1	$34,900.00
1834	1	$29,690.00
1835	1	$33,245.00
1836	1	$31,540.00
1837	1	$45,425.00
1838	1	$52,775.00
1839	1	$59,175.00
1840	1	$60,575.00
1841	1	$62,875.00
1842	1	$67,075.00
1843	1	$40,610.00
1844	1	$28,820.00
1845	1	$38,955.00
1846	1	$40,815.00
1847	1	$31,000.00
1848	1	$32,850.00
1849	1	$30,200.00
1850	1	$79,075.00
1851	1	$87,775.00
1852	1	$91,075.00
1853	1	$139,975.00
1854	1	$123,875.00
1855	1	$127,775.00
1856	1	$69,625.00
1857	1	$69,625.00
1858	1	$89,575.00
1859	1	$112,025.00
1860	1	$48,475.00
1861	1	$52,175.00
1862	1	$46,675.00
1863	1	$52,175.00
1864	1	$59,275.00
1865	1	$86,375.00
1866	1	$30,075.00
1867	1	$30,280.00
1868	1	$31,165.00
1869	1	$33,295.00
1870	1	$47,355.00
1871	1	$34,750.00
1872	1	$31,560.00
1873	1	$32,830.00
1874	1	$39,705.00
1875	1	$40,120.00
1876	1	$33,520.00
1877	1	$31,560.00
1878	1	$32,830.00
1879	1	$36,020.00
1880	1	$34,590.00
1881	1	$43,270.00
1882	1	$44,490.00
1883	1	$47,640.00
1884	1	$46,035.00
1885	1	$26,390.00
1886	1	$28,430.00
1887	1	$30,470.00
1888	1	$29,335.00
1889	1	$30,590.00
1890	1	$33,680.00
1891	1	$34,790.00
1892	1	$37,075.00
1893	1	$39,925.00
1894	1	$40,225.00
1895	1	$28,430.00
1896	1	$31,580.00
1897	1	$29,335.00
1898	1	$32,485.00
1899	1	$30,590.00
1900	1	$34,790.00
1901	1	$37,075.00
1902	1	$39,925.00
1903	1	$21,845.00
1904	1	$22,235.00
1905	1	$25,085.00
1906	1	$28,220.00
1907	1	$28,340.00
1908	1	$31,190.00
1909	1	$21,845.00
1910	1	$25,085.00
1911	1	$25,385.00
1912	1	$28,220.00
1913	1	$32,340.00
1914	1	$32,385.00
1915	1	$35,490.00
1916	1	$35,535.00
1917	1	$36,420.00
1918	1	$36,465.00
1919	1	$39,570.00
1920	1	$39,615.00
1921	1	$41,710.00
1922	1	$44,900.00
1923	1	$33,040.00
1924	1	$37,115.00
1925	1	$40,465.00
1926	1	$42,410.00
1927	1	$45,750.00
1928	1	$46,860.00
1929	1	$34,085.00
1930	1	$34,360.00
1931	1	$37,465.00
1932	1	$39,685.00
1933	1	$39,730.00
1934	1	$42,835.00
1935	1	$42,880.00
1936	1	$31,140.00
1937	1	$34,095.00
1938	1	$34,865.00
1939	1	$38,015.00
1940	1	$42,835.00
1941	1	$43,030.00
1942	1	$33,330.00
1943	1	$36,480.00
1944	1	$36,790.00
1945	1	$36,000.00
1946	1	$37,925.00
1947	1	$41,075.00
1948	1	$41,075.00
1949	1	$44,225.00
1950	1	$45,415.00
1951	1	$34,560.00
1952	1	$34,755.00
1953	1	$34,960.00
1954	1	$37,710.00
1955	1	$38,330.00
1956	1	$41,480.00
1957	1	$41,675.00
1958	1	$42,900.00
1959	1	$43,290.00
1960	1	$43,300.00
1961	1	$46,255.00
1962	1	$46,440.00
1963	1	$44,410.00
1964	1	$44,595.00
1965	1	$47,745.00
1966	1	$32,585.00
1967	1	$35,115.00
1968	1	$35,735.00
1969	1	$35,680.00
1970	1	$38,830.00
1971	1	$40,095.00
1972	1	$40,250.00
1973	1	$43,245.00
1974	1	$43,400.00
1975	1	$32,995.00
1976	1	$35,950.00
1977	1	$35,980.00
1978	1	$37,620.00
1979	1	$39,785.00
1980	1	$40,770.00
1981	1	$40,860.00
1982	1	$41,120.00
1983	1	$44,010.00
1984	1	$33,085.00
1985	1	$35,435.00
1986	1	$36,425.00
1987	1	$29,800.00
1988	1	$32,755.00
1989	1	$33,205.00
1990	1	$36,355.00
1991	1	$24,995.00
1992	1	$29,945.00
1993	1	$28,595.00
1994	1	$43,030.00
1995	1	$44,760.00
1996	1	$47,615.00
1997	1	$52,135.00
1998	1	$59,450.00
1999	1	$62,295.00
