restaurant	tripadvisor	phone
2000	1935	1935	1932
0000	1	212-265-2610
0001	1	212 554 1515
0002	1	(212) 997-4540
0003	0	<NULL>
0004	1	(212) 947-3636
0005	1	(212) 288-0033
0006	0	<NULL>
0007	1	212-972-1001
0008	1	(212) 941-7994
0009	1	(212) 989-6699
0010	1	(212) 575-5129
0011	1	(773) 561-1600
0012	1	(312) 789-9655
0013	1	(773) 604-8769
0014	1	(312) 377-2002
0015	1	(312) 482-9179
0016	1	(312) 243-7100
0017	1	(773) 545-7427
0018	1	773-883-7220
0019	1	(312) 410-9900
0020	1	312-626-2444
0021	1	312 253 0594
0022	1	(312) 527-2722
0023	1	(312) 266-8999
0024	1	(808) 637-4852
0025	1	(808) 737-5591
0026	1	(808) 949-2526
0027	1	(808) 923-2311
0028	1	(808) 737-2275
0029	1	(808) 947-3800
0030	1	808-923-2311
0031	1	(808) 922-2268
0032	1	808-259-9811
0033	1	8084407910
0034	1	(212) 581-1818
0035	1	(212) 501-8121
0036	1	(212) 691-8211
0037	1	(212) 489-0051
0038	1	(212) 964-2525
0039	1	(212) 757-3016
0040	1	(212) 777-0303
0041	1	(212) 297-9177
0042	1	(212) 620-4020
0043	1	(212) 986-1520
0044	1	212-683-2322
0045	1	(405) 947-0400
0046	1	(405) 843-9922
0047	1	(405) 749-2515
0048	1	(405) 672-4904
0049	1	405 840-4762
0050	1	(405) 748-4443
0051	1	(405) 528-8424
0052	1	(405) 677-1401
0053	1	(405) 842-3355
0054	1	(405) 692-9866
0055	1	716-842-6900
0056	1	(716) 854-6666
0057	1	(716) 834-4100
0058	1	(716) 884-5128
0059	1	(716) 874-5400
0060	1	(716) 878-8148
0061	0	<NULL>
0062	1	(716) 881-1888
0063	1	(205) 991-0035
0064	1	(205) 520-0502
0065	1	(205) 978-5355
0066	1	(205) 444-5750
0067	1	(205) 942-9866
0068	1	(205) 252-2109
0069	1	(205) 823-1217
0070	1	(205) 322-6014
0071	1	(205) 985-4696
0072	1	(205) 822-4646
0073	1	(205) 414-1411
0074	1	(205) 995-5775
0075	1	(480) 443-2556
0076	1	(480) 365-6000
0077	1	(480) 603-0922
0078	1	(480) 222-2582
0079	1	(480) 585-6221
0080	1	480 505 3668
0081	1	(480) 951-3775
0082	1	(918) 583-8703
0083	1	(918) 592-7995
0084	1	(918) 481-9500
0085	1	(918) 582-1984
0086	1	(918) 828-0010
0087	1	(918) 299-5900
0088	1	(918) 584-0171
0089	1	918 382-RITA
0090	1	(919) 664-8704
0091	1	(919) 878-0477
0092	1	919-844-6NYC
0093	1	(919) 781-4480
0094	1	(919) 755-9697
0095	1	(919) 833-2888
0096	1	919-521-5328
0097	1	(919) 571-8555
0098	1	(919) 828-4927
0099	1	(919) 981-0305
0100	1	(865) 673-3422
0101	1	865.588.0933
0102	1	(865) 675-8800
0103	1	865-690-5505
0104	1	(865) 522-4963
0105	1	(865) 633-9618
0106	1	(865) 688-0306
0107	1	(865) 690-6163
0108	1	865-865-566-0433
0109	1	(865) 769-9005
0110	1	(865) 546-4212
0111	1	(865) 670-2878
0112	1	(865) 531-9399
0113	1	(865) 862-5358
0114	1	(407) 396-1202
0115	1	(407) 870-5500
0116	1	407-847-3441
0117	1	866 438 2507
0118	1	(407) 566-1221
0119	0	<NULL>
0120	1	(407) 239-7710
0121	1	407 847-9927
0122	1	(954) 491-3584
0123	1	(954) 761-1744
0124	1	(954) 463-9578
0125	0	<NULL>
0126	1	954-689-2344
0127	1	(954) 564-3671
0128	1	(954) 566-5226
0129	1	(954) 523-7191
0130	1	(954) 764-3333
0131	1	(954) 462-0088
0132	1	(954) 467-8484
0133	1	(316) 265-7888
0134	1	(316) 303-1110
0135	1	(316) 684-5173
0136	0	<NULL>
0137	1	(316) 636-5154
0138	1	(316) 263-9164
0139	1	(316) 618-3688
0140	1	(316) 265-0707
0141	1	(316) 691-8950
0142	1	(316) 687-5444
0143	1	(312) 920-9332
0144	1	(312) 321-2725
0145	1	(312) 932-9330
0146	1	312-644-9450
0147	1	(312) 587-8910
0148	1	(773) 489-0690
0149	1	(312) 266-6444
0150	1	(773) 935-5000
0151	1	(312) 828-9800
0152	1	(225) 272-6817
0153	1	(225) 924-1391
0154	1	(225) 752-9377
0155	1	(225) 769-8896
0156	1	(225) 928-2702
0157	1	(225) 761-4465
0158	1	(225)751-2888
0159	1	(559) 439-5303
0160	1	(559) 225-1166
0161	1	(559) 439-9463
0162	1	(559) 323-7297
0163	1	(559) 433-9085
0164	1	(559) 299-9740
0165	1	(559) 233-9226
0166	1	(559) 264-6315
0167	1	(559) 224-0085
0168	0	<NULL>
0169	1	(315) 475-7000
0170	1	(315) 474-7777
0171	1	(315) 433-0118
0172	1	(315) 487-2722
0173	1	(315) 479-0460
0174	1	(315) 446-6666
0175	1	808-662-2832
0176	1	(808) 891-8600
0177	1	8086623000
0178	1	(808) 875-6630
0179	1	808-875-9669
0180	1	808-575-2770
0181	1	808-875-7782
0182	1	1-800-888-6100 #5
0183	1	(808) 669-1500
0184	1	(808) 661-0333
0185	1	(808) 667-2814
0186	1	808-878-6874
0187	1	(423) 267-1555
0188	1	(423) 894-8726
0189	1	(423) 892-0404
0190	1	(423) 267-2726
0191	1	(423) 242-0045
0192	1	(423) 756-5911
0193	1	(423) 265-8606
0194	1	423-266-0424
0195	1	(423) 490-3488
0196	1	(423) 752-8443
0197	1	(423) 892-3606
0198	1	402-289-9210
0199	0	<NULL>
0200	1	4026919991
0201	1	(402) 333-6391
0202	1	402-393-1200
0203	1	(651) 225-9414
0204	1	(651) 772-4388
0205	1	(651) 228-9500
0206	1	(651) 917-2332
0207	1	(651) 221-1061
0208	1	(651) 224-4053
0209	1	651.698.3400
0210	1	(651) 488-1922
0211	1	651-224-5821
0212	1	(651) 227-3533
0213	1	(651) 224-6418
0214	1	(843) 763-9923
0215	1	(843) 577-5300
0216	1	(843) 766-4638
0217	1	(843) 577-3818
0218	1	843-722-3287
0219	1	(843) 723-7121
0220	1	(843) 554-6519
0221	1	(509) 747-3852
0222	1	(509) 456-3473
0223	1	(509) 747-5579
0224	1	(509) 363-1100
0225	1	(509) 747-4956
0226	1	(509) 487-0848
0227	1	(509) 456-3676
0228	1	(509) 789-6848
0229	1	(509) 467-9100
0230	1	(509) 484-4321
0231	1	(509) 747-1121
0232	1	313-832-9233
0233	1	313-961-2543
0234	1	(313) 259-9500
0235	1	(313) 259-0922
0236	1	(313) 963-8727
0237	1	(313) 843-2151
0238	1	(313) 223-3933
0239	1	(313) 963-2860
0240	1	(213) 891-0900
0241	1	323.297.0101
0242	1	(323) 267-8668
0243	1	(818) 508-7017
0244	1	310.450.1429
0245	1	(323) 653-7145
0246	0	<NULL>
0247	1	(323) 906-2649
0248	1	(323) 882-6524
0249	1	(818) 784-2244
0250	1	(323) 466-7453
0251	1	323-466-3894
0252	1	(310) 477-1577
0253	1	(775) 825-3005
0254	1	(775) 329-4481
0255	1	(775) 826-8770
0256	1	775-825-5225
0257	1	775-324-6200
0258	1	(239) 262-6546
0259	1	(239) 598-3300
0260	1	(239) 262-1127
0261	1	(239) 775-2500
0262	1	239-692-9441
0263	1	(239) 643-2201
0264	1	(239) 435-9796
0265	1	(239) 566-7395
0266	0	<NULL>
0267	1	(239) 434-6653
0268	1	(941) 351-5533
0269	1	(941) 377-3474
0270	1	(941) 388-3948
0271	1	(941) 371-9358
0272	1	9414877300
0273	1	(941) 929-7322
0274	1	941.922.0703
0275	1	941-952-0045
0276	1	(941) 925-2400
0277	1	(941) 925-4444
0278	1	(518) 458-8899
0279	1	(518) 489-2222
0280	1	518-452-6342
0281	1	(518) 489-1661
0282	1	(518) 431-6520
0283	1	(518) 482-3940
0284	1	(518) 435-1027
0285	1	(518) 454-9320
0286	1	(518) 452-5670
0287	0	<NULL>
0288	1	(501) 707-2537
0289	1	(501) 224-2057
0290	1	(501) 562-3273
0291	1	(501) 565-1930
0292	1	(401) 273-8953
0293	1	(401) 831-6666
0294	1	(401) 273-7278
0295	0	<NULL>
0296	1	401 521 9229
0297	1	(401) 621-9818
0298	1	(616) 458-5595
0299	1	616-949-9440
0300	1	(616) 363-7100
0301	1	(616) 493-6686
0302	0	<NULL>
0303	1	(616) 451-4779
0304	1	(616) 361-1808
0305	1	(616) 724-1818
0306	1	208-343-4177
0307	1	(208) 344-7471
0308	1	(208) 345-0026
0309	1	(208) 323-4445
0310	1	(208) 246-8639
0311	1	(208) 373-4968
0312	1	(757) 623-3939
0313	1	(757) 461-6766
0314	1	757 624 9100
0315	1	(510) 339-0566
0316	1	(510) 763-0300
0317	1	(510) 653-8587
0318	1	(510) 428-0588
0319	1	(510) 452-1994
0320	1	(510) 763-4328
0321	1	(510) 658-9799
0322	0	<NULL>
0323	1	(415) 776-6500
0324	1	415 826 7000
0325	1	415-397-7355
0326	1	(415) 440-2737
0327	1	(415) 437-6800
0328	1	(415) 552-4055
0329	1	(415) 387-2147
0330	1	608-257-0597
0331	1	608-242-1800
0332	1	608-251-6234
0333	1	(608) 236-0500
0334	1	(608) 255-8227
0335	1	(608) 286-9400
0336	1	(608) 259-1668
0337	0	<NULL>
0338	1	608-255-8376
0339	1	6084429994
0340	1	(608) 294-9988
0341	1	(608) 246-7733
0342	1	608-294-3031
0343	1	(608) 221-3818
0344	1	608-257-1200
0345	1	(608) 242-9300
0346	1	(608) 249-8432
0347	1	(608) 255-2355
0348	1	(608) 242-0560
0349	1	(617) 354-6699
0350	1	617 661 2937
0351	1	(617) 864-2806
0352	1	(617) 547-9007
0353	1	(617) 864-7447
0354	1	(617) 441-0077
0355	1	(617) 349-0071
0356	1	(617) 576-0280
0357	1	617 441 5566
0358	1	(617) 492-1234
0359	1	(617) 491-1213
0360	1	(305) 534-6373
0361	1	(305) 534-4003
0362	1	786 5479590
0363	1	(305) 672-8777
0364	1	305-534-0505 800
0365	1	(305) 695-8484
0366	1	3055323818
0367	1	(305) 673-9368
0368	1	(803) 462-9991
0369	1	(803) 787-6820
0370	1	803-796-0220
0371	1	(803) 407-6443
0372	1	803-796-0220
0373	1	(803) 787-0945
0374	1	(803) 782-1098
0375	1	8435244653
0376	1	(803) 788-2300
0377	1	(718) 762-0300
0378	1	718-888-9890
0379	1	718-886-3266
0380	1	(718) 631-0147
0381	1	(718) 661-3380
0382	1	(718) 793-7177
0383	1	(864) 458-9099
0384	1	(864) 233-3996
0385	1	864 281 3864
0386	1	(864) 234-9000
0387	1	(864) 676-0200
0388	1	(864) 288-8607
0389	1	(864) 277-8921
0390	1	(864) 292-8586
0391	1	912 920 5504
0392	1	(912) 235-4804
0393	1	(912) 897-9963
0394	1	912 233 2626
0395	1	(912) 233-2901
0396	0	<NULL>
0397	1	912-897-1559
0398	1	(912) 920-2788
0399	1	(912) 236-6682
0400	1	(303) 368-1668
0401	1	(303) 337-7827
0402	1	(303) 693-6290
0403	1	(919) 286-9755
0404	1	(919) 382-9431
0405	1	(919) 489-2669
0406	1	(919) 477-2181
0407	1	(919) 286-2884
0408	1	(919) 416-0221
0409	1	(919) 680-6227
0410	1	(919) 544-1532
0411	1	(919) 682-0228
0412	1	336-230-2055
0413	1	(336) 547-2888
0414	1	(336) 545-6233
0415	1	(336) 674-8001
0416	1	(336) 275-3777
0417	1	(336) 852-3303
0418	1	(336) 273-3306
0419	1	(336) 271-0855
0420	1	(336) 282-4800
0421	1	(713) 695-8112
0422	1	(713) 520-5959
0423	1	713-334-2000
0424	1	(713) 522-7602
0425	1	(713) 524-6922
0426	1	(713) 522-4229
0427	1	(713) 524-1700
0428	1	713.520.8599
0429	1	(281) 496-7580
0430	1	(813)258-EVOS
0431	1	(727) 527-4027
0432	1	(727) 897-9375
0433	1	(727) 528-1410
0434	1	(727) 823-6603
0435	0	<NULL>
0436	1	(251) 471-1465
0437	1	(251) 633-9077
0438	0	<NULL>
0439	1	(251) 473-9464
0440	1	(251) 340-0408
0441	1	(251) 476-3847
0442	1	(251) 341-6171
0443	1	(251) 473-1527
0444	1	251-431-7550
0445	1	(251) 661-5100
0446	1	(808) 326-7836
0447	1	(808) 885-2000
0448	1	808 935 9361
0449	1	(808) 935-2259
0450	1	(808) 329-1393
0451	1	(515) 237-0022
0452	1	(515) 557-1924
0453	1	(515) 246-8055
0454	1	(515) 280-1860
0455	1	(515) 244-2070
0456	1	(515) 274-0884
0457	1	(515) 288-2246
0458	1	(515) 288-7755
0459	1	(510) 704-1814
0460	1	(510) 849-2827
0461	1	(510) 526-3700
0462	1	510-526-4429
0463	1	(510) 843-6600
0464	1	(510) 883-1777
0465	1	510-848-8877
0466	1	(510) 527-8611
0467	1	(510) 849-0211
0468	1	(510) 540-6351
0469	1	(510) 849-1100
0470	1	(510) 549-9885
0471	1	(510) 843-6678
0472	1	(510) 540-9333
0473	1	706-322-0012
0474	1	(706) 507-0993
0475	0	<NULL>
0476	1	(561) 368-7788
0477	1	(561) 218-6003
0478	1	(561) 482-8817
0479	1	(561) 912-9800
0480	1	561 353 0711
0481	1	(561) 997-9557
0482	1	(561) 750-2344
0483	1	(561) 362-8403
0484	1	(561) 338-0008
0485	1	(561) 347-1750
0486	1	(561) 487-2989
0487	1	(480) 838-1993
0488	1	(480) 968-7909
0489	1	480-345-2233
0490	1	(717) 399-1912
0491	1	(717) 569-6633
0492	1	(717) 393-9193
0493	1	(717) 394-9019
0494	1	(303) 442-0378
0495	1	(303) 444-5119
0496	1	(303) 442-5012
0497	1	303-494-7626
0498	1	(303) 444-8434
0499	1	3039911899
0500	1	(303) 449-1752
0501	1	(303) 443-5108
0502	1	(303) 786-8585
0503	1	(303) 442-8162
0504	1	(303) 444-5533
0505	1	(303) 444-3133
0506	1	(303) 440-9600
0507	0	<NULL>
0508	1	(303) 442-8813
0509	1	(303) 440-0220
0510	1	(619) 291-7131
0511	1	858-270-5047
0512	1	858-405-8620
0513	1	(619)220-8992
0514	1	(619) 296-8226
0515	1	(619) 232-3242
0516	1	619-233-3309
0517	1	(619) 298-4646
0518	1	(619) 557-9441
0519	1	619.546.7900
0520	1	(206) 633-0801
0521	1	(206) 728-1966
0522	1	(206) 623-4450
0523	1	(206) 545-9050
0524	1	(206) 320-8757
0525	1	(206) 789-3770
0526	1	(206) 256-1499
0527	1	(206) 621-1984
0528	1	212-966-5585
0529	1	(212) 995-9511
0530	1	(212) 517-5340
0531	1	(212) 741-6623
0532	1	877-431-0400
0533	1	(212) 645-2189
0534	1	(212) 620-0393
0535	1	212-274-0505
0536	1	(212) 698-9008
0537	1	2122422606
0538	1	(312) 573-4000
0539	1	(312) 335-5454
0540	1	(773) 989-5595
0541	1	(312) 239-4030
0542	1	(773) 665-0972
0543	1	(773) 772-6656
0544	1	312-266-3110
0545	1	(773) 395-7100
0546	1	(312) 565-1234
0547	1	(773) 384-1035
0548	1	(312) 822-9600
0549	1	(312) 321-6242
0550	1	312 644 7700
0551	0	<NULL>
0552	1	(323) 463-0000
0553	1	(323) 856-9972
0554	1	(818) 227-9505
0555	1	(818) 784-2915
0556	1	(866) 796-8476
0557	1	(310) 474-9400
0558	1	(310) 391-9616
0559	1	(415) 563-3779
0560	1	(415) 777-5577
0561	1	(415) 392-1472
0562	1	(415) 982-9738
0563	1	(415) 956-6969
0564	1	(415) 474-5569
0565	1	(415) 284-4040
0566	1	(415) 421-3786
0567	1	(415) 278-0480
0568	1	415 956-2902
0569	1	(415) 875-9943
0570	1	(713) 266-5888
0571	1	(713) 520-5131
0572	1	(713) 533-9098
0573	0	<NULL>
0574	1	(832) 487-8862
0575	1	(713) 432-9649
0576	1	713-661-1622
0577	1	(713) 224-5299
0578	1	(713) 748-2233
0579	1	(713) 682-8836
0580	1	206.633.3800
0581	1	206 728 5181
0582	1	(206) 632-0421
0583	1	(206) 282-1549
0584	1	(206) 624-1756
0585	1	(206) 322-4600
0586	1	(206) 789-5100
0587	1	(206) 328-4604
0588	1	(206) 624-5500
0589	1	(206) 323-1544
0590	1	617-526-0410
0591	1	617-731-3232
0592	1	(617) 426-8181
0593	1	617-536-0770
0594	1	(617) 523-4480
0595	1	(617) 266-2788
0596	1	(617) 338-7887
0597	1	617 426 4444
0598	1	(617) 267-4799
0599	1	617 933 4800
0600	1	617267530010
0601	1	(617) 536-0448
0602	1	(503) 226-3463
0603	1	(503) 736-9228
0604	1	(503) 223-2995
0605	1	(503) 226-6126
0606	1	(503) 288-4743
0607	1	(503) 292-6727
0608	1	(503) 234-8115
0609	1	503-234-1324
0610	1	(503) 227-7282
0611	1	(503) 450-0893
0612	1	(702) 385-7111
0613	1	(702) 736-4939
0614	1	702-263-0034
0615	1	702 732 7256
0616	0	<NULL>
0617	1	(888) 320-7110
0618	1	(702) 796-7111
0619	1	702-731-7110
0620	1	(702) 731-6030
0621	1	7027330070
0622	1	(702) 740-4555
0623	1	(215) 923-6069
0624	1	(215) 592-0363
0625	1	(215) 922-3676
0626	1	2155459600
0627	1	(215) 569-8939
0628	1	(267) 639-3260
0629	1	(215) 732-6622
0630	1	(617) 536-7200
0631	1	(617) 536-4300
0632	1	(617) 787-4242
0633	1	(617) 859-8886
0634	1	(617) 423-0550
0635	1	(617) 542-2255
0636	1	617 426 6969
0637	1	(617) 412-4600
0638	1	617-532-9100
0639	1	(617) 423-4800
0640	1	(617) 369-7075
0641	1	(617) 227-3434
0642	1	808-256-5589
0643	1	(808) 263-0377
0644	1	(808) 235-4505
0645	1	(808) 947-1688
0646	1	(808) 637-3059
0647	1	808-737-3333
0648	1	808) 585-8839
0649	1	(808) 739-2800
0650	1	(808) 955-1764
0651	1	808.949.3548
0652	1	808 261-5565
0653	1	(808) 521-2900
0654	1	(619) 296-2700
0655	0	<NULL>
0656	1	(619) 295-7275
0657	0	<NULL>
0658	1	(619) 234-1735
0659	1	(619) 294-3061
0660	0	<NULL>
0661	1	(404) 841-0066
0662	1	(404) 262-0702
0663	1	(404) 321-1493
0664	1	404 815 8844
0665	1	404 377 3311
0666	1	404 325 6963
0667	1	(404) 812-0555
0668	1	404 522 3950
0669	1	(404) 497-9700
0670	1	(404) 873-4545
0671	1	(404) 874-1388
0672	1	(303) 825-3353
0673	1	(303) 393-1040
0674	1	(303) 623-3191
0675	1	(303) 575-9000
0676	1	(303) 831-1296
0677	1	(303) 623-5432
0678	1	(303) 394-3939
0679	1	(512) 477-7884
0680	1	(512) 472-9304
0681	1	(512) 495-1857
0682	1	(512) 266-2812
0683	1	(512) 336-5999
0684	1	(512) 477-3300
0685	1	(512) 257-1411
0686	1	(512) 326-5807
0687	1	512.656.7033
0688	1	(210) 822-3361
0689	1	(210) 342-7771
0690	1	(210) 545-0300
0691	1	(210) 738-0099
0692	1	(210) 366-3012
0693	1	(210) 299-1296
0694	1	(210) 828-2322
0695	1	210-858-7388
0696	1	(210) 523-1010
0697	1	(216) 631-7757
0698	1	(216) 781-7462
0699	1	216-961-0000
0700	1	(216) 941-1120
0701	1	(440) 842-0392
0702	1	(216) 896-9081
0703	1	(216) 267-1010
0704	1	216-889-9999
0705	1	(317) 255-2450
0706	1	(317) 251-1488
0707	1	(317) 423-0312
0708	1	(317) 681-8180
0709	0	<NULL>
0710	1	(317) 636-1414
0711	1	317 636 2121
0712	1	(410) 675-0212
0713	1	(410) 889-8891
0714	1	410-534-2337
0715	1	(410) 727-7732
0716	1	(410) 675-7077
0717	0	<NULL>
0718	1	(410) 685-7733
0719	1	443-869-3429
0720	1	(410) 675-0898
0721	1	(410) 633-6485
0722	1	(410) 727-3678
0723	1	(410) 576-3938
0724	1	(407) 859-7844
0725	1	(407) 482-2100
0726	1	407-939-3463
0727	1	(407) 352-1607
0728	1	(407) 345-2888
0729	1	(503) 222-3187
0730	1	(503) 228-3333
0731	1	(503) 232-1387
0732	1	(503) 238-3777
0733	1	(503) 736-3276
0734	1	(503) 228-7317
0735	1	503-525-2225
0736	1	(503) 228-0048
0737	1	(503) 282-6539
0738	1	(503) 226-8002
0739	1	602-381-1237
0740	1	(480) 706-5564
0741	1	602-307-0022
0742	1	602 956 6600
0743	1	(602) 279-7225
0744	1	(480) 513-7466
0745	1	(602) 224-5464
0746	1	602-264-5220
0747	1	85054
0748	1	(623) 551-8259
0749	1	(214) 821-0601
0750	1	(214) 828-2916
0751	1	972-934-0165
0752	1	214 890 1103
0753	1	(214) 826-7100
0754	1	(972)-267-8979
0755	1	(469) 341-ROCK
0756	1	(972) 818-3336
0757	1	(972) 934-8424
0758	1	(214) 744-3287
0759	1	718 615 0010
0760	1	(718) 388-9222
0761	1	(718) 855-3410
0762	1	(718) 748-1698
0763	1	202-466-3474
0764	1	202-393-7777
0765	1	(202) 333-6353
0766	1	202-338-3830
0767	1	202.682.3123
0768	1	202-629-4348
0769	1	202.737.7663
0770	1	(202) 293-9091
0771	1	202-237-2892
0772	1	(202) 338-1747
0773	1	202-244-6600
0774	1	202-299-9630
0775	1	704-845-5244
0776	1	(704) 347-1918
0777	1	(704) 540-5740
0778	1	(704) 375-5750
0779	1	(704) 399-4417
0780	1	704-332-2414
0781	1	(704) 371-4448
0782	1	704-376-1781
0783	1	(808) 395-4330
0784	1	808-739-5100
0785	1	(808) 531-3268
0786	1	(808) 923-0669
0787	1	(808) 922-1233
0788	1	808-275-0063
0789	1	808.944.1555
0790	1	(808) 922-8877
0791	1	(808) 922-4422
0792	1	808-735-8886
0793	1	(412) 391-3993
0794	1	(412) 561-0121
0795	1	(412) 682-9603
0796	1	412-921-6677
0797	1	(412) 201-6992
0798	1	(412) 687-8821
0799	1	(412) 471-1140
0800	1	(412) 642-7711
0801	1	(412) 441-9344
0802	1	(314) 241-5503
0803	1	314-367-7750
0804	1	(314) 772-4442
0805	1	(314) 773-8646
0806	1	636-300-4680
0807	1	(314) 353-0545
0808	1	(314) 772-4454
0809	1	(314) 361-1589
0810	1	(513) 631-8367
0811	1	(513) 772-4800
0812	1	(513) 961-2878
0813	1	(513) 241-9888
0814	1	513-541-8900
0815	1	(513) 347-1111
0816	1	(513) 671-4949
0817	1	(614) 224-4034
0818	1	(614) 228-2332
0819	1	(614) 416-4745
0820	1	(614) 885-7446
0821	1	(614) 473-9931
0822	1	(614) 884-0755
0823	1	(614) 235-2551
0824	1	(702) 735-6828
0825	1	(702) 770-7000
0826	1	702-369-3971
0827	1	888-352-3463
0828	1	7027929222
0829	1	702 693 7223
0830	1	(702) 369-5000
0831	1	(702) 414-3888
0832	1	888 987 6667
0833	1	(305) 266-5494
0834	1	(305) 740-0995
0835	1	(305) 792-2006
0836	1	305-957-0006
0837	1	305 592 7666
0838	1	(305) 442-2427
0839	1	305-573-5521
0840	1	(305) 661-8141
0841	1	(305) 273-1102
0842	1	305-538-2115
0843	1	(305) 373-4291
0844	1	(804) 232-3320
0845	1	(804) 353-9119
0846	1	(804) 233-1781
0847	1	(804) 740-1700
0848	1	(804) 343-1063
0849	1	(804) 275-1760
0850	1	(804) 222-5804
0851	1	(804) 353-2505
0852	1	(804) 264-1161
0853	1	(804) 288-8687
0854	1	(804) 673-2233
0855	1	(813) 932-1303
0856	1	(813) 251-8406
0857	1	(813) 254-5870
0858	1	(813) 353-8155
0859	1	(813) 281-2100
0860	1	813-396-3977 x225
0861	1	(813) 831-4694
0862	1	(813) 282-1118
0863	1	(813) 248-1326
0864	1	813-977-4400
0865	1	8134905288
0866	1	414-273-5252
0867	1	414 727 6161
0868	1	(414) 383-3553
0869	0	<NULL>
0870	1	(414) 483-8300
0871	0	<NULL>
0872	1	(916) 920-0974
0873	1	(916) 564-6555
0874	1	916-443-7685
0875	1	(916) 448-3333
0876	1	(916) 515-4815
0877	0	<NULL>
0878	1	(612)378-0467
0879	1	612-354-3512
0880	1	(612) 788-0461
0881	1	(612) 331-3035
0882	1	(612) 825-2525
0883	1	(612) 333-5798
0884	1	612.332.2535
0885	1	(612) 617-1111
0886	1	612 373 0840
0887	1	(612) 378-0208
0888	1	(612) 824-6300
0889	1	612-353-3500
0890	1	(505) 889-3354
0891	1	(505) 836-2464
0892	1	(505) 344-9169
0893	1	505-890-9463
0894	1	(505) 247-9205
0895	1	(505) 888-1111
0896	1	299-0001
0897	1	(505) 299-9968
0898	1	505-243-0130
0899	1	(505) 821-7488
0900	1	(505) 554-3311
0901	1	(408) 999-0798
0902	1	(408) 946-2181
0903	1	(408) 938-8920
0904	0	<NULL>
0905	1	(408) 265-3020
0906	1	(408) 453-1000
0907	1	(408) 284-4260
0908	1	408-286-6668
0909	1	(408) 287-1542
0910	1	(408) 298-4400
0911	1	(904) 356-8274
0912	1	(904) 771-5757
0913	1	(904) 744-9148
0914	1	904-778-4805
0915	1	904-819-1554
0916	1	(904) 296-1525
0917	1	(904) 399-1306
0918	1	(904) 387-3595
0919	1	(904) 381-4242
0920	1	(904) 996-7557
0921	1	(901) 278-8626
0922	1	(901) 763-2264
0923	1	(901) 685-6857
0924	1	(901) 382-1007
0925	1	(901) 726-6138
0926	1	(901) 767-7770
0927	1	(215) 413-1443
0928	1	215-564-3860
0929	1	215-790-2533
0930	1	(215) 925-8880
0931	1	(215) 463-1951
0932	1	(215) 425-4983
0933	1	(215) 546-0181
0934	1	215-545-2262
0935	1	2155921163
0936	1	(504) 866-9313
0937	1	(504) 899-4200
0938	1	(504) 378-2840
0939	1	(504) 309-2776
0940	1	(504)520-8100
0941	1	504-866-9301
0942	1	(504) 522-4647
0943	1	(520) 577-0747
0944	1	(520) 319-8856
0945	1	(520) 296-8585
0946	1	(520) 885-2842
0947	1	520-881-1150
0948	1	(520) 760-4777
0949	1	(585) 244-7437
0950	1	(585) 272-7180
0951	0	<NULL>
0952	1	(585) 227-4095
0953	1	(585) 232-5830
0954	1	(585) 262-3060
0955	1	585.546.4070
0956	1	(585) 271-0320
0957	1	585 271 3470
0958	1	(585) 271-5510
0959	1	(502) 583-5214
0960	1	(502) 244-3535
0961	1	(502) 635-6960
0962	1	(502) 899-5575
0963	1	(502) 899-9670
0964	0	<NULL>
0965	1	615-885-7852
0966	1	(615) 322-9932
0967	1	(615) 884-0171
0968	1	(615) 831-0432
0969	1	(615) 292-3838
0970	1	615-463-3005
0971	0	<NULL>
0972	1	(915) 594-2858
0973	1	(915) 587-5559
0974	1	(915) 590-0115
0975	1	(915) 845-6557
0976	1	(915) 778-8600
0977	1	915-533-1144
0978	1	(719) 633-2122
0979	1	(719) 574-1426
0980	1	(719) 573-7606
0981	1	(719) 633-9616
0982	1	(719) 597-1175
0983	1	(719) 591-1210
0984	1	(719) 576-5223
0985	1	(719) 596-7191
0986	1	(719) 573-1976
0987	1	(719) 260-6677
0988	1	(816) 523-5462
0989	1	(816) 333-4048
0990	1	(816) 221-1399
0991	1	816 444 6006
0992	1	816-842-2747
0993	1	8165458001
0994	1	(801) 483-2120
0995	1	(801) 583-3575
0996	1	(801) 582-1400
0997	0	<NULL>
0998	1	(801) 466-1968
0999	1	(801) 486-5643
1000	1	801-539-3170
1001	1	(801) 521-0424
1002	1	(757) 428-2411
1003	1	(404) 266-9988
1004	1	(770) 432-2663
1005	1	(404) 347-9055
1006	1	(404) 607-1622
1007	1	(404) 522-4622
1008	1	(404) 231-1368
1009	1	(678) 702-1620
1010	1	(404) 874-1411
1011	1	(404) 240-1984
1012	1	808-923-2861
1013	1	(808) 926-3444
1014	1	(808) 540-1377
1015	1	(405) 601-3800
1016	1	(405) 231-1100
1017	1	(405) 755-3577
1018	1	4057027244
1019	1	(405) 755-2255
1020	1	(716) 836-6818
1021	1	(716) 837-3038
1022	1	(716) 883-1438
1023	1	(716) 823-8888
1024	1	(716) 882-1422
1025	1	(716) 883-4166
1026	1	(205) 870-4406
1027	1	(205) 980-8266
1028	1	205 942 3336
1029	1	205 444 1515
1030	1	(205) 328-2007
1031	1	(480) 429-1100
1032	1	480-585-4848
1033	1	(480) 348-1700
1034	0	<NULL>
1035	1	(480) 990-2693
1036	1	480 362-1530
1037	1	(480) 214-8000
1038	1	(480) 596-8265
1039	1	(480) 947-0057
1040	1	918-949-6666
1041	1	(918) 744-0320
1042	1	(918) 747-9931
1043	1	918-585-2229
1044	1	(918) 491-6436
1045	1	(919) 848-3350
1046	1	(919) 453-2875
1047	1	(919) 821-7553
1048	1	(919) 828-1428
1049	1	(919) 859-2544
1050	1	(919) 875-9007
1051	1	(919) 829-7090
1052	1	(865) 670-9858
1053	1	(865) 673-3122
1054	1	(865) 579-0889
1055	1	(865) 966-2317
1056	0	<NULL>
1057	1	(865) 573-7936
1058	1	(865) 588-1076
1059	1	(407) 932-0987
1060	1	(407) 396-7447
1061	1	(407) 396-1166
1062	1	(407) 933-2211
1063	1	954-463-2566
1064	1	(954) 772-0207
1065	1	(954) 327-7625
1066	1	(954) 561-0404
1067	1	(316) 686-4110
1068	1	(316) 942-0125
1069	1	(316) 636-4411
1070	1	(316) 651-5933
1071	1	(619) 239-2222
1072	1	(619) 232-9840
1073	1	(619) 224-2227
1074	1	(619) 696-3369
1075	0	<NULL>
1076	1	(619) 231-3140
1077	1	619 238 0048
1078	1	(619) 683-2800
1079	1	225-293-4077
1080	1	225-291-8881
1081	1	(225) 767-7571
1082	1	(225) 383-6666
1083	1	(225) 293-6480
1084	1	(559) 225-4290
1085	1	(559) 440-9603
1086	1	(559) 233-8890
1087	1	559 440-9302
1088	1	559.277.1272
1089	1	(559) 230-0460
1090	1	(559) 261-0778
1091	1	559-438-9378
1092	1	(315) 474-1126
1093	1	315-471-9874
1094	1	(315) 466-5715
1095	1	(315) 472-0480
1096	1	(808) 572-8711
1097	1	(808) 875-8800
1098	1	(808) 661-3472
1099	1	(808) 874-1234
1100	1	(808) 667-4051
1101	1	808-875-4100
1102	1	(423) 893-5506
1103	1	(423) 265-5010
1104	1	(423)-702-7300
1105	0	<NULL>
1106	1	(423) 899-7733
1107	1	402-346-9116
1108	1	402-884-2288
1109	1	402 551-2233
1110	1	(402) 697-9888
1111	1	402.502.7888
1112	1	(402) 342-4500
1113	1	(402) 451-8061
1114	1	(651) 698-8387
1115	1	651.291.7105
1116	1	(651) 690-3297
1117	1	(651) 645-0006
1118	1	(651) 644-6778
1119	1	(651) 646-8957
1120	1	651 482 1600
1121	1	(843) 225-4743
1122	1	843-556-0772
1123	1	(843) 723-6325
1124	1	(843) 534-1436
1125	1	(509) 535-2112
1126	1	509 838-5050
1127	1	(509) 325-8370
1128	1	(509) 835-5466
1129	1	(509) 483-1500
1130	1	(509) 455-7427
1131	1	(509) 326-1333
1132	1	(313) 965-5464
1133	1	(313) 794-7427
1134	1	3139633003
1135	1	(313) 640-8284
1136	1	313.961.3043
1137	1	(313) 521-5959
1138	1	(404) 262-2675
1139	1	(404) 872-2942
1140	1	4045245777
1141	1	(404) 875-8424
1142	1	(404) 816-2555
1143	1	(404) 523-6664
1144	1	404-230-1724
1145	1	(775) 323-1891
1146	1	(775) 789-2269
1147	1	(775) 829-8424
1148	1	(775) 825-9800
1149	1	775 673 9663
1150	1	(239) 434-6116
1151	1	239-566-3354
1152	1	(239) 775-3388
1153	1	2394346400
1154	1	239-596-5515
1155	1	239-659-2996
1156	1	(239) 649-5552
1157	1	(941) 388-4485
1158	0	<NULL>
1159	1	(941) 371-3333
1160	1	9413302662
1161	1	(941) 388-3948
1162	1	518-482-4863
1163	1	(518) 462-9180
1164	1	(518) 436-4952
1165	1	(518) 459-4585
1166	1	(518) 489-1661
1167	1	(518) 459-5959
1168	1	(518) 434-1938
1169	1	501-223-8588
1170	1	501-663-6336
1171	0	<NULL>
1172	1	(501) 376-2326
1173	1	1-501-372-7707
1174	1	501-376-1195
1175	1	(501) 661-0600
1176	1	(501) 604-7777
1177	1	(401) 453-6423
1178	1	(401) 453-3660
1179	1	401 273 2652
1180	1	(401) 454-8951
1181	1	(401) 273-7700
1182	1	401/274-2739
1183	1	(401) 521-7428
1184	1	(401) 331-1311
1185	1	616-241-2999
1186	1	(616) 459-2999
1187	1	(616) 735-5520
1188	1	(616) 977-9464
1189	1	(208) 336-2878
1190	1	208.377.5551
1191	1	(208) 331-1173
1192	0	<NULL>
1193	1	(208) 376-1266
1194	1	208.331.9855
1195	1	(208) 323-4688
1196	1	(208) 853-6830
1197	1	(757) 466-1881
1198	1	(757) 466-0923
1199	1	(757) 625-1262
1200	1	(510) 594-8300
1201	1	(510) 601-1424
1202	1	(510) 451-2224
1203	1	(510) 663-9188
1204	1	(510) 339-7878
1205	1	(510) 654-1601
1206	1	(510) 436-6768
1207	1	(510) 654-5033
1208	1	(510) 465-7188
1209	1	(510) 465-6878
1210	1	510 652-2900
1211	1	510 482 3663
1212	1	(303) 296-0800
1213	1	(303) 936-4954
1214	1	(303) 534-1927
1215	1	303-296-7000
1216	1	(303) 595-3275
1217	1	(303) 321-2370
1218	1	(608) 244-3266
1219	1	(608) 251-4455
1220	1	(608) 255-2272
1221	1	608-204-0474
1222	1	6082602680
1223	1	(608) 829-1444
1224	1	(617) 576-6394
1225	1	(617) 868-1900
1226	1	(617) 441-8813
1227	1	(617) 232-0188
1228	1	(617) 577-8300
1229	1	(617) 661-0706
1230	1	(617) 864-6299
1231	1	(305) 673-8443
1232	1	(305) 520-6400
1233	1	3055141940
1234	1	305-695-0300
1235	1	305-532-9070
1236	1	(305) 532-6635
1237	1	(305) 538-1801
1238	1	(305) 534-7734
1239	1	(305) 531-6090
1240	1	305-534-9600
1241	1	(305) 695-8103
1242	1	(305) 867-1717
1243	1	(305) 532-2882
1244	1	305-538-3009
1245	1	(305) 674-9906
1246	0	<NULL>
1247	1	(803) 782-9547
1248	1	(803) 790-8974
1249	0	<NULL>
1250	1	(803) 731-2136
1251	1	(803) 254-3266
1252	1	(718) 429-8552
1253	1	(718) 888-9388
1254	1	(718) 886-0388
1255	1	(864) 282-8945
1256	1	(864) 370-9336
1257	0	<NULL>
1258	1	864 270 5055
1259	1	(864) 467-9975
1260	1	(864) 331-6836
1261	1	(864) 234-0034
1262	1	(864) 232-1021
1263	1	(864) 627-0041
1264	1	(864) 233-1385
1265	1	(912) 233-2195‎
1266	1	(912) 354- 2524
1267	1	912-234-2344
1268	1	(912) 233-8222
1269	1	(919) 286-7447
1270	1	(919) 806-8899
1271	1	(919) 309-4864
1272	1	(919) 405-2684
1273	1	919-416-8800
1274	1	(919) 493-2202
1275	1	(919) 206-4067
1276	1	(512) 459-4121
1277	1	(512) 495-6504
1278	1	(512) 447-3905
1279	1	512-339-1700
1280	1	(512) 349-7667
1281	1	(512) 472-0693
1282	1	512 476-1997
1283	0	<NULL>
1284	1	727-327-3990
1285	1	727 384 4329
1286	1	(727) 525-8748
1287	1	(727) 898-5282
1288	1	(727) 343-0050
1289	1	(727) 345-5353
1290	1	727-866-3474
1291	1	(727) 347-9497
1292	1	(251) 343-6622
1293	1	251-479-7778
1294	1	(251) 633-8200
1295	1	(251) 478-7427
1296	1	(251) 342-4588
1297	1	(808) 334-0880
1298	1	8088859299
1299	1	(515) 244-5779
1300	1	515 279 2118
1301	1	(515) 244-5224
1302	1	(515) 266-5565
1303	1	515 245 5500
1304	1	(515) 285-2972
1305	1	(510) 649-3810
1306	1	(510) 841-1688
1307	1	(510) 704-1789
1308	1	(510) 644-4498
1309	1	(510) 540-8865
1310	1	(561) 750-3710
1311	1	(480) 777-2929
1312	1	(480) 756-2002
1313	1	(480) 777-2905
1314	1	(480) 517-6954
1315	1	(480) 345-6560
1316	1	(717) 295-1300
1317	1	(717) 560-5030
1318	1	717-392-8620
1319	1	(303) 440-0810
1320	1	(303) 447-3354
1321	1	(303) 443-6300
1322	1	(303) 447-9718
1323	1	720-565-0707
1324	1	(720) 214-0585
1325	1	(303) 545-6585
1326	1	(303) 440-5858
1327	1	(303) 449-4473
1328	1	(303) 449-4111
1329	1	(303) 449-5273
1330	1	(303) 774-1441
1331	1	(303) 494-4210
1332	1	303-292-2229
1333	1	(303) 282-6258
1334	1	(303) 296-3525
1335	0	<NULL>
1336	1	(303) 539-2500
1337	1	(720) 956-1490
1338	1	(303) 832-6600
1339	1	(210) 821-5051
1340	0	<NULL>
1341	1	(210) 227-1187
1342	1	(210) 732-6017
1343	1	(210) 223-3900
1344	1	(210) 558-6500
1345	1	(210) 798-2222
1346	1	(212) 677-6300
1347	1	(212) 477-2900
1348	1	(212) 644-0202
1349	1	(212) 674-8685
1350	1	(212) 233-8888
1351	1	212 207 1902
1352	1	(212) 255-4160
1353	1	(312) 751-1766
1354	1	(312) 527-3510
1355	1	(773) 929-5363
1356	1	(312) 255-1590
1357	1	312-786-1000
1358	1	(312) 440-8660
1359	1	(312) 467-7177
1360	1	(312) 850-0303
1361	1	(213) 624-1000
1362	1	(323) 461-3663
1363	1	(415) 379-9880
1364	1	(415) 928-5797
1365	1	(415) 908-3900
1366	1	415 398-3173
1367	1	(415) 986-3414
1368	1	(415) 282-6777
1369	1	415 752 5652
1370	1	(415) 421-3154
1371	1	(415) 776-2722
1372	1	(415) 933-7100
1373	1	(415) 567-3397
1374	1	415-989-7154
1375	1	(415) 433-1817
1376	1	(415) 616-5000
1377	1	(415) 982-5728
1378	1	713-355-2600
1379	1	(713) 668-5756
1380	1	(713) 528-0198
1381	1	(713) 523-7154
1382	1	(713) 523-6404
1383	1	(713) 777-6900
1384	1	(713) 520-5023
1385	1	(281) 870-0807
1386	1	(206) 749-7000
1387	1	(206) 623-0629
1388	1	800-937-9582, 206-905-2100
1389	1	206-625-1146.
1390	1	206-632-5125
1391	1	(206) 441-5322
1392	1	(206) 622-8717
1393	1	(206) 329-6463
1394	1	206/323-1300
1395	1	(206) 528-1575
1396	1	(617) 973-6680
1397	1	(617) 236-2063
1398	1	(617) 734-8192
1399	1	(617) 737-5454
1400	1	(617) 778-6841
1401	1	(617) 375-9663
1402	1	(617) 728-0728
1403	1	(617) 425-3240
1404	1	(617) 227-9600
1405	1	(503) 232-4458
1406	1	(503) 595-1782
1407	1	(503) 892-5811
1408	1	(503) 288-6456
1409	1	(503) 281-1247
1410	1	(503) 233-5301
1411	1	(503) 235-6858
1412	1	(503) 222-9999
1413	1	(702) 942-7778
1414	1	(702) 259-7755
1415	1	(702) 251-7770
1416	1	(702) 873-8990
1417	1	(702) 671-0005
1418	0	<NULL>
1419	1	(702) 876-3647
1420	1	877-796-2096
1421	1	(267) 232-5600
1422	1	(215) 483-0444
1423	1	(215) 545-5508
1424	1	(215) 567-2020
1425	1	215-922-6433
1426	1	(215) 413-1918
1427	1	(215) 875-8002
1428	1	(215) 755-0663
1429	1	(215) 387-1803
1430	1	(216) 696-7529
1431	1	(216) 621-3838
1432	1	(216) 371-1811
1433	1	(216) 881-0045
1434	1	(216) 583-9999
1435	1	216-623-0909
1436	1	(216) 861-0900
1437	1	(216) 623-1212
1438	1	(216) 696-5600
1439	1	(216) 691-3387
1440	1	(216) 575-0699
1441	1	(808) 922-9722
1442	1	(808) 988-5923
1443	1	(808) 923-6552
1444	1	(808) 941-2515
1445	1	(808) 942-4466
1446	1	(808) 261-4661
1447	1	(808) 734-2737
1448	1	858 268 9638
1449	1	(858) 490-6363
1450	1	858-459-7222
1451	1	(619) 688-0717
1452	1	(619) 282-4413
1453	1	(619) 293-7275
1454	1	619-291-1103
1455	1	(619) 234-2449
1456	1	(858) 490-2877
1457	1	404-969-0700
1458	1	(404) 888-9149
1459	1	4048411192
1460	1	4043890099
1461	1	(404) 315-1530
1462	1	(404) 876-6161
1463	1	(404) 249-0001
1464	1	(404) 872-0869
1465	1	(404) 521-2596
1466	1	303 480 9100
1467	1	(303) 893-0654
1468	1	(303) 458-5248
1469	1	(303) 433-2138
1470	1	3034337400
1471	1	(303) 477-4600
1472	1	(512) 442-8283
1473	1	(512) 416-0749
1474	1	(512) 302-5200
1475	1	(512) 440-0447
1476	1	(512) 477-5228
1477	1	512-542-9542
1478	1	210-223-0500
1479	1	(210) 227-2782
1480	1	(210) 946-5518
1481	0	<NULL>
1482	1	(210) 684-5376
1483	1	(210) 826-0800
1484	1	(210) 227-0864
1485	1	(210) 828-3508
1486	1	(210) 822-7681
1487	1	(210) 229-1941
1488	1	(210)921-1112
1489	1	(210) 828-9050
1490	1	(210) 674-7900
1491	1	(216) 382-5350
1492	1	(216) 579-9999
1493	1	(216) 591-0888
1494	1	(216) 771-1334
1495	1	(440) 461-2233
1496	1	(216) 291-4943
1497	1	216-589-9112
1498	1	(216) 429-0440
1499	1	(216) 621-8686
1500	1	(216) 381-3341
1501	1	(317) 351-8088
1502	1	(317) 243-0299
1503	1	(317) 570-7333
1504	1	317 602-3708
1505	1	(317) 841-0442
1506	0	<NULL>
1507	1	(317) 352-0398
1508	1	317-972-4180
1509	1	(317) 215-2222
1510	1	(317) 247-1818
1511	1	(410) 962-1212
1512	0	<NULL>
1513	1	410-385-9946
1514	1	(410) 752-4515
1515	1	(410) 234-3782
1516	1	(410) 545-0444
1517	1	(410) 276-2675
1518	1	(410) 539-8880
1519	1	407.248.8888
1520	0	<NULL>
1521	1	407 938 0300
1522	0	<NULL>
1523	1	(407) 420-9420
1524	1	407-363-9635
1525	1	407 939 3463
1526	1	(407) 264-0205
1527	1	(407) 854-3330
1528	1	317 974 5747
1529	1	(317) 636-0396
1530	1	(317) 925-2823
1531	1	317-632-7268
1532	1	(317) 237-3447
1533	1	317.228.9090
1534	1	(602) 273-9148
1535	1	(602) 431-6470
1536	1	(602) 277-1749
1537	0	<NULL>
1538	1	(602) 248-8460
1539	1	(623) 877-4123
1540	1	(480) 704-9206
1541	1	602-942-4224
1542	1	(602) 841-7849
1543	1	602 687 8704
1544	1	(214) 350-2470
1545	1	(972) 267-3336
1546	1	(214) 824-6200
1547	1	(214) 352-0005
1548	1	214 428 7427
1549	1	(972) 247-2253
1550	1	214-363-6655
1551	1	(972) 404-8110
1552	1	(972) 556-0796
1553	1	(214) 373-7171
1554	1	(214) 526-8181
1555	1	214-443-9998
1556	1	(718) 222-5800
1557	1	718-398-4300
1558	1	(718) 789-5663
1559	1	(718) 965-1108
1560	1	(212) 228-6751
1561	1	718-636-8886
1562	1	718-388-5988
1563	1	(202) 546-6768
1564	1	202.232.8800
1565	1	202 654 0999
1566	1	(202) 347-3434
1567	1	202 244 2044
1568	1	202-332-2207
1569	1	(704) 344-9222
1570	1	(704) 523-1594
1571	1	(704) 568-7933
1572	1	(704) 503-3830
1573	1	(704) 594-9944
1574	1	(704) 347-2749
1575	1	(704) 358-8004
1576	1	(704) 523-8296
1577	1	(704) 372-7792
1578	1	808 524 8466
1579	1	808-732-9469
1580	1	(808) 973-0168
1581	1	(808) 591-1809
1582	1	(808) 737-6600
1583	1	(808) 943-2529
1584	1	(412) 363-1500
1585	1	(412) 494-3344
1586	1	(412) 371-5560
1587	1	(412) 431-9290
1588	1	(412) 681-8620
1589	1	(412) 279-8088
1590	1	(412) 835-0176
1591	1	(412) 344-4366
1592	1	(412) 833-4211
1593	1	(314) 231-9970
1594	1	(314) 968-0061
1595	1	(314) 644-5480
1596	1	(314) 832-1973
1597	1	(314) 727-8000
1598	1	3143676111
1599	1	(314) 421-5300
1600	1	(314) 845-2584
1601	1	(314) 361-0522
1602	1	(314) 454-6970
1603	1	(314) 361-0013
1604	1	(513) 421-1688
1605	1	(513) 961-7400
1606	1	(513) 671-5834
1607	1	(513) 681-8668
1608	1	513 721-8483
1609	1	513.721.7709
1610	1	(513) 871-7388
1611	1	513-621-6800
1612	1	(614) 799-2207
1613	1	(614) 488-1911
1614	1	(614) 421-2300
1615	1	(614) 985-6441
1616	1	(614) 443-4214
1617	1	(614) 888-2467
1618	1	(614) 246-2900
1619	1	(614) 888-0022
1620	1	614-844-6500
1621	1	410-631-5666
1622	1	(410) 276-3160
1623	1	410-539-7344
1624	1	(410) 323-9463
1625	1	(410) 837-5500
1626	1	443.692.6172
1627	1	(410) 225-9667
1628	1	(410) 276-8755
1629	1	(410) 327-5561
1630	1	(410) 563-2666
1631	1	305-226-8032
1632	1	305-572-1400
1633	1	(305) 643-0227
1634	1	305 663 2100
1635	1	(305) 532-3061
1636	1	305-595-8453
1637	1	(804) 740-3135
1638	1	(804) 358-0369
1639	1	(804) 740-5109
1640	1	(804) 750-2003
1641	1	(804) 644-2637
1642	1	(804) 379-0600
1643	1	(804) 648-3225
1644	1	(804) 217-6646
1645	1	(804) 254-2667
1646	1	(804) 643-8080
1647	1	(804) 355-3111
1648	1	(813) 258-0393
1649	0	<NULL>
1650	1	(813) 250-6272
1651	1	(813) 933-7990
1652	1	(813) 228-6973
1653	1	813-250-1661
1654	1	(813) 814-9394
1655	1	(813) 354-8335
1656	1	(414) 291-5600
1657	1	(414) 271-5375
1658	1	414-271-3377
1659	0	<NULL>
1660	1	(414) 271-4042
1661	1	(414) 353-6677
1662	1	(414) 272-8662
1663	1	(414) 273-2113
1664	1	(414) 271-8111
1665	1	(414) 771-6320
1666	1	(414) 271-6900
1667	1	(916) 383-9264
1668	1	(916) 498-1388
1669	1	(916) 486-4891
1670	1	(916) 455-7383
1671	1	(916) 443-2862
1672	1	(916) 455-7911
1673	1	(916) 649-8305
1674	1	916 925 2233
1675	1	(916) 444-1030
1676	1	916 424 3520
1677	1	612-870-3800
1678	1	(612) 827-7376
1679	1	(612) 925-3113
1680	1	(612) 822-8062
1681	1	612 371 0464
1682	0	<NULL>
1683	1	612-721-2711
1684	1	612-877-8111
1685	1	(505) 293-6018
1686	1	(505) 828-0260
1687	1	505 898 3311
1688	1	505 884-2355
1689	1	(505) 836-1212
1690	1	(505) 262-2424
1691	1	408-977-1414
1692	1	(408) 280-6161
1693	1	408-295-2739
1694	1	408-971-1700
1695	1	(408) 923-2645
1696	1	408-247-8880
1697	1	1(866) 540-4494
1698	1	(408) 578-5860
1699	1	(904) 743-2662
1700	1	(904) 399-1768
1701	1	(904) 720-0511
1702	1	(904) 230-8608
1703	1	(904) 998-7006
1704	1	(904) 880-8696
1705	1	(904) 737-9903
1706	1	(901) 522-8612
1707	1	901-388-8178
1708	1	(901) 458-4880
1709	1	(901) 725-1375
1710	1	901-380-7814
1711	1	(901) 458-1644
1712	1	(901) 726-0770
1713	1	1-901-452-8408
1714	1	(901) 366-7827
1715	1	407-934-1609
1716	1	(407) 934-8855
1717	1	(407) 939-3463
1718	1	(407) 355-7707
1719	1	407-828-8739
1720	1	(504) 566-0077
1721	1	(504) 552-2739
1722	1	(504) 482-9179
1723	1	(504) 254-0296
1724	1	(504) 525-4755
1725	1	504-899-7411
1726	1	(504) 524-9805
1727	1	(504) 529-3661
1728	1	(520) 747-3864
1729	1	(520) 622-7984
1730	1	(520) 881-7000
1731	1	(520) 624-4126
1732	1	(520) 320-7768
1733	1	520.514.9665
1734	0	<NULL>
1735	1	(585) 473-1563
1736	1	(585) 244-8680
1737	1	(585) 288-0590
1738	1	(585) 427-2680
1739	1	(585) 381-0322
1740	1	(585) 442-4020
1741	1	(585) 232-6180
1742	1	(585) 292-0590
1743	1	(585) 244-6526
1744	1	5025897373
1745	1	(502) 625-3090
1746	1	(502) 473-8889
1747	1	(502) 454-4544
1748	1	(502) 409-9180
1749	1	(502) 583-8015
1750	1	(502) 426-4329
1751	1	(502) 327-7707
1752	1	502-721-7200
1753	1	615-244-7477
1754	1	(615) 366-3468
1755	1	615-242-7144
1756	1	(615) 321-4537
1757	1	(615) 385-0050
1758	1	(615) 226-9283
1759	0	<NULL>
1760	1	(615) 883-6050
1761	1	(615) 327-9081
1762	1	(915) 581-7733
1763	1	915-231-9757
1764	1	915-591-7553‎
1765	1	(915) 351-2415
1766	1	(719) 532-0032
1767	1	(719) 591-4849
1768	1	(719) 634-0800
1769	1	(719) 473-9999
1770	1	(719) 390-3223
1771	1	(719) 632-1971
1772	1	(816) 454-0008
1773	1	816-391-4460
1774	1	(816) 741-6027
1775	1	816 471 3300
1776	1	(816) 931-1054
1777	1	(816) 931-3663
1778	1	(801) 474-0047
1779	1	8015756262
1780	1	(801)746-5565
1781	1	(801) 328-3474
1782	1	801 566 8838
1783	1	(801) 533-9923
1784	1	(801) 530-1000
1785	1	(801) 585-0616
1786	1	(757) 499-4115
1787	1	(757) 463-0003
1788	1	757-417-7701
1789	1	(757) 428-6836
1790	1	(757) 430-0020
1791	1	(757) 471-5022
1792	1	757-427-9998
1793	1	(757) 422-6000
1794	1	(757) 631-1294
1795	1	(757) 687-7844
1796	1	(512) 482-8868
1797	1	(512) 418-9898
1798	1	512-472-0220
1799	1	(512) 473-2413
1800	1	(512) 419-9700
1801	1	(512) 391-1500
1802	1	(512) 236-9599
1803	1	(512) 266-1369
1804	1	(512) 478-5355
1805	1	(602) 331-3434
1806	1	6022640700
1807	1	602-522-2288
1808	1	(602) 266-6469
1809	1	(602) 258-5149
1810	1	623-879-6819
1811	1	(405) 810-1800
1812	1	(405) 235-0402
1813	1	4057519700
1814	1	(405) 773-3663
1815	1	(405) 524-4133
1816	1	(405) 752-5283
1817	1	(716) 883-8200
1818	1	(205) 967-1376
1819	1	(205) 978-6863
1820	1	(205) 979-1515
1821	1	(205) 951-1205
1822	1	205 747 0855
1823	1	205 9458007
1824	1	(205) 323-6980
1825	1	(480) 314-4215
1826	1	(480) 941-8200
1827	1	480-905-7979
1828	1	480-949-9000
1829	1	(480) 945-6600
1830	1	(480) 949-1957
1831	1	(480) 451-6269
1832	1	480.614.9400
1833	1	(480) 949-8900
1834	1	918-307-9151
1835	1	918.747.WINE
1836	1	(918) 622-2668
1837	1	(918) 234-9000
1838	1	918-622-9905
1839	1	(918) 622-7667
1840	1	919 821 7117
1841	1	919 856 0980
1842	1	(919) 828-0840
1843	1	(919) 787-3373
1844	1	(919) 782-9708
1845	1	(919) 876-4222
1846	1	(919) 838-0011
1847	1	(919) 862-8830
1848	1	(919) 832-7449
1849	1	919-834-9117
1850	1	(865) 539-1323
1851	1	(865) 523-4597
1852	1	(865) 523-3550
1853	1	(865) 357-9866
1854	1	(865) 212-5672
1855	1	(407) 397-4300
1856	1	(407) 847-9595
1857	1	(407) 935-0063
1858	1	(407) 397-1005
1859	1	(407) 396-8888
1860	1	(321) 677-0303
1861	1	(954) 537-1722
1862	1	(954) 524-2750
1863	1	(954) 563-1493
1864	1	(954) 527-5433
1865	1	(954) 566-1110
1866	1	(316) 942-9999
1867	1	(316) 265-3666
1868	1	(316) 269-2295
1869	1	(316) 943-1082
1870	1	(214) 219-2201
1871	0	<NULL>
1872	1	(214) 826-0968
1873	1	214.375.2020
1874	1	972-385-3287
1875	1	(972) 490-9000
1876	1	(214) 528-1731
1877	1	(214) 740-4001
1878	1	214-373-6527
1879	1	(225) 927-2535
1880	1	2253875331
1881	1	(225) 924-3550
1882	1	(225) 766-0366
1883	1	(225) 291-2424
1884	1	(225) 291-3503
1885	1	(225) 819-9862
1886	1	(225) 819-8438
1887	1	(559) 439-6900
1888	1	(559) 229-5888
1889	1	559.439.8357
1890	1	559 435-5550
1891	1	(559) 446-1802
1892	1	559 222 5698
1893	1	(315) 451-6956
1894	1	(315) 251-1366
1895	1	(315) 476-3455
1896	1	(808) 661-8815
1897	1	(808) 661-0700
1898	1	(808) 667-7758
1899	1	808 249 8463
1900	1	808-214-4608
1901	1	(808) 875-2088
1902	1	(808) 874-0331
1903	1	(808) 875-8811
1904	1	(808) 879-2607
1905	1	(423) 756-3497
1906	1	(423) 894-3808
1907	1	(423) 886-7476
1908	1	(423) 756-4777
1909	1	(402) 758-1839
1910	1	(402) 393-3111
1911	1	(402) 571-2333
1912	1	(402) 345-8313
1913	1	(402) 390-6021
1914	1	(402) 933-8780‎
1915	1	(402) 556-0504
1916	1	402-334-6800
1917	0	<NULL>
1918	1	(402) 502-2777
1919	1	(402) 391-6300
1920	1	651.228.9925
1921	1	(651) 699-3141
1922	1	(651) 647-9004
1923	1	(651) 690-0993
1924	1	(651) 646-4144
1925	1	(651) 291-9638
1926	1	(651) 228-0427
1927	1	(651) 605-0190
1928	1	(651) 771-8484
1929	1	651-286-8915
1930	1	(651) 631-1630
1931	1	651-776-8888
1932	1	(843) 571-5100
1933	1	(843) 406-2978
1934	1	(843) 762-2549
1935	1	(843) 723-1700
1936	1	(843) 853-3287
1937	1	843 577-8813
1938	1	8437276767
1939	1	(843) 406-4919
1940	1	(509) 487-1630
1941	1	(509) 467-1043
1942	1	(509) 328-7280
1943	1	509-456-0350
1944	1	509.747.2689
1945	1	(509) 747-9111
1946	1	(509) 484-1203
1947	1	(718) 238-0079
1948	1	(718) 834-1776
1949	1	(718) 246-4000
1950	1	(718) 946-2705
1951	1	(718) 388-7771
1952	1	(718) 599-6895
1953	1	(718) 840-0408
1954	1	(718) 783-2900
1955	1	(775) 746-2228
1956	1	(775) 825-7779
1957	1	(775) 322-9039
1958	1	(775) 825-2451
1959	1	(775) 327-4422
1960	1	(775) 322-7171
1961	1	866-386-7829
1962	1	(775) 348-8226
1963	1	775 852 3600
1964	1	(239) 434-8494
1965	1	239-262-8339
1966	1	(239) 353-9440
1967	0	<NULL>
1968	1	239.331.8944
1969	1	239.775.6480
1970	1	(239) 261-0977
1971	1	(239) 775-4424
1972	1	(239) 403-7861
1973	1	239.597.4800
1974	1	(941) 822-0288
1975	1	941-751-0111
1976	1	(941) 364-5775
1977	1	(941) 388-1555
1978	1	(941) 358-9958
1979	1	941-907-3873
1980	1	(941) 379-0705
1981	1	518 452-6878
1982	1	(518) 452-0969
1983	1	(501) 224-0455
1984	1	(501) 227-6371
1985	1	(401) 454-1699
1986	1	(401) 455-3666
1987	1	(401) 421-0284
1988	1	4019195050
1989	1	(616) 243-1219
1990	0	<NULL>
1991	1	(616) 940-1632
1992	1	(616) 281-5216
1993	1	(616) 235-0102
1994	1	(208) 336-2150
1995	1	208-331-2384
1996	1	(402) 379-3833
1997	1	(510) 547-9338
1998	1	415.908.3493
1999	1	(510) 339-2082
