restaurant	restaurantica	phone
2000	1977	1977	1974
0000	1	(907) 336-7427
0001	1	(907) 297-0597
0002	1	(907) 644-8953
0003	1	(907) 852-8200
0004	1	(907) 852-8888
0005	1	(907) 852-3300
0006	1	(907) 543-3566
0007	1	(907) 543-4343
0008	1	(907) 543-4358
0009	1	(907) 543-2216
0010	1	(907) 543-4305
0011	1	(907) 543-3408
0012	1	(907) 543-4449
0013	1	(907) 892-6274
0014	1	(907) 892-6162
0015	1	(907) 688-8894
0016	1	(907) 822-3245
0017	1	(907) 424-3433
0018	1	(907) 424-5543
0019	1	(907) 895-5175
0020	1	(907) 895-5160
0021	1	(907) 895-4522
0022	1	(907) 842-1205
0023	1	(907) 581-2303
0024	1	(907) 451-8380
0025	1	(907) 451-8950
0026	1	(907) 356-1973
0027	1	(907) 783-2594
0028	1	(907) 754-2237
0029	1	(907) 754-2237
0030	1	(907) 783-2500
0031	1	(907) 822-3338
0032	1	(907) 766-2800
0033	1	(907) 766-3653
0034	1	(907) 766-2009
0035	1	(907) 235-8488
0036	1	(907) 428-1314
0037	1	(907) 945-3101
0038	1	(907) 892-0113
0039	1	(907) 789-9777
0040	1	(907) 586-4778
0041	1	(907) 789-2339
0042	1	(907) 586-2660
0043	1	(907) 785-6469
0044	1	(907) 283-3660
0045	1	(907) 283-4515
0046	1	(907) 283-7250
0047	1	(907) 225-1494
0048	1	(907) 383-5310
0049	1	(907) 225-2833
0050	1	(907) 481-1088
0051	1	(907) 486-3575
0052	1	(907) 486-0044
0053	1	(907) 486-6116
0054	1	(907) 442-3770
0055	1	(907) 582-2224
0056	1	(907) 832-5588
0057	1	(907) 832-5243
0058	1	(907) 567-3330
0059	1	(907) 567-3223
0060	1	(907) 488-8260
0061	1	(907) 488-9808
0062	1	(907) 746-2403
0063	1	(907) 735-2282
0064	1	(907) 772-4222
0065	1	(907) 488-2939
0066	1	(907) 770-5011
0067	1	(907) 224-5444
0068	1	(907) 246-6512
0069	1	(907) 224-5606
0070	1	(907) 224-3065
0071	1	(907) 224-3063
0072	1	(907) 224-4433
0073	1	(907) 747-9301
0074	1	(907) 747-9916
0075	1	(907) 581-1470
0076	1	(907) 747-3334
0077	1	(907) 747-5676
0078	1	(907) 747-7370
0079	1	(907) 983-2222
0080	0	<NULL>
0081	1	(907) 983-2469
0082	1	(907) 983-2155
0083	1	(907) 983-3223
0084	1	(907) 260-4999
0085	1	(907) 260-3137
0086	1	(907) 260-3964
0087	1	(907) 260-5995
0088	1	(907) 260-7674
0089	1	(907) 262-1882
0090	1	(907) 260-5751
0091	1	(907) 260-5208
0092	1	(907) 733-5300
0093	1	(907) 733-1234
0094	1	(907) 733-2424
0095	1	(907) 835-2663
0096	1	(907) 835-3726
0097	1	(907) 334-9744
0098	1	(907) 835-5726
0099	1	(907) 883-2411
0100	1	(907) 883-5543
0101	1	(907) 835-2788
0102	1	(907) 835-4332
0103	0	<NULL>
0104	0	<NULL>
0105	1	(907) 376-1212
0106	1	(907) 376-7770
0107	1	(907) 376-8089
0108	1	(907) 373-5656
0109	1	(907) 472-2374
0110	1	(907) 495-6227
0111	1	(907) 495-1000
0112	1	(907) 874-2120
0113	1	(907) 874-3350
0114	1	(907) 874-3005
0115	1	(907) 456-6133
0116	1	(907) 874-3442
0117	1	(907) 874-3355
0118	1	(205) 621-5416
0119	1	(205) 685-8899
0120	1	(205) 621-0751
0121	1	(256) 891-0391
0122	1	(256) 878-1261
0123	1	(256) 878-5213
0124	1	(256) 894-6250
0125	1	(256) 234-0055
0126	1	(256) 234-0116
0127	1	(256) 329-2328
0128	1	(334) 222-9498
0129	1	(334) 222-9888
0130	1	(334) 222-8141
0131	0	<NULL>
0132	1	(256) 231-0000
0133	1	(256) 237-3100
0134	1	(256) 237-5388
0135	1	(256) 931-8226
0136	1	(256) 931-2129
0137	1	(256) 931-2565
0138	1	(256) 729-0015
0139	1	(256) 233-1818
0140	1	(256) 233-4430
0141	1	(256) 232-7581
0142	1	(251) 368-3063
0143	1	(251) 368-5952
0144	1	(251) 446-9999
0145	1	(251) 446-3708
0146	1	(334) 821-5305
0147	1	(334) 466-8036
0148	1	(334) 821-6327
0149	1	(205) 387-9400
0150	1	(251) 580-4486
0151	1	(251) 937-2664
0152	1	(251) 580-3880
0153	1	(205) 998-2960
0154	1	(205) 689-0808
0155	1	(205) 689-4011
0156	1	(205) 339-2538
0157	1	(205) 689-0004
0158	1	(205) 426-1861
0159	1	(205) 428-3704
0160	1	(205) 428-8801
0161	1	(205) 428-7080
0162	1	(205) 428-6566
0163	1	(205) 322-3330
0164	1	(205) 979-6057
0165	1	(256) 840-5003
0166	1	(256) 593-3802
0167	1	(251) 867-3555
0168	1	(251) 867-2881
0169	1	(251) 867-5922
0170	1	(205) 668-2774
0171	1	(205) 668-4008
0172	1	(205) 668-9949
0173	1	(205) 668-4517
0174	1	(205) 668-0253
0175	1	(205) 668-1409
0176	1	(256) 927-3185
0177	1	(256) 927-3793
0178	1	(256) 927-4013
0179	1	(205) 755-2260
0180	1	(205) 755-3275
0181	1	(334) 875-3603
0182	1	(205) 755-5508
0183	1	(256) 524-2590
0184	1	(256) 524-3544
0185	1	(256) 524-7455
0186	1	(256) 524-3592
0187	1	(256) 739-9050
0188	1	(256) 775-6907
0189	1	(256) 796-0012
0190	1	(256) 739-6950
0191	1	(256) 825-0583
0192	1	(256) 825-8797
0193	1	(256) 825-8812
0194	1	877 (535) 525-3222
0195	1	(334) 503-9776
0196	1	(334) 598-2171
0197	1	(334) 598-6456
0198	1	(251) 625-1990
0199	1	(251) 626-3133
0200	1	(251) 626-9981
0201	1	(251) 626-1000
0202	1	(256) 355-5560
0203	1	(256) 340-0114
0204	1	(334) 289-2557
0205	1	(334) 289-1171
0206	1	(334) 289-9550
0207	1	(334) 289-2668
0208	1	(334) 793-7800
0209	1	(334) 677-9976
0210	1	(334) 794-4279
0211	1	(334) 673-4999
0212	1	(334) 541-2217
0213	1	(334) 541-2622
0214	1	(251) 929-0055
0215	1	(334) 393-4343
0216	1	(334) 308-2550
0217	1	(334) 308-1550
0218	1	(334) 347-4922
0219	1	(334) 393-5550
0220	1	(334) 687-7594
0221	1	(334) 616-6222
0222	1	(334) 687-0463
0223	1	(334) 616-0816
0224	1	(205) 372-9262
0225	1	(205) 372-9797
0226	1	(205) 372-9502
0227	1	(205) 372-4235
0228	1	(251) 578-1690
0229	1	(251) 578-5139
0230	1	(251) 578-5777
0231	1	(251) 578-3577
0232	1	(205) 923-4044
0233	1	(205) 786-5500
0234	1	(205) 780-7977
0235	1	(251) 928-1211
0236	1	(251) 928-4100
0237	1	(251) 928-5714
0238	1	(251) 929-3912
0239	1	(251) 929-2322
0240	1	(205) 932-7857
0241	1	(205) 932-6790
0242	1	(205) 932-6883
0243	1	(256) 765-7779
0244	1	(256) 764-0507
0245	1	(256) 765-7104
0246	1	(256) 766-3522
0247	1	(256) 766-3227
0248	1	(251) 970-1414
0249	1	(251) 948-8989
0250	1	(251) 971-1399
0251	1	(251) 943-9741
0252	1	(256) 844-9001
0253	1	(256) 845-1783
0254	1	(256) 997-0459
0255	1	(256) 845-6155
0256	1	(256) 845-1116
0257	1	(256) 844-8484
0258	1	(251) 949-6489
0259	1	(205) 849-2137
0260	1	(205) 849-4444
0261	1	(205) 849-0155
0262	1	(205) 849-8308
0263	1	(205) 841-6500
0264	1	(256) 547-3852
0265	1	(256) 546-5161
0266	1	(256) 543-0470
0267	1	(256) 547-9817
0268	1	(205) 631-5535
0269	1	(205) 631-8011
0270	1	(205) 631-2614
0271	1	(205) 608-2168
0272	1	(334) 684-9624
0273	1	(334) 684-3300
0274	1	(334) 684-9800
0275	1	(334) 684-8921
0276	1	(334) 684-2949
0277	1	(334) 382-6565
0278	1	(334) 382-6123
0279	1	(334) 382-8803
0280	1	(334) 382-2691
0281	1	(334) 382-7899
0282	1	(251) 948-3838
0283	1	(251) 948-3354
0284	1	(251) 968-5464
0285	1	(256) 878-9903
0286	1	(256) 582-0484
0287	1	(256) 582-4567
0288	1	(256) 582-0730
0289	1	(256) 582-0150
0290	1	(205) 486-8577
0291	1	(205) 485-9412
0292	1	(205) 486-4592
0293	1	(205) 486-2108
0294	1	(205) 921-9230
0295	1	(205) 921-1011
0296	1	(205) 921-1828
0297	1	(205) 921-5937
0298	1	(205) 921-4984
0299	1	(205) 952-9785
0300	1	(256) 352-0940
0301	1	(256) 352-2838
0302	1	(256) 352-9689
0303	1	(256) 352-2272
0304	1	(256) 287-0044
0305	1	(256) 773-8101
0306	1	(256) 751-4737
0307	1	(256) 751-0780
0308	1	(256) 773-2464
0309	1	(256) 859-0115
0310	1	(256) 721-7713
0311	1	(256) 539-1919
0312	0	<NULL>
0313	1	(251) 246-2993
0314	1	(251) 246-0224
0315	1	(251) 246-4819
0316	1	(251) 246-6822
0317	1	(256) 782-0106
0318	1	(256) 435-1818
0319	1	(256) 435-5653
0320	1	(256) 435-5002
0321	1	(205) 295-9984
0322	1	(205) 221-5772
0323	1	(205) 221-7815
0324	1	(205) 295-0088
0325	1	(205) 221-4336
0326	1	(256) 650-5586
0327	1	(256) 881-0122
0328	1	(256) 880-0521
0329	1	(334) 644-5788
0330	1	(334) 642-3300
0331	1	(334) 644-2770
0332	1	(334) 576-8289
0333	1	(334) 644-2525
0334	1	(334) 642-3939
0335	1	(205) 699-8802
0336	1	(205) 763-1225
0337	1	(205) 763-1561
0338	1	(205) 763-0892
0339	1	(205) 763-1780
0340	1	(256) 464-6044
0341	1	(256) 774-1401
0342	1	(256) 461-8450
0343	1	(256) 895-6788
0344	1	(334) 290-0008
0345	1	(334) 290-3558
0346	1	(251) 478-5661
0347	1	(251) 660-1935
0348	1	(251) 575-3460
0349	1	(251) 575-2276
0350	1	(251) 743-4400
0351	1	(251) 743-4833
0352	1	(251) 765-2046
0353	1	(251) 743-2345
0354	1	(205) 665-4666
0355	1	(205) 665-1188
0356	1	(205) 665-9772
0357	1	(334) 265-3663
0358	1	(334) 265-1767
0359	1	(334) 396-1770
0360	1	(334) 396-9950
0361	1	(334) 274-0009
0362	1	(334) 269-3302
0363	1	(256) 974-7191
0364	1	(256) 353-3030
0365	1	(256) 974-1555
0366	1	(256) 905-6788
0367	1	(256) 383-2020
0368	1	(256) 446-5917
0369	1	(256) 381-6300
0370	1	(256) 383-6905
0371	1	(256) 381-6022
0372	1	(256) 389-8494
0373	1	(205) 333-0970
0374	1	(205) 339-5880
0375	1	(205) 339-3696
0376	1	(205) 625-3322
0377	1	(205) 274-0777
0378	1	(334) 749-1917
0379	1	(334) 749-0719
0380	1	(334) 749-2363
0381	1	(334) 741-0570
0382	1	(334) 745-7446
0383	1	(205) 647-8357
0384	1	(334) 742-1123
0385	1	(334) 493-6364
0386	1	(334) 493-0606
0387	1	(334) 493-1599
0388	1	(251) 974-1800
0389	1	(251) 981-1415
0390	1	(251) 981-2225
0391	1	(251) 981-2711
0392	1	(251) 981-7278
0393	1	(251) 981-1084
0394	1	(256) 831-7878
0395	1	(256) 835-8788
0396	1	(256) 835-2013
0397	1	(256) 835-6700
0398	1	(256) 519-8019
0399	1	(256) 831-0200
0400	1	(256) 835-2455
0401	1	(334) 774-3363
0402	1	(334) 774-6668
0403	1	(334) 445-3655
0404	1	(205) 403-3223
0405	1	(205) 985-8752
0406	1	(205) 987-3800
0407	1	(205) 982-1022
0408	1	(205) 664-7887
0409	1	(205) 884-2195
0410	1	(205) 338-0015
0411	1	(205) 338-9500
0412	1	(205) 338-9887
0413	1	(334) 291-1833
0414	1	(334) 291-1250
0415	1	(334) 448-4232
0416	1	(334) 297-0665
0417	1	(205) 683-0801
0418	1	(205) 681-2555
0419	1	(205) 680-5225
0420	1	(334) 358-0700
0421	1	(334) 290-1235
0422	1	(256) 413-7220
0423	1	(256) 442-5061
0424	1	(256) 413-3989
0425	1	(334) 863-8011
0426	1	(334) 863-6424
0427	1	(334) 863-2900
0428	1	(256) 247-9500
0429	1	(256) 247-6180
0430	1	(256) 247-1101
0431	1	(256) 247-7249
0432	1	(256) 247-5020
0433	1	(256) 332-6041
0434	1	(251) 675-3282
0435	1	(251) 679-6666
0436	1	(251) 675-1705
0437	1	(251) 679-0750
0438	1	(256) 575-0300
0439	1	(256) 259-6888
0440	1	(256) 259-9000
0441	1	(256) 574-3455
0442	1	(256) 574-3362
0443	1	(256) 574-4231
0444	1	(334) 872-8573
0445	1	(334) 877-0410
0446	1	(256) 383-3177
0447	1	(256) 314-0060
0448	1	(334) 356-3866
0449	1	(251) 625-1947
0450	1	(251) 626-8226
0451	1	(251) 626-2602
0452	1	(251) 626-7903
0453	1	(251) 625-1084
0454	1	(251) 625-1490
0455	1	(205) 467-0334
0456	1	(205) 648-9896
0457	1	(205) 648-1115
0458	1	(205) 648-4118
0459	1	(205) 648-8726
0460	1	(205) 648-2681
0461	1	(256) 249-3360
0462	1	(256) 245-6531
0463	1	(256) 207-0700
0464	1	(256) 315-0600
0465	1	(256) 315-9711
0466	1	(251) 873-4514
0467	1	(256) 362-5754
0468	1	(256) 268-2005
0469	1	(334) 283-8809
0470	1	(334) 872-5482
0471	1	(334) 283-6779
0472	1	(251) 654-0228
0473	1	(251) 653-5600
0474	1	(251) 660-1011
0475	1	(334) 636-1900
0476	1	(334) 636-0075
0477	1	(334) 636-8436
0478	1	(334) 636-5444
0479	1	(334) 566-5955
0480	1	(334) 566-1361
0481	1	(334) 566-1254
0482	1	(334) 566-8800
0483	1	(205) 661-2720
0484	1	(205) 655-4552
0485	1	(205) 655-3343
0486	1	(205) 655-7272
0487	1	(205) 655-0736
0488	1	(205) 553-8896
0489	1	(205) 553-3377
0490	1	(205) 391-9131
0491	1	(205) 366-1209
0492	1	(256) 386-0222
0493	1	(256) 389-2888
0494	1	(256) 381-5300
0495	1	(256) 314-4407
0496	1	(334) 756-7944
0497	1	(334) 768-2100
0498	1	(334) 756-1936
0499	1	(334) 768-3202
0500	1	(334) 756-4959
0501	1	(334) 768-3155
0502	1	(334) 756-6776
0503	1	(205) 647-7786
0504	1	(205) 647-6050
0505	1	(205) 647-1625
0506	1	(205) 647-6145
0507	1	(205) 647-7232
0508	1	(334) 567-4545
0509	1	(334) 567-8778
0510	1	(205) 487-3939
0511	1	(205) 487-3747
0512	1	(205) 487-3732
0513	1	(205) 487-5632
0514	1	(205) 487-4449
0515	1	(205) 487-6669
0516	1	(479) 468-0005
0517	1	(479) 468-2611
0518	1	(870) 246-5327
0519	1	(870) 898-9846
0520	1	(870) 898-6859
0521	1	(870) 898-2346
0522	1	(870) 994-2847
0523	1	(870) 994-7776
0524	1	(870) 994-2122
0525	1	(870) 994-3450
0526	1	(870) 856-6258
0527	1	(870) 994-2101
0528	1	(501) 354-8400
0529	1	(479) 641-2760
0530	1	(479) 641-0046
0531	1	(501) 477-5050
0532	1	(870) 347-1502
0533	1	(870) 347-5626
0534	1	(870) 698-0913
0535	1	(870) 612-8002
0536	1	(870) 612-5600
0537	1	(501) 882-1080
0538	1	(501) 882-6488
0539	1	(501) 888-1080
0540	1	(501) 882-5343
0541	1	(501) 882-3303
0542	1	(479) 855-4080
0543	1	(479) 876-5556
0544	1	(479) 855-6094
0545	1	(501) 778-6100
0546	1	(501) 315-3796
0547	1	(501) 315-2431
0548	1	(501) 776-1960
0549	1	(479) 271-8110
0550	1	(479) 271-6288
0551	1	(479) 273-1685
0552	1	(479) 254-8081
0553	1	(870) 423-6686
0554	1	(479) 253-6565
0555	1	(870) 423-3086
0556	1	(870) 780-6200
0557	1	(870) 762-2366
0558	1	(870) 763-1706
0559	1	(870) 762-2466
0560	1	(870) 734-0542
0561	1	(870) 589-2080
0562	1	(870) 589-2511
0563	1	(501) 847-7847
0564	1	(501) 847-7252
0565	1	(501) 847-1276
0566	1	(501) 847-0060
0567	1	(501) 843-8862
0568	1	(501) 843-7171
0569	1	(870) 297-8899
0570	1	(870) 297-4343
0571	1	(870) 836-2255
0572	1	(870) 837-2541
0573	1	(870) 836-8228
0574	1	(870) 836-0564
0575	1	(870) 283-7760
0576	1	(870) 283-5757
0577	1	(870) 283-6651
0578	0	<NULL>
0579	1	(479) 754-5562
0580	1	(479) 754-6689
0581	1	(501) 450-9090
0582	1	(501) 450-7335
0583	1	(501) 336-0011
0584	1	(501) 764-1886
0585	1	(870) 364-8661
0586	1	(870) 364-9800
0587	1	(870) 304-2410
0588	1	(870) 364-7450
0589	1	(870) 364-8111
0590	1	(870) 364-3772
0591	1	(479) 229-2532
0592	1	(479) 229-3425
0593	1	(870) 642-7666
0594	1	(870) 642-6040
0595	1	(870) 642-5048
0596	1	(870) 642-6767
0597	1	(870) 584-3355
0598	1	(870) 946-2725
0599	1	(870) 946-1055
0600	1	(870) 946-4443
0601	1	(501) 605-1244
0602	1	(501) 983-9411
0603	1	(501) 941-3474
0604	1	(870) 382-4488
0605	1	(870) 382-1000
0606	1	(870) 382-2952
0607	1	(870) 382-2388
0608	1	(870) 382-2837
0609	1	(870) 862-5151
0610	1	(870) 864-0500
0611	1	(870) 862-6011
0612	1	(870) 355-8581
0613	1	(870) 355-4201
0614	1	(479) 253-9842
0615	1	(479) 253-8406
0616	1	(479) 253-6807
0617	1	(479) 363-9976
0618	1	(479) 253-9623
0619	1	(479) 253-2442
0620	1	(479) 267-3999
0621	1	(479) 267-6652
0622	1	(479) 571-3490
0623	1	(479) 521-7008
0624	1	(479) 251-7775
0625	1	(479) 521-1606
0626	1	(479) 587-8181
0627	1	(479) 251-7072
0628	1	(870) 453-7632
0629	1	(870) 453-5588
0630	1	(870) 453-2600
0631	1	(870) 453-7348
0632	1	(870) 630-9884
0633	1	(870) 633-2988
0634	1	(870) 633-7012
0635	1	(870) 633-9401
0636	1	(870) 633-1799
0637	1	(479) 785-2640
0638	1	(479) 452-7775
0639	1	(479) 646-4410
0640	1	(479) 242-2100
0641	1	(479) 646-2334
0642	1	(479) 452-9243
0643	1	(479) 787-5555
0644	1	(501) 679-3681
0645	1	(501) 679-5009
0646	1	(479) 996-7288
0647	1	(479) 996-9097
0648	1	(870) 353-2072
0649	1	(870) 353-4500
0650	1	(870) 353-4363
0651	1	(870) 853-9927
0652	1	(870) 853-4000
0653	1	(870) 856-3333
0654	1	(870) 856-2593
0655	1	(870) 856-3177
0656	1	(870) 856-2994
0657	1	(870) 856-4889
0658	1	(870) 743-9493
0659	1	(870) 743-8888
0660	1	(870) 741-0757
0661	0	<NULL>
0662	1	(501) 362-0600
0663	1	(501) 362-6225
0664	1	(501) 362-0669
0665	1	(501) 362-7733
0666	1	(870) 572-9961
0667	1	(870) 995-2881
0668	1	(870) 777-0006
0669	1	(870) 777-8510
0670	1	(870) 777-8526
0671	1	(870) 777-3424
0672	1	(870) 777-6661
0673	1	(501) 624-9586
0674	1	(501) 318-1698
0675	1	(501) 624-3040
0676	1	(501) 525-2774
0677	1	(501) 915-0000
0678	1	(501) 625-7533
0679	1	(501) 922-4870
0680	1	(501) 922-1066
0681	1	(501) 982-9276
0682	1	(501) 982-4466
0683	1	(501) 982-0791
0684	1	(501) 988-5187
0685	1	(501) 982-3330
0686	1	(870) 446-5343
0687	1	(870) 932-9732
0688	1	(870) 802-4000
0689	1	(870) 935-3582
0690	1	(870) 924-5148
0691	1	(870) 875-2500
0692	1	(501) 520-0222
0693	1	(501) 520-0431
0694	1	(501) 525-7172
0695	1	(501) 525-8585
0696	1	(501) 520-5868
0697	1	(870) 265-9800
0698	1	(870) 265-0012
0699	1	(870) 773-2495
0700	1	(870) 921-5008
0701	1	(501) 868-4311
0702	1	(501) 224-4700
0703	1	(501) 954-7427
0704	1	(501) 663-7319
0705	1	(501) 676-2339
0706	1	(501) 676-2113
0707	1	(501) 676-2622
0708	1	(501) 676-2812
0709	1	(479) 927-0023
0710	1	(479) 770-8088
0711	1	(479) 770-5500
0712	1	(479) 770-5463
0713	1	(870) 234-9766
0714	1	(870) 234-3100
0715	1	(870) 234-4550
0716	1	(870) 234-2089
0717	1	(870) 234-8484
0718	1	(501) 337-5050
0719	1	(501) 337-5400
0720	1	(501) 467-3600
0721	1	(870) 295-3707
0722	1	(870) 295-6802
0723	1	(870) 295-5410
0724	1	(501) 812-4300
0725	1	(501) 945-4789
0726	1	(501) 758-4455
0727	1	(501) 753-5111
0728	1	(479) 394-6461
0729	1	(479) 394-7555
0730	1	(479) 394-5152
0731	1	(479) 394-5994
0732	1	(479) 394-1855
0733	1	(479) 394-4324
0734	1	(870) 367-1979
0735	1	(870) 460-9348
0736	1	(870) 287-4360
0737	1	(870) 367-1350
0738	1	(501) 354-4253
0739	1	(501) 354-8937
0740	1	(479) 925-3457
0741	1	(870) 424-6101
0742	1	(870) 425-4099
0743	1	(870) 425-6001
0744	1	(870) 425-3722
0745	1	(870) 425-7170
0746	1	(870) 269-4128
0747	1	(870) 269-8304
0748	1	(870) 269-8633
0749	1	(870) 269-4311
0750	1	(870) 269-3139
0751	1	(870) 451-9100
0752	1	(870) 451-9362
0753	1	(870) 845-4997
0754	1	(870) 523-6731
0755	1	(870) 523-8129
0756	1	(501) 244-9824
0757	1	(501) 945-8889
0758	1	(501) 753-9227
0759	1	(501) 771-7799
0760	0	<NULL>
0761	1	(870) 622-5800
0762	1	(870) 563-2776
0763	1	(870) 622-0605
0764	1	(479) 667-3393
0765	1	(479) 667-3571
0766	1	(479) 667-4588
0767	0	<NULL>
0768	1	(870) 239-3772
0769	1	(479) 963-9201
0770	1	(479) 963-3710
0771	1	(501) 889-2022
0772	1	(870) 598-5753
0773	1	(870) 598-5588
0774	1	(870) 879-0057
0775	1	(870) 534-7644
0776	1	(870) 879-3070
0777	1	(870) 892-4436
0778	1	(870) 892-0142
0779	1	(870) 892-0240
0780	1	(870) 892-1280
0781	1	(870) 892-5008
0782	1	(870) 892-0609
0783	1	(479) 846-5371
0784	1	(870) 887-5005
0785	1	(870) 887-1667
0786	1	(870) 887-8817
0787	1	(479) 936-9990
0788	1	(479) 621-0428
0789	1	(479) 936-8989
0790	1	(479) 968-1135
0791	1	(479) 968-1933
0792	1	(479) 968-3444
0793	1	(479) 938-0445
0794	1	(479) 938-7814
0795	1	(479) 938-1075
0796	1	(479) 938-7200
0797	1	(479) 754-8334
0798	1	(501) 278-5881
0799	1	(501) 268-1634
0800	1	(501) 278-5200
0801	1	(870) 942-2020
0802	1	(870) 942-2486
0803	1	(870) 942-9988
0804	1	(501) 835-0119
0805	1	(501) 835-5939
0806	1	(479) 524-2948
0807	1	(479) 524-0061
0808	1	(479) 736-8846
0809	1	(479) 524-5043
0810	1	(479) 524-3342
0811	1	(479) 524-0551
0812	0	<NULL>
0813	1	(479) 751-7599
0814	1	(479) 872-1717
0815	1	(479) 750-1150
0816	1	(870) 628-3333
0817	1	(870) 628-5053
0818	1	(870) 628-3191
0819	1	(870) 628-5584
0820	1	(870) 628-5547
0821	1	(870) 673-3499
0822	1	(870) 673-4424
0823	1	(870) 673-1833
0824	1	(870) 483-2433
0825	1	(870) 483-5677
0826	1	(870) 483-1649
0827	1	(870) 483-1964
0828	1	(870) 483-6755
0829	1	(479) 471-1536
0830	1	(479) 474-1536
0831	1	(479) 410-2463
0832	1	(479) 637-4181
0833	1	(479) 637-5600
0834	1	(479) 637-5353
0835	1	(870) 886-8881
0836	1	(870) 886-9808
0837	1	(870) 886-8400
0838	1	(870) 226-5556
0839	1	(870) 226-9913
0840	1	(870) 226-4411
0841	1	(870) 995-1224
0842	1	(870) 572-5523
0843	1	(501) 572-7175
0844	1	(870) 572-1836
0845	1	(870) 732-8889
0846	1	(870) 735-6122
0847	1	(870) 702-7314
0848	1	(870) 247-5535
0849	1	(870) 247-1222
0850	1	(870) 535-6563
0851	1	(870) 267-1339
0852	1	(870) 267-0000
0853	1	(870) 535-4767
0854	1	(870) 208-9300
0855	1	(870) 238-2616
0856	1	(870) 238-9809
0857	1	(870) 208-8134
0858	1	(870) 238-1714
0859	1	(520) 387-6797
0860	1	(520) 387-6226
0861	1	(520) 387-6321
0862	1	(480) 981-2848
0863	1	(480) 982-9966
0864	1	(480) 671-9933
0865	1	(480) 474-2160
0866	1	(480) 982-8608
0867	1	(623) 414-4444
0868	1	(623) 925-0955
0869	1	(623) 907-3460
0870	1	(623) 932-0868
0871	1	(928) 633-4314
0872	1	(520) 586-3169
0873	1	(520) 586-7140
0874	1	(520) 586-3523
0875	1	(520) 432-5885
0876	1	(520) 432-3282
0877	1	(520) 432-5025
0878	1	(623) 374-5552
0879	1	(623) 374-9330
0880	1	(623) 386-2561
0881	1	(623) 386-4632
0882	1	(623) 386-6442
0883	1	(928) 758-7104
0884	1	(928) 704-1700
0885	1	(928) 567-9505
0886	1	(928) 567-9488
0887	1	(928) 567-2435
0888	1	(928) 567-7905
0889	1	(928) 567-6521
0890	1	(928) 567-2339
0891	1	(480) 488-0715
0892	1	(480) 488-9009
0893	1	(480) 575-0021
0894	1	(480) 488-9825
0895	1	(520) 836-9294
0896	1	(520) 836-2045
0897	1	(480) 488-9542
0898	1	(480) 488-5800
0899	1	(480) 488-0698
0900	1	(480) 595-5309
0901	1	(480) 961-9673
0902	1	(480) 786-1289
0903	1	(480) 899-3318
0904	1	(480) 783-9060
0905	1	(928) 636-3894
0906	1	(928) 636-6003
0907	1	(520) 723-0300
0908	1	(520) 723-7817
0909	1	(520) 723-9949
0910	1	(928) 592-0288
0911	1	(928) 634-1445
0912	1	(928) 634-7028
0913	1	(928) 634-7272
0914	1	(928) 639-2885
0915	1	(928) 646-8888
0916	1	(928) 634-3302
0917	1	9 (280) 632-1388
0918	1	(520) 805-1881
0919	1	(520) 364-5238
0920	1	(520) 364-8898
0921	1	(520) 364-5100
0922	1	(520) 364-4642
0923	1	(928) 359-2643
0924	1	(928) 687-1517
0925	1	(623) 583-3044
0926	1	(623) 583-0019
0927	1	(520) 466-3473
0928	1	(928) 779-2187
0929	1	(928) 774-8886
0930	1	(520) 868-4784
0931	1	(520) 868-9511
0932	1	(520) 868-5790
0933	1	(928) 758-6772
0934	1	(928) 758-9432
0935	1	(928) 768-3838
0936	1	(928) 763-9888
0937	1	(928) 758-1011
0938	1	(480) 836-8008
0939	1	(480) 837-8889
0940	1	(480) 816-3515
0941	1	(480) 816-8880
0942	1	(480) 837-0592
0943	1	(480) 836-0770
0944	1	(480) 926-9077
0945	1	(480) 633-1217
0946	1	(480) 503-3805
0947	1	(623) 847-7119
0948	1	(602) 843-9000
0949	1	(623) 435-0914
0950	1	(623) 979-4500
0951	1	(602) 504-2776
0952	1	(623) 825-9949
0953	1	(928) 402-8448
0954	0	<NULL>
0955	1	(928) 565-2626
0956	1	(928) 535-9361
0957	1	(623) 932-0922
0958	1	(623) 535-4642
0959	1	(520) 399-2040
0960	1	(520) 648-3848
0961	1	(520) 625-1705
0962	1	(928) 535-4433
0963	1	(928) 535-5660
0964	1	(520) 378-0005
0965	1	(928) 524-2153
0966	1	(928) 524-6000
0967	1	(520) 456-3003
0968	1	(928) 639-3197
0969	1	(928) 634-2733
0970	1	(928) 634-3230
0971	1	(928) 634-8809
0972	1	(928) 697-8448
0973	1	(928) 697-3396
0974	1	(928) 697-3170
0975	1	(928) 753-5100
0976	1	(928) 753-1170
0977	1	(928) 718-2530
0978	1	(928) 757-7279
0979	1	(928) 757-4420
0980	1	(928) 718-0066
0981	1	(928) 505-8030
0982	1	(928) 680-3868
0983	1	(928) 855-2013
0984	1	(928) 855-3283
0985	1	(928) 453-2981
0986	1	(928) 367-1514
0987	1	(928) 368-5800
0988	1	(928) 368-2206
0989	1	(623) 935-5059
0990	1	(623) 935-3811
0991	1	(623) 935-0981
0992	1	(623) 742-7337
0993	1	(520) 682-5377
0994	1	(520) 744-7490
0995	1	(520) 682-3252
0996	1	(520) 568-2250
0997	1	(928) 632-4440
0998	1	(928) 632-4211
0999	1	(928) 632-7775
1000	1	(928) 632-9696
1001	1	(480) 325-7441
1002	1	(480) 831-3030
1003	1	(480) 830-6877
1004	1	(480) 752-9175
1005	1	(480) 830-6108
1006	1	(480) 633-1300
1007	1	(928) 473-8192
1008	1	(928) 788-7867
1009	1	(520) 761-3535
1010	1	(520) 287-4555
1011	1	(520) 287-4572
1012	1	(520) 287-4400
1013	1	(520) 761-3178
1014	1	(520) 896-3747
1015	1	(520) 818-7855
1016	1	(520) 896-3522
1017	1	(928) 645-1420
1018	1	(928) 645-5160
1019	1	(928) 645-2467
1020	1	(928) 645-2161
1021	1	(928) 645-6858
1022	1	(480) 948-9944
1023	1	(480) 609-9777
1024	1	(480) 905-2820
1025	1	(928) 667-2114
1026	1	(928) 669-2660
1027	1	(928) 667-3900
1028	1	(928) 669-9552
1029	1	(928) 669-5355
1030	1	(928) 667-4299
1031	1	(928) 669-9396
1032	1	(520) 394-2433
1033	1	(928) 474-1613
1034	1	(928) 468-6178
1035	1	(928) 474-5881
1036	1	(623) 486-9093
1037	1	(623) 412-2670
1038	1	(623) 566-8634
1039	1	(623) 247-4061
1040	1	(602) 548-1333
1041	1	(602) 368-3046
1042	1	(928) 476-4480
1043	1	(928) 476-3355
1044	1	(928) 476-2151
1045	1	(928) 367-2568
1046	1	(928) 367-0127
1047	1	(928) 367-4900
1048	1	(928) 367-3414
1049	1	(928) 367-4557
1050	1	(928) 367-7499
1051	1	(928) 445-4044
1052	1	(928) 776-8903
1053	1	(928) 771-8788
1054	1	(928) 445-1211
1055	1	(928) 772-2053
1056	1	(928) 772-6070
1057	1	(928) 775-9832
1058	1	(928) 775-8801
1059	1	(928) 759-9499
1060	1	(928) 772-7777
1061	1	(928) 775-3066
1062	1	(928) 927-6331
1063	1	(928) 927-3440
1064	1	(928) 927-9338
1065	1	(928) 927-4485
1066	1	(928) 927-6610
1067	1	(928) 927-9071
1068	1	(928) 927-9376
1069	1	(480) 882-2995
1070	1	(480) 882-9133
1071	1	(928) 592-0647
1072	1	(928) 567-5964
1073	1	(520) 377-7071
1074	1	(928) 348-8111
1075	1	(928) 428-4887
1076	1	(928) 428-7148
1077	1	(928) 337-4700
1078	1	(928) 859-3060
1079	1	(928) 627-7169
1080	1	(928) 627-3378
1081	1	(928) 627-4542
1082	1	(520) 385-3025
1083	1	(480) 922-8225
1084	1	(480) 948-0008
1085	1	(480) 948-3099
1086	1	(480) 945-1792
1087	1	(480) 990-1777
1088	1	(928) 282-3331
1089	1	(928) 282-4140
1090	1	(928) 282-1858
1091	1	(928) 284-6909
1092	1	(928) 422-5456
1093	1	(928) 422-3241
1094	1	(928) 537-7972
1095	1	(928) 532-1266
1096	1	(928) 537-1166
1097	1	(928) 537-9988
1098	1	(520) 378-3220
1099	1	(520) 378-4400
1100	1	(520) 459-4624
1101	1	(520) 459-7400
1102	1	(520) 439-4000
1103	0	<NULL>
1104	1	(928) 536-5686
1105	1	(928) 536-2522
1106	1	(928) 536-4139
1107	1	(928) 627-7570
1108	1	(928) 627-3345
1109	1	(928) 627-2225
1110	1	(928) 333-4022
1111	1	(623) 875-0676
1112	1	(623) 875-2755
1113	1	(623) 815-9468
1114	1	(623) 584-1739
1115	1	(623) 584-3702
1116	1	(623) 584-0296
1117	1	(520) 689-0194
1118	1	(520) 689-2628
1119	1	(520) 689-2687
1120	1	(623) 584-8494
1121	1	(623) 584-9198
1122	1	(623) 556-9545
1123	1	(623) 584-1446
1124	1	(480) 446-2824
1125	1	(480) 967-5886
1126	1	(480) 921-9929
1127	1	(623) 936-1320
1128	1	(623) 936-8846
1129	1	(520) 457-3980
1130	1	(520) 457-3961
1131	1	(520) 457-3535
1132	1	(520) 457-3855
1133	1	(928) 283-6773
1134	1	(928) 283-5807
1135	1	(520) 790-1828
1136	1	(520) 744-6200
1137	1	(520) 792-2282
1138	1	(520) 323-7083
1139	1	(520) 623-2222
1140	1	(520) 762-5889
1141	1	(928) 785-3050
1142	1	(928) 785-4361
1143	1	(928) 684-5777
1144	1	(928) 684-3515
1145	1	(928) 684-0648
1146	1	(928) 684-7377
1147	1	(928) 684-0223
1148	1	(928) 765-2303
1149	1	(928) 765-2229
1150	1	(520) 384-4233
1151	1	(520) 384-2660
1152	1	(520) 384-4423
1153	1	(928) 635-4590
1154	1	(928) 635-9161
1155	1	(928) 635-4150
1156	1	(928) 635-9088
1157	1	(928) 635-0708
1158	1	(928) 289-2141
1159	1	(928) 289-2628
1160	1	(928) 343-9139
1161	1	(928) 782-3021
1162	1	(626) 458-1318
1163	1	(626) 458-0388
1164	1	(626) 300-9083
1165	1	(626) 284-3333
1166	1	(626) 308-3350
1167	1	(714) 772-1381
1168	1	(714) 778-6829
1169	1	(714) 300-3776
1170	1	(714) 283-2394
1171	1	(626) 445-2862
1172	1	(626) 447-2430
1173	1	(626) 462-9600
1174	1	(661) 664-2626
1175	1	(661) 322-6380
1176	1	(661) 589-9956
1177	1	(510) 845-4020
1178	1	(510) 843-9236
1179	1	(510) 524-1677
1180	1	(310) 652-2827
1181	1	(310) 652-7673
1182	1	(310) 276-8295
1183	1	(818) 848-1878
1184	1	(818) 846-3711
1185	1	(818) 558-6645
1186	1	(818) 953-7750
1187	1	(760) 720-3737
1188	1	(760) 729-6414
1189	1	(760) 720-1132
1190	1	(760) 729-6900
1191	1	(530) 893-5595
1192	1	(530) 893-4988
1193	1	(530) 895-3888
1194	1	(530) 899-2734
1195	1	(530) 893-9622
1196	1	(530) 343-5925
1197	1	(619) 426-9200
1198	1	(619) 422-3388
1199	1	(619) 426-6131
1200	1	(619) 216-4750
1201	1	(925) 685-5231
1202	1	(925) 689-1738
1203	1	(951) 736-3600
1204	1	(951) 738-0373
1205	1	(951) 340-3722
1206	1	(951) 738-0650
1207	1	(714) 540-6195
1208	1	(714) 641-5654
1209	1	(714) 432-7685
1210	1	(714) 545-0600
1211	1	(310) 839-6800
1212	1	(310) 204-5728
1213	1	(310) 636-0012
1214	1	(310) 397-7165
1215	1	(650) 755-6213
1216	1	(650) 755-8749
1217	1	(650) 873-0252
1218	1	(562) 803-6301
1219	1	(562) 927-0096
1220	1	(562) 869-2607
1221	1	(562) 869-7847
1222	1	(562) 806-0761
1223	1	(562) 923-2715
1224	1	(619) 443-8455
1225	1	(619) 447-4306
1226	1	(619) 440-8599
1227	1	(760) 738-7030
1228	1	(760) 432-6554
1229	1	(760) 741-3110
1230	1	(760) 746-0955
1231	1	(510) 490-3344
1232	1	(510) 657-8602
1233	1	(510) 797-8980
1234	1	(559) 435-0150
1235	1	(559) 323-0900
1236	1	(559) 228-8073
1237	1	(559) 276-0863
1238	1	(714) 447-3202
1239	1	(714) 871-1290
1240	1	(714) 526-2711
1241	1	(310) 516-8699
1242	1	(310) 532-5207
1243	1	(310) 217-2395
1244	1	(310) 324-4800
1245	1	(714) 892-6994
1246	1	(714) 539-3710
1247	1	(714) 537-5011
1248	1	(714) 265-2722
1249	1	(714) 638-7333
1250	1	(818) 240-7411
1251	0	<NULL>
1252	1	(818) 500-8899
1253	1	(818) 552-4100
1254	1	(818) 240-0370
1255	1	(510) 537-6410
1256	1	(510) 887-8630
1257	1	(714) 841-4266
1258	1	(714) 848-9936
1259	1	(714) 960-8730
1260	1	(310) 330-1170
1261	1	(323) 750-2515
1262	1	(310) 673-5201
1263	1	(310) 677-5065
1264	1	(949) 753-1276
1265	1	(949) 654-8388
1266	1	(949) 252-8848
1267	1	(949) 752-2651
1268	1	(858) 964-5400
1269	1	(858) 909-0960
1270	1	(858) 459-7222
1271	1	(858) 550-0861
1272	0	<NULL>
1273	1	(661) 948-6677
1274	1	(661) 723-7768
1275	1	(661) 948-3927
1276	1	(626) 968-5966
1277	1	(626) 855-1656
1278	1	(626) 964-0343
1279	1	(562) 434-8489
1280	1	(562) 435-4030
1281	1	(562) 498-3622
1282	1	(562) 597-0906
1283	1	(562) 421-2122
1284	1	(562) 986-7872
1285	1	(562) 429-5661
1286	1	(310) 855-1122
1287	1	(408) 946-2197
1288	1	(408) 934-3970
1289	1	(408) 263-3939
1290	1	(408) 946-8748
1291	1	(209) 338-3833
1292	0	<NULL>
1293	1	(209) 571-9655
1294	1	(209) 522-7811
1295	1	(831) 372-8543
1296	1	(831) 375-1400
1297	1	(323) 724-1855
1298	1	(323) 264-5511
1299	1	(323) 725-3919
1300	1	(626) 300-8495
1301	1	(323) 869-4920
1302	1	(951) 653-3093
1303	1	(650) 917-8290
1304	1	(650) 965-3189
1305	1	(650) 988-0400
1306	1	(707) 251-5656
1307	1	(707) 258-9990
1308	1	(707) 257-1999
1309	1	(707) 257-7197
1310	1	(707) 224-9011
1311	1	(619) 477-6896
1312	1	(619) 474-7430
1313	1	(949) 650-5577
1314	1	(949) 675-3474
1315	1	(559) 285-9831
1316	1	(818) 508-8858
1317	1	(818) 487-0880
1318	1	(818) 765-7111
1319	1	(818) 701-1651
1320	1	(818) 360-3474
1321	1	(818) 772-2203
1322	1	(818) 775-0115
1323	0	<NULL>
1324	1	(760) 231-1200
1325	1	(760) 630-1288
1326	1	(760) 433-2633
1327	1	(909) 391-9119
1328	1	(909) 984-1470
1329	1	(909) 481-5205
1330	1	(909) 986-0991
1331	1	(714) 997-3300
1332	1	(714) 633-3136
1333	1	(714) 538-2234
1334	1	(714) 532-4001
1335	1	(714) 937-1888
1336	1	(714) 771-4740
1337	1	(714) 279-9511
1338	1	(805) 485-1531
1339	1	(805) 487-9967
1340	1	(805) 486-7284
1341	1	(661) 272-0335
1342	1	(661) 267-1581
1343	1	(661) 273-4411
1344	1	(760) 360-9045
1345	1	(760) 345-9190
1346	1	(760) 345-6503
1347	1	(760) 341-9492
1348	1	(760) 864-1833
1349	1	(760) 325-1946
1350	1	(760) 325-4556
1351	1	(650) 323-7700
1352	1	(650) 858-1141
1353	1	(626) 793-3888
1354	1	(626) 577-7676
1355	1	(626) 568-3500
1356	1	(626) 583-8122
1357	1	(626) 405-4842
1358	1	(626) 577-1307
1359	1	(925) 931-1901
1360	1	(925) 462-6233
1361	1	(925) 484-9600
1362	1	(925) 600-8620
1363	1	(925) 417-2001
1364	1	(925) 846-4222
1365	1	(909) 392-4855
1366	1	(909) 623-7573
1367	1	(909) 397-5100
1368	1	(909) 468-0147
1369	1	(909) 620-5405
1370	1	(909) 948-0948
1371	1	(909) 476-8400
1372	1	(909) 948-6940
1373	1	(530) 244-2987
1374	1	(530) 241-1777
1375	0	<NULL>
1376	1	(310) 921-9797
1377	1	(310) 844-7462
1378	1	(310) 316-1580
1379	1	(310) 376-6223
1380	1	(650) 364-8612
1381	1	(650) 261-1377
1382	1	(650) 366-3322
1383	1	(951) 682-4256
1384	1	(951) 359-4900
1385	1	(951) 354-6325
1386	1	(916) 772-6060
1387	1	(916) 782-5673
1388	1	(626) 839-1661
1389	1	(626) 913-1188
1390	1	(626) 965-5895
1391	1	(626) 964-4355
1392	1	(916) 564-2114
1393	1	(916) 483-1700
1394	1	(916) 452-2809
1395	1	(916) 392-0271
1396	1	(916) 455-0497
1397	1	(831) 757-4540
1398	1	(831) 759-2765
1399	1	(909) 381-6171
1400	1	(909) 884-3006
1401	1	(858) 566-5300
1402	1	(619) 293-7275
1403	1	(619) 294-4444
1404	1	(415) 928-2080
1405	1	(415) 882-9697
1406	1	(415) 665-7440
1407	0	<NULL>
1408	1	(415) 386-2200
1409	1	(415) 955-5555
1410	0	<NULL>
1411	1	(626) 285-4263
1412	1	(626) 293-8995
1413	1	(626) 572-8418
1414	1	(626) 285-9595
1415	1	(626) 285-9595
1416	1	(408) 226-4922
1417	1	(408) 298-2299
1418	1	(408) 244-2222
1419	1	(510) 351-5900
1420	1	(510) 895-0488
1421	1	(510) 352-7667
1422	1	(510) 636-1143
1423	1	(650) 342-0288
1424	1	(650) 349-1151
1425	1	(415) 479-8081
1426	1	(415) 721-0392
1427	1	(415) 458-8845
1428	1	(714) 751-7153
1429	1	(714) 550-9121
1430	1	(714) 444-2540
1431	1	(714) 557-6600
1432	1	(714) 543-4369
1433	1	(714) 444-2161
1434	1	(805) 966-4418
1435	1	(805) 563-1163
1436	1	(805) 730-1160
1437	1	(805) 965-0549
1438	1	(408) 244-8226
1439	1	(408) 247-7272
1440	1	(408) 567-9699
1441	1	(408) 249-8598
1442	1	(408) 243-6000
1443	1	(831) 429-1223
1444	1	(831) 426-7588
1445	1	(831) 458-2460
1446	1	(831) 425-1700
1447	1	(805) 614-2883
1448	1	(805) 925-8519
1449	1	(805) 614-0027
1450	1	(805) 347-6888
1451	1	(310) 394-5669
1452	1	(310) 828-0218
1453	1	(707) 573-4797
1454	1	(707) 538-2726
1455	1	(707) 575-0165
1456	1	(707) 544-3221
1457	1	(818) 501-9065
1458	1	(818) 787-8488
1459	1	(818) 788-9777
1460	1	(805) 522-6922
1461	1	(805) 527-0055
1462	1	(805) 527-0276
1463	1	(805) 579-9079
1464	1	(209) 477-2677
1465	1	(209) 951-3525
1466	1	(209) 478-7800
1467	1	(209) 466-5881
1468	1	(818) 985-9544
1469	1	(818) 769-6336
1470	1	(818) 508-6505
1471	1	(818) 762-8311
1472	1	(818) 763-6201
1473	1	(818) 506-4050
1474	1	(818) 487-3938
1475	1	(408) 732-7788
1476	1	(408) 730-8106
1477	1	(408) 732-3680
1478	1	(408) 774-1889
1479	1	(951) 676-6160
1480	1	(951) 302-9620
1481	1	(805) 497-9444
1482	1	(310) 530-4882
1483	1	(310) 782-0530
1484	1	(714) 731-5130
1485	1	(714) 838-7829
1486	1	(707) 557-2091
1487	1	(707) 552-9700
1488	1	(707) 648-0581
1489	1	(707) 648-7371
1490	1	(818) 904-0499
1491	1	(818) 401-0015
1492	1	(818) 881-9363
1493	1	(805) 643-3040
1494	1	(805) 652-1799
1495	1	(559) 738-9141
1496	1	(760) 726-4433
1497	1	(760) 758-1870
1498	1	(760) 732-0292
1499	1	(760) 941-1559
1500	1	(925) 935-7780
1501	1	(925) 944-9444
1502	1	(925) 977-3477
1503	1	(925) 979-0100
1504	1	(925) 932-2828
1505	1	(925) 939-2464
1506	1	(626) 331-6393
1507	1	(626) 338-6138
1508	1	(310) 659-9670
1509	1	(310) 652-0445
1510	1	(310) 659-9449
1511	1	(323) 656-5050
1512	1	(714) 893-4991
1513	1	(714) 892-8686
1514	1	(562) 693-7171
1515	1	(562) 692-1487
1516	1	(562) 945-6778
1517	1	(818) 224-3929
1518	1	(818) 716-9736
1519	1	(818) 225-0533
1520	1	(818) 704-8700
1521	1	(719) 589-5579
1522	1	(719) 589-4600
1523	1	(719) 587-5500
1524	1	(719) 587-2294
1525	1	(719) 589-9559
1526	1	(303) 940-1800
1527	1	(303) 421-3388
1528	1	(303) 431-7707
1529	1	(303) 422-1954
1530	1	(720) 298-3407
1531	1	(970) 925-3835
1532	1	(970) 920-2555
1533	1	(970) 920-7717
1534	1	(303) 369-8307
1535	1	(720) 870-3342
1536	1	(970) 949-4000
1537	1	(970) 748-8666
1538	1	(970) 949-4907
1539	1	(970) 845-5775
1540	1	(970) 949-7770
1541	1	(303) 838-4088
1542	1	(970) 927-3855
1543	1	(970) 927-3342
1544	1	(970) 927-2682
1545	1	(970) 927-4773
1546	1	(970) 884-4884
1547	1	(970) 884-7837
1548	1	(970) 884-1119
1549	1	(970) 532-2254
1550	1	(970) 532-1099
1551	1	(970) 532-4095
1552	1	(970) 532-2013
1553	1	(303) 447-9883
1554	1	(303) 554-5828
1555	1	(303) 442-5115
1556	1	(303) 786-9004
1557	1	(303) 440-0733
1558	1	(970) 453-2071
1559	1	(970) 453-1342
1560	1	(970) 453-8755
1561	1	(303) 654-9889
1562	1	(303) 659-6494
1563	1	(303) 659-6393
1564	1	(303) 659-1055
1565	1	(303) 655-8600
1566	1	(303) 940-6676
1567	1	(303) 464-8888
1568	1	(720) 887-9077
1569	1	(303) 466-1683
1570	1	(303) 464-1337
1571	1	(970) 842-4737
1572	1	(970) 842-5789
1573	1	(970) 842-3888
1574	1	(970) 842-4218
1575	1	(970) 842-9735
1576	1	(970) 842-4339
1577	1	(970) 842-5470
1578	1	(719) 395-0303
1579	1	(719) 395-4950
1580	1	(719) 275-6780
1581	1	(719) 275-5833
1582	1	(719) 275-2119
1583	1	(719) 275-5558
1584	1	(719) 275-0733
1585	1	(719) 276-0601
1586	1	(970) 963-7001
1587	1	(970) 963-3036
1588	1	(970) 963-2385
1589	1	(970) 963-3606
1590	1	(303) 688-6147
1591	1	(303) 688-9983
1592	1	(303) 663-1105
1593	1	(970) 856-7782
1594	1	(719) 635-1600
1595	1	(719) 634-9135
1596	1	(719) 272-7301
1597	1	(719) 385-0300
1598	1	(303) 289-4916
1599	1	(303) 289-3293
1600	0	<NULL>
1601	1	(303) 838-7870
1602	1	(303) 838-6700
1603	1	(303) 838-5707
1604	1	(970) 565-5363
1605	1	(970) 564-8423
1606	1	(970) 565-6868
1607	1	(970) 565-7366
1608	1	(970) 826-9795
1609	1	(970) 824-8588
1610	1	(970) 824-2240
1611	1	(970) 824-5455
1612	1	(970) 824-8164
1613	1	(970) 824-7345
1614	1	(970) 349-6245
1615	1	(970) 349-6350
1616	1	(970) 349-8032
1617	1	(970) 349-6674
1618	1	(970) 874-1888
1619	1	(970) 874-8277
1620	1	(970) 874-4222
1621	1	(970) 874-9288
1622	1	(303) 394-0100
1623	1	(303) 450-4111
1624	1	(303) 871-9777
1625	1	(303) 987-3620
1626	1	(720) 963-1888
1627	1	(970) 668-4900
1628	1	(970) 468-2788
1629	1	(970) 882-8016
1630	1	(970) 882-7033
1631	1	(970) 882-7540
1632	1	(970) 882-7910
1633	1	(970) 259-3417
1634	1	(970) 247-4098
1635	1	(970) 385-9470
1636	1	(970) 247-9053
1637	1	(970) 328-7339
1638	1	(970) 328-3323
1639	1	(970) 328-1919
1640	1	(970) 328-1234
1641	1	(970) 328-2019
1642	1	(970) 926-8646
1643	1	(970) 926-3613
1644	1	(970) 926-7480
1645	1	(970) 926-2400
1646	1	(970) 926-2091
1647	1	(970) 926-2606
1648	1	(303) 224-0093
1649	1	(303) 792-3369
1650	1	(303) 828-4576
1651	1	(303) 926-4207
1652	1	(970) 586-1173
1653	1	(970) 586-6900
1654	1	(970) 577-0043
1655	1	(970) 586-2806
1656	1	(970) 330-3155
1657	1	(970) 506-6688
1658	1	(303) 670-2263
1659	1	(303) 670-3000
1660	1	(719) 784-9205
1661	1	(719) 784-4203
1662	1	(719) 784-4470
1663	1	(719) 784-3888
1664	1	(970) 225-9222
1665	1	(970) 207-0100
1666	1	(970) 225-6800
1667	1	(970) 225-1136
1668	1	(970) 484-0255
1669	1	(303) 857-6162
1670	1	(303) 857-6770
1671	1	(970) 867-1827
1672	1	(970) 542-3076
1673	1	(719) 382-5199
1674	1	(719) 382-8837
1675	1	(719) 390-8700
1676	1	(719) 382-4100
1677	1	(970) 668-3330
1678	1	(970) 968-1000
1679	1	(970) 858-8444
1680	1	(970) 858-8655
1681	1	(303) 569-3166
1682	1	(303) 569-2479
1683	1	(970) 928-9594
1684	1	(970) 928-8813
1685	1	(970) 945-9059
1686	1	(970) 945-0307
1687	1	(970) 945-6253
1688	1	(303) 205-0123
1689	1	(303) 216-2469
1690	1	(303) 279-2228
1691	1	(303) 278-4644
1692	1	(970) 887-3812
1693	1	(970) 887-9444
1694	1	(970) 887-9399
1695	1	(970) 887-2691
1696	1	(970) 887-2484
1697	1	(970) 887-3632
1698	1	(970) 256-0800
1699	1	(970) 245-8080
1700	1	(970) 243-5700
1701	1	(970) 627-1934
1702	1	(970) 627-9300
1703	1	(970) 627-3509
1704	1	(970) 627-8144
1705	1	(970) 627-9322
1706	1	(970) 356-8400
1707	1	(970) 356-4449
1708	1	(970) 304-1760
1709	1	(970) 353-5187
1710	1	(303) 740-9449
1711	1	(303) 771-4117
1712	1	(303) 777-8223
1713	1	(303) 488-2662
1714	1	(970) 641-5174
1715	1	(970) 641-3724
1716	1	(970) 641-1744
1717	1	(970) 641-9907
1718	1	(970) 872-5287
1719	1	(970) 872-3199
1720	1	(970) 872-5282
1721	1	(970) 872-5985
1722	0	<NULL>
1723	1	(303) 567-9942
1724	0	<NULL>
1725	1	(970) 563-0282
1726	1	(970) 563-9353
1727	1	(970) 563-4328
1728	1	(303) 674-9929
1729	1	(303) 926-9399
1730	1	(303) 665-9026
1731	1	(303) 666-2154
1732	1	(303) 665-0370
1733	1	(719) 384-4215
1734	1	(719) 384-9818
1735	1	(719) 383-0330
1736	1	(719) 384-2860
1737	1	(970) 944-2415
1738	1	(970) 944-1618
1739	1	(970) 944-4142
1740	1	(303) 985-2777
1741	1	(303) 462-2400
1742	1	(303) 233-2346
1743	1	(719) 336-7718
1744	1	(719) 336-8888
1745	1	(719) 336-9995
1746	1	(719) 486-9930
1747	1	(719) 486-2276
1748	1	(719) 486-9969
1749	1	(719) 486-1239
1750	1	(303) 948-6100
1751	1	(303) 978-0444
1752	1	(303) 485-8077
1753	1	(303) 651-9442
1754	1	(303) 666-4940
1755	1	(303) 661-9855
1756	1	(303) 666-0677
1757	1	(303) 926-4411
1758	1	(303) 665-6868
1759	1	(303) 890-9607
1760	1	(970) 622-0688
1761	1	(970) 593-0655
1762	1	(303) 823-5144
1763	1	(303) 823-6521
1764	1	(303) 823-5595
1765	1	(303) 823-9288
1766	1	(303) 823-5393
1767	1	(303) 823-2345
1768	1	(719) 685-1519
1769	1	(719) 685-1864
1770	1	(719) 685-9225
1771	1	(719) 685-9104
1772	1	(719) 852-9300
1773	1	(719) 852-0545
1774	1	(719) 852-2002
1775	1	(719) 852-9919
1776	1	(719) 852-0101
1777	1	(970) 249-0315
1778	1	(970) 249-7787
1779	1	(719) 481-8558
1780	1	(719) 481-2311
1781	1	(719) 481-3500
1782	1	(719) 481-1234
1783	1	(719) 481-2814
1784	1	(303) 697-9290
1785	1	(303) 697-9800
1786	1	(303) 697-4771
1787	1	(303) 258-7871
1788	1	(303) 258-3426
1789	1	(970) 325-4677
1790	1	(970) 325-7050
1791	1	(970) 325-4366
1792	1	(970) 325-4100
1793	1	(970) 325-4161
1794	1	(970) 731-1919
1795	1	(970) 731-4141
1796	1	(720) 851-8559
1797	1	(720) 851-0885
1798	1	(303) 841-4018
1799	1	(303) 248-2132
1800	1	(719) 542-9974
1801	1	(719) 544-2686
1802	1	(719) 542-7344
1803	1	(970) 626-3884
1804	1	(970) 626-5739
1805	1	(970) 625-3131
1806	1	(970) 625-9300
1807	1	(970) 625-9602
1808	1	(719) 254-6898
1809	1	(719) 254-4189
1810	1	(719) 254-7471
1811	1	(719) 539-5219
1812	1	(719) 539-4261
1813	1	(719) 539-6107
1814	1	(719) 539-5203
1815	1	(970) 468-5247
1816	1	(970) 387-5768
1817	1	(970) 923-4004
1818	1	(970) 923-3953
1819	1	(970) 923-5938
1820	1	(970) 923-3576
1821	1	(970) 923-8999
1822	1	(719) 873-5852
1823	1	(719) 873-5504
1824	1	(719) 873-5971
1825	1	(719) 873-5556
1826	1	(970) 870-9980
1827	1	(970) 879-4270
1828	1	(970) 879-8099
1829	1	(970) 879-4141
1830	1	(970) 522-0175
1831	1	(970) 521-7648
1832	1	(970) 522-3625
1833	1	(970) 522-4098
1834	1	(970) 728-4527
1835	1	(719) 845-0365
1836	1	(719) 846-7621
1837	1	(719) 846-2696
1838	1	(719) 846-7798
1839	1	(719) 846-4500
1840	1	(970) 479-5461
1841	1	970 (476) 444-4567
1842	1	(970) 477-0555
1843	1	(970) 754-7700
1844	1	(719) 738-9966
1845	1	(719) 742-6246
1846	1	(719) 738-3705
1847	1	(719) 783-9458
1848	1	(719) 783-9228
1849	1	(719) 783-0688
1850	1	(719) 783-2313
1851	1	(719) 783-9430
1852	1	(719) 783-9144
1853	1	(719) 783-9799
1854	1	(303) 465-2999
1855	1	(303) 410-8337
1856	1	(303) 429-4100
1857	1	(303) 431-7707
1858	1	(303) 650-1169
1859	1	(303) 426-8523
1860	1	(303) 426-0092
1861	1	(303) 427-6262
1862	1	(303) 422-1236
1863	1	(303) 423-6800
1864	1	(303) 420-4292
1865	1	(303) 421-3311
1866	1	(970) 674-9788
1867	1	(970) 674-0810
1868	1	(970) 686-7943
1869	1	(970) 726-8202
1870	1	(970) 726-5095
1871	1	(970) 726-5332
1872	1	(970) 726-0094
1873	1	(970) 726-4877
1874	1	(970) 726-9139
1875	1	(970) 726-0280
1876	1	(719) 687-1828
1877	1	(719) 687-3551
1878	1	(719) 687-5912
1879	1	(719) 686-1212
1880	1	(719) 687-0415
1881	0	<NULL>
1882	1	(719) 687-1465
1883	1	(719) 687-6200
1884	1	(970) 848-2787
1885	1	(970) 848-5924
1886	1	(970) 848-5313
1887	1	(203) 732-4336
1888	1	(203) 736-9005
1889	1	(860) 674-9763
1890	1	(860) 676-2253
1891	1	(860) 676-2000
1892	1	(860) 676-1910
1893	1	(860) 224-8881
1894	1	(860) 828-3922
1895	1	(860) 828-3991
1896	1	(860) 826-6374
1897	1	(203) 797-1860
1898	1	(203) 743-5533
1899	1	(203) 794-0563
1900	1	(860) 242-8949
1901	1	(860) 242-3474
1902	1	(860) 243-2871
1903	1	(860) 242-6155
1904	1	(203) 483-4597
1905	1	(203) 481-7474
1906	1	(203) 483-5426
1907	1	(203) 483-9791
1908	1	(203) 483-9995
1909	1	(203) 488-5176
1910	1	(203) 371-4848
1911	1	(203) 335-1676
1912	1	(203) 372-1627
1913	1	(203) 374-2081
1914	1	(860) 583-3191
1915	1	(860) 583-1359
1916	1	(860) 589-7050
1917	1	(860) 585-5152
1918	1	(860) 584-0452
1919	1	(203) 740-4400
1920	1	(203) 740-7601
1921	1	(203) 740-8664
1922	1	(203) 775-6028
1923	1	(860) 693-2211
1924	1	(860) 693-0034
1925	1	(860) 693-1616
1926	1	(860) 693-8838
1927	1	(203) 271-9143
1928	1	(203) 271-1717
1929	1	(203) 250-7806
1930	1	(203) 272-6165
1931	1	(860) 526-3210
1932	1	(860) 526-9541
1933	1	(860) 526-9417
1934	1	(860) 664-9268
1935	1	(860) 669-8400
1936	1	(860) 664-1952
1937	1	(860) 669-5807
1938	1	(860) 664-4454
1939	1	(860) 664-9464
1940	1	(860) 537-6757
1941	1	(860) 537-2233
1942	1	(860) 635-7374
1943	1	(860) 613-0603
1944	1	(860) 632-1659
1945	1	(860) 635-4100
1946	1	(203) 730-1104
1947	1	(203) 748-2400
1948	1	(203) 730-1776
1949	1	(203) 655-1330
1950	1	(203) 656-4774
1951	1	(203) 662-9373
1952	1	(203) 655-1259
1953	1	(203) 655-6663
1954	1	(203) 732-5320
1955	1	(203) 735-7898
1956	1	(860) 267-1125
1957	1	(860) 528-6644
1958	1	(860) 291-0368
1959	1	(203) 467-6942
1960	1	(203) 467-1533
1961	1	(203) 469-8868
1962	1	(203) 469-2386
1963	1	(203) 467-6649
1964	1	(860) 739-8999
1965	1	(860) 739-3230
1966	1	(860) 739-0714
1967	1	(860) 627-7094
1968	1	(860) 370-9568
1969	1	(860) 623-9416
1970	1	(860) 623-4450
1971	1	(860) 870-8784
1972	1	(860) 870-1762
1973	1	(860) 871-8588
1974	1	(860) 745-5800
1975	1	(860) 767-2440
1976	1	(860) 767-8588
1977	1	(860) 767-1577
1978	1	(860) 767-0330
1979	1	(203) 368-1235
1980	1	(203) 367-5359
1981	1	(203) 336-5655
1982	1	(203) 335-7701
1983	1	(860) 678-9366
1984	1	(860) 677-1110
1985	1	(860) 674-1311
1986	1	(860) 677-7677
1987	1	(860) 409-0667
1988	1	(860) 677-5585
1989	1	(860) 430-5940
1990	1	(860) 659-0409
1991	1	(860) 652-3474
1992	1	(860) 633-2233
1993	1	(860) 633-2225
1994	1	(860) 653-3323
1995	1	(860) 653-2739
1996	1	(203) 531-3322
1997	1	(203) 862-9100
1998	1	(203) 532-9270
1999	1	(203) 625-0900
