restaurant	usdiners	phone
2000	2000	2000	1995
0000	1	(501) 329-3934
0001	1	(870) 445-4949
0002	1	(480) 585-6555
0003	1	(480) 222-3366
0004	1	(760) 753-2123
0005	1	(203) 777-3116
0006	1	(203) 789-1915
0007	1	(703) 299-0076
0008	1	(314) 241-9999
0009	1	(770) 507-1478
0010	1	(912) 236-7122
0011	1	(229) 249-5333
0012	1	(808) 667-2525
0013	1	(808) 732-9469
0014	1	(712) 276-4033
0015	1	(208) 542-1950
0016	1	(208) 736-3773
0017	1	(312) 787-6100
0018	1	(317) 822-5824
0019	1	(317) 636-1414
0020	1	(502) 451-6033
0021	1	(504) 942-1345
0022	1	(617) 442-8958
0023	1	(781) 221-7899
0024	1	(866) 366-1790
0025	1	(617) 536-0972
0026	1	(800) 343-3869
0027	1	(586) 756-8888
0028	1	(269) 639-1954
0029	1	(586) 778-5858
0030	1	(616) 396-8484
0031	1	(612) 253-3410
0032	1	(816) 472-1924
0033	1	(816) 229-0054
0034	1	(816) 965-5454
0035	1	(816) 587-0864
0036	1	(701) 234-9328
0037	1	(603) 224-7399
0038	1	(603) 749-9992
0039	1	(603) 355-9990
0040	1	(603) 422-9989
0041	1	(603) 356-9025
0042	1	(775) 358-8848
0043	1	(775) 351-1555
0044	1	(877) 427-7243
0045	1	(212) 787-6300
0046	1	(718) 833-1313
0047	1	(315) 476-4212
0048	1	(216) 781-1176
0049	1	(330) 263-1001
0050	1	(440) 943-4983
0051	1	(215) 923-0100
0052	1	(215) 546-1521
0053	1	(412) 431-9290
0054	1	(215) 517-5117
0055	1	(401) 841-8884
0056	1	(401) 272-3620
0057	1	(401) 596-7871
0058	1	(401) 849-9969
0059	1	(423) 246-2155
0060	1	(832) 200-8888
0061	1	(210) 798-9463
0062	1	(214) 303-0400
0063	1	(713) 989-7679
0064	1	(801) 809-0309
0065	1	(801) 545-9955
0066	1	(435) 843-8600
0067	1	(757) 877-3088
0068	1	(703) 549-1141
0069	1	(425) 822-1515
0070	1	(920) 257-2064
0071	1	(920) 699-4550
0072	1	(414) 963-0202
0073	1	(907) 561-2373
0074	1	(256) 883-3128
0075	1	(501) 753-0081
0076	1	(501) 663-7008
0077	1	(714) 751-7153
0078	1	(720) 870-3705
0079	1	(303) 442-3464
0080	1	(720) 747-0764
0081	1	(719) 272-7301
0082	1	(202) 544-0931
0083	1	(202) 408-8848
0084	1	(202) 234-5095
0085	1	(813) 341-6670
0086	1	(407) 363-9191
0087	1	(706) 571-6222
0088	1	(678) 518-4059
0089	1	(770) 474-0118
0090	1	(770) 495-7110
0091	1	(808) 949-2526
0092	1	(808) 926-1881
0093	1	(515) 233-4136
0094	1	(712) 366-1250
0095	1	(563) 583-3131
0096	1	(319) 287-4700
0097	1	(208) 336-5552
0098	1	(208) 746-8000
0099	1	(208) 637-0135
0100	1	(773) 274-0036
0101	1	(773) 276-7567
0102	1	(773) 585-5260
0103	1	(765) 643-8353
0104	1	(317) 594-9117
0105	1	(785) 856-5090
0106	1	(785) 537-0909
0107	1	(859) 971-0922
0108	1	(225) 293-1100
0109	1	(225) 677-8600
0110	1	(225) 216-1444
0111	1	(508) 427-5776
0112	1	(617) 876-4607
0113	1	(301) 698-0018
0114	1	(301) 559-6731
0115	1	(410) 675-3384
0116	1	(207) 442-9600
0117	1	(207) 646-6661
0118	1	(616) 352-9021
0119	1	(616) 530-3300
0120	1	(586) 784-4743
0121	1	(586) 566-8863
0122	1	(952) 997-3919
0123	1	(952) 435-2545
0124	1	(417) 886-1444
0125	1	(417) 883-8188
0126	1	(601) 824-8904
0127	1	(662) 891-4649
0128	1	(701) 255-0200
0129	1	(701) 280-0606
0130	1	(701) 232-0606
0131	1	(402) 991-9330
0132	1	(402) 341-3663
0133	1	(603) 742-5707
0134	1	(603) 888-0407
0135	1	(732) 246-7587
0136	1	(732) 583-2100
0137	1	(908) 707-1777
0138	1	(505) 995-9595
0139	1	(702) 919-7472
0140	1	(212) 691-8136
0141	1	(212) 980-3131
0142	1	(631) 271-3450
0143	1	(740) 537-9119
0144	1	(216) 360-9030
0145	1	(614) 337-9006
0146	1	(937) 426-3070
0147	1	(513) 336-7449
0148	1	(580) 920-0737
0149	1	(405) 292-9966
0150	1	(503) 274-0010
0151	1	(215) 247-2217
0152	1	(215) 269-1178
0153	1	(401) 849-3356
0154	1	(803) 732-0522
0155	1	(843) 225-4743
0156	1	(605) 882-8804
0157	1	(713) 621-6888
0158	1	(801) 269-8480
0159	1	(801) 501-0678
0160	1	(801) 484-3222
0161	1	(435) 752-9252
0162	1	(802) 862-9203
0163	1	(802) 878-8878
0164	1	(802) 863-4138
0165	1	(802) 388-2876
0166	1	(509) 582-8811
0167	1	(253) 852-4280
0168	1	(608) 663-3926
0169	1	(304) 599-4040
0170	1	(307) 237-8500
0171	1	(307) 778-0822
0172	1	(307) 634-3432
0173	1	(307) 347-2301
0174	1	(307) 765-2312
0175	1	(307) 864-3227
0176	1	(307) 234-2195
0177	1	(907) 783-2831
0178	1	(251) 343-0001
0179	1	(256) 236-4544
0180	1	(256) 216-5444
0181	1	(479) 621-0990
0182	1	(501) 605-0306
0183	1	(623) 566-9898
0184	1	(707) 944-2749
0185	1	(310) 318-3474
0186	1	(415) 255-0387
0187	1	(303) 367-9700
0188	1	(303) 457-5900
0189	1	(303) 820-2200
0190	1	(203) 495-8924
0191	1	(202) 464-0655
0192	1	(202) 543-5906
0193	1	(302) 239-2314
0194	1	(302) 777-4499
0195	1	(302) 227-3674
0196	1	(407) 352-4000
0197	1	(321) 723-4742
0198	1	(912) 927-8700
0199	1	(912) 231-0986
0200	1	(706) 629-3461
0201	1	(404) 541-0888
0202	1	(808) 877-5477
0203	1	(808) 941-2254
0204	1	(808) 879-4010
0205	1	(515) 963-1928
0206	1	(515) 281-3294
0207	1	(515) 243-4516
0208	1	(208) 426-0538
0209	1	(208) 524-3131
0210	1	(208) 888-7405
0211	1	(773) 561-4424
0212	1	(773) 476-3088
0213	1	(773) 262-7170
0214	1	(773) 342-7482
0215	1	(317) 883-1267
0216	1	(547) 288-4981
0217	1	(913) 268-5160
0218	1	(913) 663-4099
0219	1	(785) 537-3136
0220	1	(913) 764-0031
0221	1	(316) 618-8999
0222	1	(502) 899-7070
0223	1	(859) 442-3400
0224	1	(504) 522-2426
0225	1	(337) 480-0770
0226	1	(617) 424-5252
0227	1	(617) 624-0454
0228	1	(410) 821-7090
0229	1	(301) 515-8880
0230	1	(586) 757-0376
0231	1	(734) 913-0999
0232	1	(313) 792-9660
0233	1	(612) 374-9900
0234	1	(417) 335-2002
0235	1	(573) 214-0196
0236	1	(601) 268-1979
0237	1	(406) 922-0334
0238	1	(406) 453-0601
0239	1	(208) 356-7733
0240	1	(701) 255-2737
0241	1	(308) 381-7222
0242	1	(402) 379-2947
0243	1	(603) 623-2328
0244	1	(603) 926-6251
0245	1	(603) 595-7244
0246	1	(800) 969-5653
0247	1	(201) 358-6330
0248	1	(201) 604-0120
0249	1	(505) 892-6119
0250	1	(505) 839-4300
0251	1	(505) 438-1800
0252	1	(775) 786-9697
0253	1	(775) 787-1177
0254	1	(631) 851-1507
0255	1	(315) 701-0636
0256	1	(212) 228-4808
0257	1	(614) 228-6191
0258	1	(419) 531-0123
0259	1	(513) 229-7921
0260	1	(405) 232-6666
0261	1	(918) 583-5555
0262	1	(918) 251-5203
0263	1	(405) 377-4141
0264	1	(503) 652-4448
0265	1	(541) 452-1010
0266	1	(503) 667-1687
0267	1	(503) 718-0030
0268	1	(412) 231-9277
0269	1	(412) 278-1233
0270	1	(401) 783-7778
0271	1	(401) 841-9909
0272	1	(401) 272-9030
0273	1	(803) 252-8995
0274	1	(803) 802-7060
0275	1	(864) 281-9347
0276	1	(605) 399-1277
0277	1	(605) 338-1338
0278	1	(605) 334-2711
0279	1	(605) 578-1300
0280	1	(605) 997-3044
0281	1	(615) 371-7712
0282	1	(713) 355-2000
0283	1	(801) 255-5900
0284	1	(435) 655-9811
0285	1	(435) 649-2252
0286	1	(435) 867-8844
0287	1	(802) 864-6651
0288	1	(703) 549-0533
0289	1	(425) 347-7900
0290	1	(414) 270-0890
0291	1	(262) 646-3663
0292	1	(608) 274-6662
0293	1	(414) 546-1730
0294	1	(304) 599-1870
0295	1	(304) 431-2083
0296	1	(304) 525-2999
0297	1	(307) 634-6272
0298	1	(307) 733-3279
0299	1	(307) 334-0128
0300	1	(907) 274-9999
0301	1	(251) 981-9811
0302	1	(205) 322-2727
0303	1	(479) 474-3933
0304	1	(480) 946-6555
0305	1	(714) 525-5682
0306	1	(916) 442-2552
0307	1	(415) 668-5282
0308	1	(203) 773-3344
0309	1	(203) 245-7773
0310	1	(203) 487-0693
0311	1	(203) 624-6200
0312	1	(202) 686-7222
0313	1	(302) 227-5767
0314	1	(941) 388-4415
0315	1	(239) 728-5400
0316	1	(404) 364-0212
0317	1	(678) 482-0398
0318	1	(808) 826-2760
0319	1	(808) 667-2744
0320	1	(808) 823-8777
0321	1	(208) 322-0222
0322	1	(208) 343-4708
0323	1	(208) 666-0957
0324	1	(773) 734-0512
0325	1	(773) 769-6333
0326	1	(812) 335-1297
0327	1	(765) 284-3196
0328	1	(913) 393-3377
0329	1	(316) 636-4411
0330	1	(502) 583-4332
0331	1	(502) 425-5125
0332	1	(502) 769-3349
0333	1	(225) 924-9841
0334	1	(504) 525-2611
0335	1	(504) 443-2299
0336	1	(504) 945-5635
0337	1	(617) 739-2469
0338	1	(617) 236-0200
0339	1	(617) 269-0110
0340	1	(301) 695-2756
0341	1	(301) 656-3131
0342	1	(410) 243-1230
0343	1	(410) 837-7006
0344	1	(410) 263-3382
0345	1	(207) 594-2034
0346	1	(207) 772-1110
0347	1	(207) 236-8343
0348	1	(207) 729-4951
0349	1	(207) 253-8021
0350	1	(207) 453-8088
0351	1	(507) 289-2690
0352	1	(816) 444-5080
0353	1	(662) 551-2226
0354	1	(601) 605-9350
0355	1	(601) 425-1380
0356	1	(406) 721-9820
0357	1	(828) 251-5565
0358	1	(336) 272-1308
0359	1	(701) 282-2922
0360	1	(402) 492-9500
0361	1	(402) 345-8313
0362	1	(603) 641-0004
0363	1	(603) 891-1000
0364	1	(856) 768-3777
0365	1	(973) 984-2300
0366	1	(505) 863-8129
0367	1	(505) 382-9051
0368	1	(775) 786-3636
0369	1	(702) 258-1211
0370	1	(585) 482-8430
0371	1	(419) 625-4008
0372	1	(419) 368-4457
0373	1	(405) 606-4607
0374	1	(405) 752-0087
0375	1	(503) 684-0130
0376	1	(503) 244-5551
0377	1	(541) 342-4410
0378	1	(215) 575-6930
0379	1	(610) 543-7161
0380	1	(215) 925-5080
0381	1	(401) 421-2525
0382	1	(401) 751-4812
0383	1	(401) 521-5600
0384	1	(401) 827-8880
0385	1	(803) 329-7171
0386	1	(864) 232-2287
0387	1	(605) 361-7222
0388	1	(605) 716-0999
0389	1	(423) 954-9880
0390	1	(713) 961-1161
0391	1	(281) 334-9049
0392	1	(435) 649-7000
0393	1	(801) 766-9690
0394	1	(801) 756-9088
0395	1	(435) 774-8300
0396	1	(802) 863-1138
0397	1	(757) 428-5444
0398	1	(206) 325-9100
0399	1	(360) 452-8888
0400	1	(206) 324-4140
0401	1	(414) 223-2200
0402	1	(414) 384-3100
0403	1	(907) 561-6622
0404	1	(907) 457-3274
0405	1	(334) 298-2926
0406	1	(334) 297-9177
0407	1	(480) 654-4171
0408	1	(480) 821-2171
0409	1	(480) 247-6704
0410	1	(602) 381-6870
0411	1	(510) 883-1883
0412	1	(310) 273-0960
0413	1	(209) 478-7793
0414	1	(303) 786-9004
0415	1	(303) 832-0445
0416	1	(303) 770-0477
0417	1	(303) 442-8162
0418	1	(860) 677-4311
0419	1	(202) 338-8707
0420	1	(703) 739-4335
0421	1	(703) 527-5666
0422	1	(302) 475-7555
0423	1	(302) 737-1213
0424	1	(302) 995-2313
0425	1	(407) 658-6101
0426	1	(404) 222-0206
0427	1	(706) 854-8838
0428	1	(770) 422-9480
0429	1	(912) 352-9930
0430	1	(808) 931-6280
0431	1	(808) 327-2184
0432	1	(808) 667-5117
0433	1	(563) 557-8800
0434	1	(208) 356-4398
0435	1	(208) 429-8400
0436	1	(208) 733-0710
0437	1	(208) 384-9008
0438	1	(312) 787-7600
0439	1	(574) 271-2990
0440	1	(317) 883-1900
0441	1	(812) 339-3090
0442	1	(260) 489-8782
0443	1	(317) 888-4779
0444	1	(913) 962-5151
0445	1	(859) 543-1420
0446	1	(781) 329-6650
0447	1	(781) 321-4900
0448	1	(301) 656-6100
0449	1	(410) 838-6608
0450	1	(301) 365-8200
0451	1	(310) 809-6500
0452	1	(207) 782-2088
0453	1	(207) 777-7001
0454	1	(269) 624-3341
0455	1	(586) 731-7544
0456	1	(313) 881-8540
0457	1	(248) 545-5300
0458	1	(763) 546-1166
0459	1	(816) 842-2211
0460	1	(417) 882-3247
0461	1	(406) 388-8377
0462	1	(406) 656-6485
0463	1	(406) 494-3000
0464	1	(704) 638-9647
0465	1	(701) 232-8908
0466	1	(701) 599-2714
0467	1	(701) 437-2577
0468	1	(402) 778-3915
0469	1	(402) 342-2276
0470	1	(402) 498-8855
0471	1	(402) 342-9742
0472	1	(603) 868-5627
0473	1	(603) 447-2181
0474	1	(603) 355-1200
0475	1	(603) 888-7746
0476	1	(732) 606-0610
0477	1	(505) 722-6945
0478	1	(505) 821-3911
0479	1	(505) 831-3131
0480	1	(505) 898-1161
0481	1	(775) 322-6100
0482	1	(702) 770-3463
0483	1	(775) 355-8839
0484	1	(718) 665-8124
0485	1	(516) 223-3344
0486	1	(718) 875-5403
0487	1	(716) 853-3600
0488	1	(646) 638-2900
0489	1	(740) 732-6566
0490	1	(740) 376-9988
0491	1	(918) 627-4700
0492	1	(503) 243-4222
0493	1	(215) 751-0707
0494	1	(215) 675-9717
0495	1	(610) 328-4840
0496	1	(401) 438-3381
0497	1	(401) 334-1017
0498	1	(401) 826-7613
0499	1	(803) 791-4486
0500	1	(605) 942-7348
0501	1	(423) 855-7392
0502	1	(731) 986-9698
0503	1	(615) 794-1842
0504	1	(713) 626-9463
0505	1	(713) 960-5997
0506	1	(801) 818-3900
0507	1	(801) 397-0388
0508	1	(435) 867-0420
0509	1	(435) 652-3826
0510	1	(802) 773-8545
0511	1	(802) 674-5555
0512	1	(434) 975-0198
0513	1	(703) 753-0807
0514	1	(206) 621-8262
0515	1	(360) 748-3793
0516	1	(262) 377-2238
0517	1	(608) 253-2060
0518	1	(304) 724-6002
0519	1	(304) 622-5114
0520	1	(307) 634-5304
0521	1	(307) 332-3312
0522	1	(307) 635-1555
0523	1	(307) 587-2151
0524	1	(907) 561-9292
0525	1	(334) 727-0776
0526	1	(501) 315-3663
0527	1	(479) 478-1066
0528	1	(602) 863-7000
0529	1	(602) 995-3500
0530	1	(480) 614-5955
0531	1	(303) 595-3275
0532	1	(303) 651-9063
0533	1	(303) 477-8114
0534	1	(203) 848-3663
0535	1	(860) 236-6195
0536	1	(202) 745-5816
0537	1	(703) 549-5051
0538	1	(561) 833-3520
0539	1	(561) 802-4222
0540	1	(727) 734-2300
0541	1	(678) 432-9887
0542	1	(312) 993-0493
0543	1	(773) 772-4019
0544	1	(785) 537-8278
0545	1	(502) 266-9605
0546	1	(502) 380-8447
0547	1	(502) 231-4249
0548	1	(502) 454-6520
0549	1	(318) 322-8500
0550	1	(985) 897-5367
0551	1	(504) 944-9272
0552	1	(504) 525-4937
0553	1	(504) 528-9393
0554	1	(617) 666-8282
0555	1	(617) 491-6568
0556	1	(617) 229-7963
0557	1	(617) 532-9100
0558	1	(301) 474-5951
0559	1	(410) 675-1618
0560	1	(410) 889-1558
0561	1	(207) 874-1967
0562	1	(207) 372-6366
0563	1	(616) 698-8933
0564	1	(952) 938-5915
0565	1	(314) 454-9000
0566	1	(816) 561-5415
0567	1	(816) 224-9797
0568	1	(601) 649-4444
0569	1	(601) 936-9413
0570	1	(406) 632-4747
0571	1	(704) 882-2666
0572	1	(919) 806-8899
0573	1	(336) 996-9464
0574	1	(402) 723-4779
0575	1	(603) 625-1517
0576	1	(603) 569-1648
0577	1	(973) 942-8080
0578	1	(973) 744-1413
0579	1	(775) 322-0313
0580	1	(702) 878-5333
0581	1	(212) 254-2900
0582	1	(212) 337-0016
0583	1	(419) 627-1964
0584	1	(440) 943-1050
0585	1	(440) 255-5300
0586	1	(405) 949-1220
0587	1	(405) 879-1700
0588	1	(503) 227-3376
0589	1	(503) 653-1715
0590	1	(215) 735-7700
0591	1	(724) 342-1383
0592	1	(401) 884-1149
0593	1	(843) 853-8600
0594	1	(803) 787-6820
0595	1	(803) 802-7555
0596	1	(423) 894-1942
0597	1	(901) 383-4219
0598	1	(615) 453-9933
0599	1	(731) 989-7373
0600	1	(731) 642-9236
0601	1	(512) 302-1800
0602	1	(281) 445-0313
0603	1	(703) 263-7444
0604	1	(703) 255-2588
0605	1	(804) 644-0961
0606	1	(804) 452-1798
0607	1	(703) 807-2121
0608	1	(360) 352-1201
0609	1	(540) 951-7300
0610	1	(304) 723-5179
0611	1	(907) 745-1504
0612	1	(501) 513-2410
0613	1	(602) 938-4065
0614	1	(408) 842-6919
0615	1	(303) 297-0066
0616	1	(303) 322-6077
0617	1	(303) 449-9321
0618	1	(720) 214-5502
0619	1	(203) 304-1193
0620	1	(860) 348-1340
0621	1	(203) 323-4300
0622	1	(703) 276-3099
0623	1	(703) 778-2233
0624	1	(941) 492-9080
0625	1	(706) 653-8500
0626	1	(706) 885-0005
0627	1	(912) 452-3800
0628	1	(404) 525-5255
0629	1	(563) 388-8555
0630	1	(208) 637-2900
0631	1	(208) 855-5930
0632	1	(847) 516-2900
0633	1	(773) 784-7455
0634	1	(708) 447-8848
0635	1	(812) 282-3283
0636	1	(574) 277-1888
0637	1	(574) 232-2853
0638	1	(913) 334-8646
0639	1	(913) 385-7427
0640	1	(913) 696-1119
0641	1	(913) 339-6686
0642	1	(859) 647-7788
0643	1	(502) 493-2812
0644	1	(502) 762-0840
0645	1	(318) 259-9192
0646	1	(318) 648-0062
0647	1	(504) 305-4611
0648	1	(318) 795-0710
0649	1	(410) 224-2207
0650	1	(207) 773-3366
0651	1	(207) 865-4031
0652	1	(248) 545-2494
0653	1	(248) 554-9881
0654	1	(269) 945-0100
0655	1	(517) 323-9181
0656	1	(734) 374-2700
0657	1	(651)423-0199
0658	1	(417) 581-3172
0659	1	(417) 336-5060
0660	1	(601) 442-4548
0661	1	(406) 586-0597
0662	1	(406) 541-7427
0663	1	(910) 425-4430
0664	1	(828) 464-3697
0665	1	(252) 215-0078
0666	1	(704) 843-1439
0667	1	(252) 255-0006
0668	1	(402) 421-3488
0669	1	(402) 393-0811
0670	1	(603) 424-4010
0671	1	(973) 233-0350
0672	1	(973) 743-2666
0673	1	(732) 462-1312
0674	1	(201) 261-9500
0675	1	(609) 714-8800
0676	1	(505) 344-9430
0677	1	(505) 266-0550
0678	1	(505) 647-9515
0679	1	(505) 425-7211
0680	1	(775) 747-7707
0681	1	(775) 829-2788
0682	1	(702) 454-1136
0683	1	(702) 838-4774
0684	1	(607) 937-8212
0685	1	(718) 422-0001
0686	1	(212) 421-8600
0687	1	(914) 939-4227
0688	1	(419) 899-3333
0689	1	(918) 492-7767
0690	1	(405) 751-7243
0691	1	(918) 294-3833
0692	1	(503) 266-6265
0693	1	(401) 766-7171
0694	1	(401) 884-1221
0695	1	(803) 462-0233
0696	1	(803) 641-4261
0697	1	(864) 965-0055
0698	1	(931) 552-2151
0699	1	(423) 476-7827
0700	1	(423) 752-7487
0701	1	(865) 938-2007
0702	1	(713) 666-4644
0703	1	(512) 457-0172
0704	1	(801) 446-7744
0705	1	(801) 355-3704
0706	1	(435) 634-0678
0707	1	(801) 816-0305
0708	1	(801) 825-1200
0709	1	(360) 493-2090
0710	1	(425) 213-1428
0711	1	(608) 836-9080
0712	1	(262) 241-5420
0713	1	(304) 788-1149
0714	1	(907) 457-4992
0715	1	(907) 563-9000
0716	1	(256) 236-9280
0717	1	(205) 682-0150
0718	1	(501) 776-3855
0719	1	(479) 963-2413
0720	1	(623) 486-2118
0721	1	(480) 345-8080
0722	1	(602) 952-8031
0723	1	(916) 444-3391
0724	1	(310) 548-6964
0725	1	(310) 534-0153
0726	1	(805) 449-4300
0727	1	(303) 546-9000
0728	1	(860) 388-9627
0729	1	(202) 393-4499
0730	1	(202) 387-3845
0731	1	(202) 347-3887
0732	1	(703) 573-0112
0733	1	(302) 479-5727
0734	1	(302) 422-5760
0735	1	(954) 202-0000
0736	1	(813) 229-8000
0737	1	(954) 845-8740
0738	1	(706) 529-6855
0739	1	(808) 946-5336
0740	1	(808) 885-7777
0741	1	(563) 344-9700
0742	1	(319) 277-9927
0743	1	(319) 625-2517
0744	1	(208) 478-2057
0745	1	(208) 735-1820
0746	1	(208) 368-0200
0747	1	(765) 965-5148
0748	1	(765) 287-8742
0749	1	(913) 764-6969
0750	1	(785) 621-2739
0751	1	(913) 722-9494
0752	1	(859) 647-6444
0753	1	(859) 578-3700
0754	1	(502) 867-1600
0755	1	(504) 368-1114
0756	1	(225) 295-9595
0757	1	(337) 993-7858
0758	1	(617) 247-8377
0759	1	(301) 589-2555
0760	1	(207) 878-9993
0761	1	(207) 729-5858
0762	1	(207) 772-0300
0763	1	(207) 883-6684
0764	1	(517) 278-5955
0765	1	(586) 293-7100
0766	1	(616) 454-6233
0767	1	(320) 230-9006
0768	1	(612) 824-9100
0769	1	(952) 925-1001
0770	1	(314) 351-4187
0771	1	(573) 445-8336
0772	1	(816) 246-7755
0773	1	(636) 922-7548
0774	1	(662) 241-0005
0775	1	(601) 420-9990
0776	1	(601) 957-2891
0777	1	(406) 453-3500
0778	1	(406) 995-2314
0779	1	(336) 885-3490
0780	1	(919) 662-5119
0781	1	(701) 298-8558
0782	1	(701) 485-3220
0783	1	(402) 438-0080
0784	1	(402) 466-1900
0785	1	(402) 477-0330
0786	1	(402) 733-3440
0787	1	(603) 669-9460
0788	1	(603) 926-6152
0789	1	(973) 233-1520
0790	1	(201) 689-9689
0791	1	(505) 262-1848
0792	1	(775) 882-4900
0793	1	(702) 312-5247
0794	1	(212) 782-3040
0795	1	(419) 435-6422
0796	1	(440) 247-7744
0797	1	(513) 947-9000
0798	1	(405) 415-7827
0799	1	(405) 634-6931
0800	1	(918) 250-1499
0801	1	(918) 682-4660
0802	1	(503) 659-5553
0803	1	(541) 687-8201
0804	1	(503) 263-1877
0805	1	(412) 655-2792
0806	1	(717) 569-5454
0807	1	(401) 781-2526
0808	1	(401) 463-8227
0809	1	(864) 287-3215
0810	1	(843) 577-9797
0811	1	(803) 799-8463
0812	1	(605) 229-7555
0813	1	(423) 899-7733
0814	1	(931) 906-9101
0815	1	(423) 472-4998
0816	1	(423) 338-7299
0817	1	(423) 476-6841
0818	1	(936) 588-6700
0819	1	(512) 835-1985
0820	1	(801) 255-2525
0821	1	(801) 495-4959
0822	1	(802) 362-9843
0823	1	(703) 548-0088
0824	1	(703) 573-0112
0825	1	(540) 961-2703
0826	1	(253) 272-3393
0827	1	(425) 487-9554
0828	1	(425) 712-7625
0829	1	(206) 405-4205
0830	1	(425) 776-1976
0831	1	(608) 301-0532
0832	1	(414) 774-5540
0833	1	(608) 826-0555
0834	1	(304) 983-6811
0835	1	(304) 728-9000
0836	1	(304) 769-2240
0837	1	(307) 332-8228
0838	1	(307) 682-9130
0839	1	(907) 337-6141
0840	1	(907) 586-5018
0841	1	(205) 981-6402
0842	1	(256) 722-0166
0843	1	(479) 442-9671
0844	1	(479) 575-9464
0845	1	(480) 421-0232
0846	1	(480) 491-9500
0847	1	(480) 609-9777
0848	1	(602) 240-6969
0849	1	(310) 478-1546
0850	1	(510) 848-8515
0851	1	(619) 299-2583
0852	1	(303) 447-9883
0853	1	(303) 627-5499
0854	1	(203) 852-9790
0855	1	(860) 348-1891
0856	1	(203) 869-1202
0857	1	(301) 718-0121
0858	1	(301) 897-5350
0859	1	(941) 907-8484
0860	1	(770) 227-6481
0861	1	(770) 502-1979
0862	1	(563) 388-9464
0863	1	(208) 343-6820
0864	1	(208) 336-9260
0865	1	(208) 424-8211
0866	1	(208) 359-9094
0867	1	(708) 448-8300
0868	1	(773) 561-4077
0869	1	(219) 887-5891
0870	1	(547) 259-3000
0871	1	(785) 537-1300
0872	1	(913) 451-8080
0873	1	(785) 539-9393
0874	1	(502) 451-5680
0875	1	(859) 331-3528
0876	1	(225) 343-2626
0877	1	(985) 624-4005
0878	1	(504) 524-4114
0879	1	(617) 236-8132
0880	1	(508) 480-0668
0881	1	(508) 875-7525
0882	1	(301) 897-5350
0883	1	(301) 652-9394
0884	1	(301) 718-0121
0885	1	(301) 982-9899
0886	1	(207) 948-2244
0887	1	(207) 439-6837
0888	1	(248) 634-5208
0889	1	(517) 337-7324
0890	1	(586) 247-0777
0891	1	(586) 293-4530
0892	1	(507) 532-5027
0893	1	(612) 343-5930
0894	1	(612) 332-4700
0895	1	(952) 890-9659
0896	1	(573) 365-8509
0897	1	(314) 830-1300
0898	1	(228) 276-5233
0899	1	(601) 366-1513
0900	1	(406) 837-7377
0901	1	(406) 494-4309
0902	1	(828) 254-1628
0903	1	(701) 772-6655
0904	1	(701) 223-2130
0905	1	(701) 838-7099
0906	1	(701) 232-3662
0907	1	(603) 644-2467
0908	1	(603) 685-0346
0909	1	(603) 926-9545
0910	1	(603) 383-9111
0911	1	(201) 945-0345
0912	1	(973) 379-9280
0913	1	(505) 471-7794
0914	1	(702) 804-4646
0915	1	(631) 361-6464
0916	1	(718) 229-9802
0917	1	(405) 292-4777
0918	1	(610) 265-4755
0919	1	(302) 478-9460
0920	1	(610) 388-7061
0921	1	(215) 677-6030
0922	1	(401) 884-6366
0923	1	(401) 463-8338
0924	1	(843) 743-3474
0925	1	(803) 462-3498
0926	1	(864) 223-3005
0927	1	(605) 388-3232
0928	1	(423) 499-8668
0929	1	(512) 443-4252
0930	1	(435) 752-1467
0931	1	(801) 328-2077
0932	1	(801) 969-3041
0933	1	(802) 442-7500
0934	1	(802) 658-0278
0935	1	(703) 739-4265
0936	1	(206) 782-0737
0937	1	(206) 320-9771
0938	1	(425) 744-1120
0939	1	(206) 325-7905
0940	1	(414) 289-8208
0941	1	(304) 733-3842
0942	1	(304) 599-5199
0943	1	(307) 548-7249
0944	1	(307) 634-2415
0945	1	(907) 274-9167
0946	1	(334) 794-5712
0947	1	(334) 291-9600
0948	1	(479) 452-0501
0949	1	(501) 520-4020
0950	1	(479) 631-2467
0951	1	(480) 314-1222
0952	1	(480) 829-7707
0953	1	(520) 426-1700
0954	1	(303) 444-2115
0955	1	(203) 865-1933
0956	1	(202) 293-1001
0957	1	(920) 457-8888
0958	1	(617) 440-6022
0959	1	(561) 547-9487
0960	1	(305) 538-7737
0961	1	(386) 668-9901
0962	1	(706) 484-5566
0963	1	(912) 239-9444
0964	1	(678) 945-4311
0965	1	(706) 226-2862
0966	1	(808) 521-2900
0967	1	(563) 584-0077
0968	1	(563) 391-2427
0969	1	(515) 270-6818
0970	1	(847) 803-4990
0971	1	(765) 640-4600
0972	1	(620) 457-8778
0973	1	(785) 621-4467
0974	1	(620) 663-1170
0975	1	(504) 212-3280
0976	1	(781) 891-3039
0977	1	(508) 366-1955
0978	1	(410) 528-0818
0979	1	(410) 760-0194
0980	1	(410) 661-3183
0981	1	(301) 738-1894
0982	1	(586) 293-2838
0983	1	(517) 485-7997
0984	1	(616) 784-3233
0985	1	(616) 534-2543
0986	1	(763) 780-4467
0987	1	(314) 432-8898
0988	1	(636) 326-9990
0989	1	(314) 830-9120
0990	1	(816) 965-6400
0991	1	(662) 620-1458
0992	1	(406) 651-8778
0993	1	(406) 752-5504
0994	1	(919) 317-4161
0995	1	(910) 764-1721
0996	1	(919) 661-2604
0997	1	(732) 202-0511
0998	1	(609) 978-4370
0999	1	(732) 617-9024
1000	1	(505) 647-5956
1001	1	(775) 323-5550
1002	1	(419) 868-9831
1003	1	(405) 275-4467
1004	1	(405) 533-4467
1005	1	(541) 684-8400
1006	1	(412) 325-2227
1007	1	(717) 581-1216
1008	1	(610) 797-6113
1009	1	(215) 269-1565
1010	1	(401) 278-2000
1011	1	(401) 245-4500
1012	1	(401) 738-9861
1013	1	(931) 503-0911
1014	1	(972) 501-9700
1015	1	(956) 550-0333
1016	1	(817) 426-2600
1017	1	(801) 593-0433
1018	1	(801) 532-7522
1019	1	(276) 466-1880
1020	1	(253) 661-7300
1021	1	(206) 624-6852
1022	1	(608) 244-5807
1023	1	(920) 233-9848
1024	1	(920) 457-8888
1025	1	(304) 252-4467
1026	1	(307) 235-0111
1027	1	(251) 479-8500
1028	1	(205) 987-8740
1029	1	(205) 980-1866
1030	1	(479) 521-0194
1031	1	(479) 750-9055
1032	1	(480) 855-3338
1033	1	(480) 391-0607
1034	1	(310) 652-8051
1035	1	(323) 728-3853
1036	1	(510) 886-6622
1037	1	(925) 673-8686
1038	1	(860) 395-1230
1039	1	(203) 622-8450
1040	1	(860) 399-2233
1041	1	(202) 333-3450
1042	1	(202) 332-6767
1043	1	(561) 630-9669
1044	1	(407) 239-6555
1045	1	(813) 908-7023
1046	1	(407) 281-1113
1047	1	(678) 305-0225
1048	1	(808) 891-8874
1049	1	(808) 246-4422
1050	1	(515) 287-0847
1051	1	(319) 235-1150
1052	1	(208) 664-8411
1053	1	(208) 853-5250
1054	1	(208) 656-9284
1055	1	(208) 733-4942
1056	1	(208) 733-8400
1057	1	(773) 445-2756
1058	1	(574) 246-0136
1059	1	(913) 962-5777
1060	1	(785) 832-2000
1061	1	(502) 339-2206
1062	1	(502) 412-4101
1063	1	(859) 261-3663
1064	1	(985) 249-6004
1065	1	(504) 468-3237
1066	1	(301) 608-9373
1067	1	(301) 441-8030
1068	1	(410) 665-0525
1069	1	(207) 741-2780
1070	1	(586) 977-2300
1071	1	(507) 536-4748
1072	1	(507) 452-2718
1073	1	(636) 458-2222
1074	1	(601) 638-5811
1075	1	(601) 206-9191
1076	1	(662) 895-4222
1077	1	(406) 259-9375
1078	1	(704) 283-6223
1079	1	(704) 823-1903
1080	1	(701) 547-3321
1081	1	(701) 232-2300
1082	1	(701) 225-5905
1083	1	(402) 551-2233
1084	1	(732) 441-1110
1085	1	(201) 871-7444
1086	1	(973) 678-7959
1087	1	(505) 869-9038
1088	1	(505) 243-1310
1089	1	(505) 884-0797
1090	1	(505) 892-5100
1091	1	(702) 898-0474
1092	1	(718) 584-8431
1093	1	(631) 665-4900
1094	1	(212) 568-1213
1095	1	(718) 583-3333
1096	1	(516) 536-1806
1097	1	(518) 435-1551
1098	1	(614) 847-1166
1099	1	(419) 474-8620
1100	1	(419) 447-0196
1101	1	(918) 682-7867
1102	1	(503) 775-6062
1103	1	(541) 889-8646
1104	1	(610) 642-9477
1105	1	(401) 884-5388
1106	1	(864) 886-1243
1107	1	(864) 833-3267
1108	1	(931) 381-4336
1109	1	(931) 648-4401
1110	1	(615) 370-5557
1111	1	(214) 488-3969
1112	1	(936) 257-8008
1113	1	(801) 278-6688
1114	1	(802) 229-9348
1115	1	(802) 933-8924
1116	1	(804) 755-6229
1117	1	(757) 249-8988
1118	1	(703) 766-1111
1119	1	(434) 293-7213
1120	1	(360) 491-1930
1121	1	(425) 485-7364
1122	1	(425) 493-8470
1123	1	(360) 417-5187
1124	1	(414) 964-3800
1125	1	(608) 255-5293
1126	1	(304) 725-0070
1127	1	(907) 486-2659
1128	1	(256) 831-2240
1129	1	(256) 766-0545
1130	1	(479) 273-3124
1131	1	(501) 847-6094
1132	1	(501) 868-9061
1133	1	(870) 781-3611
1134	1	(480) 756-2500
1135	1	(480) 792-1830
1136	1	(916) 444-9044
1137	1	(310) 641-5524
1138	1	(303) 820-2600
1139	1	(303) 233-1611
1140	1	(203) 324-2583
1141	1	(860) 388-9140
1142	1	(703) 979-3000
1143	1	(302) 378-1175
1144	1	(407) 396-8888
1145	1	(727) 733-7024
1146	1	(770) 623-4128
1147	1	(770) 995-7796
1148	1	(770) 484-1801
1149	1	(808) 742-7534
1150	1	(808) 661-4811
1151	1	(808) 737-5581
1152	1	(712) 243-7085
1153	1	(515) 967-8700
1154	1	(515) 546-4097
1155	1	(641) 424-1132
1156	1	(208) 323-7200
1157	1	(208) 587-9975
1158	1	(208) 344-4271
1159	1	(773) 736-5646
1160	1	(847) 491-1621
1161	1	(618) 465-1050
1162	1	(773) 338-8100
1163	1	(312) 587-0600
1164	1	(847) 562-0064
1165	1	(260) 422-4455
1166	1	(316) 663-5232
1167	1	(502) 451-1801
1168	1	(504) 596-2530
1169	1	(504) 851-6218
1170	1	(985) 702-9005
1171	1	(617) 338-8283
1172	1	(617) 314-7634
1173	1	(410) 563-7600
1174	1	(410) 327-9400
1175	1	(410) 810-1399
1176	1	(207) 442-9636
1177	1	(207) 828-8880
1178	1	(248) 375-5999
1179	1	(734) 995-1786
1180	1	(313) 892-3700
1181	1	(517) 482-3880
1182	1	(612) 427-1960
1183	1	(612) 892-5590
1184	1	(952) 938-6444
1185	1	(314) 524-3000
1186	1	(636) 536-6624
1187	1	(662) 890-5722
1188	1	(406) 549-3304
1189	1	(406) 434-5932
1190	1	(406) 827-3183
1191	1	(308) 773-2232
1192	1	(603) 357-3955
1193	1	(603) 875-6544
1194	1	(609) 688-8916
1195	1	(732) 280-1141
1196	1	(505) 473-5454
1197	1	(505) 338-2424
1198	1	(505) 461-0002
1199	1	(775) 828-4344
1200	1	(212) 280-8099
1201	1	(716) 565-3822
1202	1	(585) 342-3820
1203	1	(631) 549-5506
1204	1	(614) 228-3354
1205	1	(330) 334-7141
1206	1	(440) 967-1717
1207	1	(614) 228-3354
1208	1	(440) 224-2104
1209	1	(918) 252-1475
1210	1	(580) 772-0271
1211	1	(503) 248-2202
1212	1	(541) 342-2075
1213	1	(541) 681-9335
1214	1	(215) 922-3676
1215	1	(717) 236-7120
1216	1	(215) 386-8081
1217	1	(401) 331-8111
1218	1	(401) 941-3333
1219	1	(401) 273-8844
1220	1	(864) 574-3805
1221	1	(843) 815-5555
1222	1	(864) 489-7011
1223	1	(803) 604-8552
1224	1	(605) 945-1533
1225	1	(605) 665-4433
1226	1	(972) 403-0430
1227	1	(724) 375-5410
1228	1	(801) 446-0888
1229	1	(801) 972-8720
1230	1	(802) 796-3571
1231	1	(802) 775-2300
1232	1	(802) 878-5300
1233	1	(703) 522-8999
1234	1	(804) 254-1974
1235	1	(703) 734-1960
1236	1	(757) 246-0080
1237	1	(703) 628-7201
1238	1	(360) 459-3563
1239	1	(435) 392-2511
1240	1	(304) 598-9698
1241	1	(304) 752-5800
1242	1	(304) 874-3232
1243	1	(307) 635-5451
1244	1	(307) 856-2661
1245	1	(907) 450-0555
1246	1	(907) 272-0135
1247	1	(907) 279-9712
1248	1	(205) 879-2225
1249	1	(256) 864-0000
1250	1	(501) 812-6565
1251	1	(479) 484-5090
1252	1	(602) 840-7777
1253	1	(415) 282-5872
1254	1	(310) 399-7979
1255	1	(970) 476-4403
1256	1	(303) 340-8824
1257	1	(303) 753-9458
1258	1	(303) 420-4234
1259	1	(203) 458-8885
1260	1	(202) 342-0091
1261	1	(202) 338-1784
1262	1	(302) 738-9935
1263	1	(813) 964-5700
1264	1	(239) 573-0888
1265	1	(954) 437-0071
1266	1	(561) 582-7666
1267	1	(305) 948-2684
1268	1	(770) 346-9740
1269	1	(770) 614-6871
1270	1	(770) 623-6026
1271	1	(808) 661-9888
1272	1	(808) 826-2761
1273	1	(515) 232-8484
1274	1	(641) 424-1215
1275	1	(208) 331-4045
1276	1	(208) 388-1100
1277	1	(208) 345-6665
1278	1	(208) 323-5917
1279	1	(773) 545-7022
1280	1	(309) 829-5096
1281	1	(765) 743-9899
1282	1	(260) 490-9526
1283	1	(913) 837-3455
1284	1	(504) 378-2840
1285	1	(504) 887-9923
1286	1	(985) 893-9420
1287	1	(508) 627-5187
1288	1	(301) 627-2222
1289	1	(301) 309-8484
1290	1	(207) 780-0800
1291	1	(313) 881-8226
1292	1	(507) 337-6600
1293	1	(320) 634-0360
1294	1	(763) 421-4151
1295	1	(612) 706-1830
1296	1	(314) 576-6606
1297	1	(417) 581-3903
1298	1	(406) 293-8676
1299	1	(406) 723-9008
1300	1	(406) 582-9511
1301	1	(704) 536-1851
1302	1	(218) 773-3036
1303	1	(701) 852-2902
1304	1	(603) 355-6610
1305	1	(603) 888-9588
1306	1	(603) 579-6975
1307	1	(908) 241-0031
1308	1	(732) 834-0025
1309	1	(732) 308-3830
1310	1	(505) 875-0101
1311	1	(505) 872-0861
1312	1	(775) 359-3300
1313	1	(775) 355-1644
1314	1	(775) 825-1113
1315	1	(702) 697-4401
1316	1	(702) 739-1776
1317	1	(212) 794-4950
1318	1	(216) 636-0868
1319	1	(740) 264-6788
1320	1	(918) 806-2828
1321	1	(405) 691-6007
1322	1	(503) 658-6778
1323	1	(503) 223-8200
1324	1	(401) 615-7050
1325	1	(401) 315-5503
1326	1	(401) 828-2772
1327	1	(803) 329-0313
1328	1	(843) 839-4677
1329	1	(605) 463-2215
1330	1	(605) 342-1210
1331	1	(423) 266-7595
1332	1	(423) 899-5539
1333	1	(615) 376-5555
1334	1	(423) 855-4104
1335	1	(423) 266-5874
1336	1	(972) 724-5557
1337	1	(512) 524-4740
1338	1	(512) 326-8301
1339	1	(713) 526-4700
1340	1	(801) 818-2888
1341	1	(801) 942-1751
1342	1	(801) 489-9843
1343	1	(801) 553-1505
1344	1	(802) 748-6772
1345	1	(802) 362-4456
1346	1	(703) 777-9500
1347	1	(206) 789-0516
1348	1	(206) 441-5322
1349	1	(262) 633-7816
1350	1	(608) 268-0372
1351	1	(304) 292-6701
1352	1	(304) 769-0404
1353	1	(304) 254-0791
1354	1	(307) 632-5452
1355	1	(307) 638-8971
1356	1	(256) 830-0536
1357	1	(334) 395-7522
1358	1	(501) 664-6948
1359	1	(479) 750-5200
1360	1	(602) 866-7034
1361	1	(480) 598-5101
1362	1	(623) 873-0313
1363	1	(714) 444-4834
1364	1	(415) 863-3061
1365	1	(323) 856-0036
1366	1	(213) 389-2770
1367	1	(719) 268-1844
1368	1	(860) 240-7222
1369	1	(203) 245-1323
1370	1	(202) 452-6870
1371	1	(302) 777-1800
1372	1	(813) 251-8999
1373	1	(305) 666-4477
1374	1	(912) 356-0344
1375	1	(404) 816-9650
1376	1	(808) 946-8830
1377	1	(563) 355-6661
1378	1	(563) 242-1144
1379	1	(641) 423-5161
1380	1	(208) 319-0485
1381	1	(208) 746-4919
1382	1	(208) 343-5775
1383	1	(208) 882-2050
1384	1	(312) 663-1234
1385	1	(773) 889-3020
1386	1	(219) 769-2412
1387	1	(812) 332-4334
1388	1	(812) 375-1000
1389	1	(785) 843-2441
1390	1	(913) 262-6121
1391	1	(502) 429-8207
1392	1	(859) 426-9792
1393	1	(859) 594-4444
1394	1	(225) 923-3366
1395	1	(617) 338-8884
1396	1	(781) 402-0033
1397	1	(781) 659-0050
1398	1	(617) 973-6680
1399	1	(508) 695-0887
1400	1	(410) 771-4366
1401	1	(207) 783-0336
1402	1	(207) 774-9398
1403	1	(207) 288-2002
1404	1	(248) 851-3900
1405	1	(952) 285-4339
1406	1	(612) 746-4272
1407	1	(952) 432-4787
1408	1	(816) 421-1000
1409	1	(636) 394-0303
1410	1	(601) 899-0099
1411	1	(662) 287-1725
1412	1	(601) 925-8009
1413	1	(601) 924-9222
1414	1	(406) 628-2283
1415	1	(704) 598-8087
1416	1	(701) 277-3511
1417	1	(701) 221-2908
1418	1	(999) 999-9999
1419	1	(402) 346-8001
1420	1	(402) 393-7427
1421	1	(402) 371-6707
1422	1	(402) 289-9610
1423	1	(603) 883-8781
1424	1	(201) 221-2030
1425	1	(702) 433-2788
1426	1	(702) 804-8008
1427	1	(718) 739-7899
1428	1	(918) 333-9555
1429	1	(918) 335-5555
1430	1	(580) 931-9900
1431	1	(503) 295-6464
1432	1	(503) 227-5161
1433	1	(401) 848-5257
1434	1	(401) 943-7649
1435	1	(401) 738-5474
1436	1	(401) 884-1255
1437	1	(803) 548-6244
1438	1	(615) 661-5811
1439	1	(615) 221-4680
1440	1	(423) 892-6669
1441	1	(423) 553-6930
1442	1	(423) 479-6162
1443	1	(817) 424-4333
1444	1	(281) 516-3015
1445	1	(512) 472-8306
1446	1	(801) 355-3954
1447	1	(801) 852-8620
1448	1	(802) 442-7397
1449	1	(802) 223-3188
1450	1	(757) 925-0067
1451	1	(703) 356-9000
1452	1	(804) 253-0900
1453	1	(360) 740-8000
1454	1	(425) 778-2223
1455	1	(509) 783-4140
1456	1	(414) 226-2467
1457	1	(920) 882-6249
1458	1	(262) 821-6249
1459	1	(304) 292-3506
1460	1	(307) 778-6244
1461	1	(307) 637-5400
1462	1	(205) 978-1210
1463	1	(205) 945-6001
1464	1	(479) 478-8985
1465	1	(479) 783-2292
1466	1	(480) 892-1010
1467	1	(480) 456-9464
1468	1	(480) 855-5412
1469	1	(480) 814-9675
1470	1	(707) 265-6400
1471	1	(510) 841-6226
1472	1	(510) 649-7600
1473	1	(719) 278-8712
1474	1	(303) 759-4741
1475	1	(203) 353-3319
1476	1	(203) 453-4759
1477	1	(203) 754-0456
1478	1	(202) 237-1015
1479	1	(703) 548-0440
1480	1	(202) 338-2000
1481	1	(703) 242-4323
1482	1	(813) 886-2882
1483	1	(319) 356-6969
1484	1	(515) 276-5151
1485	1	(260) 459-9600
1486	1	(785) 840-9044
1487	1	(913) 328-1600
1488	1	(913) 239-8424
1489	1	(502) 893-0141
1490	1	(502) 499-6658
1491	1	(502) 254-9299
1492	1	(502) 261-7144
1493	1	(504) 455-1272
1494	1	(225) 757-7177
1495	1	(504) 894-9797
1496	1	(781) 586-8300
1497	1	(508) 820-9494
1498	1	(508) 778-6500
1499	1	(413) 533-2902
1500	1	(508) 228-4200
1501	1	(301) 585-3000
1502	1	(410) 675-0878
1503	1	(410) 244-5501
1504	1	(301) 986-8833
1505	1	(207) 772-0006
1506	1	(207) 784-9499
1507	1	(207) 725-4999
1508	1	(616) 726-6609
1509	1	(734) 414-7660
1510	1	(269) 782-8600
1511	1	(313) 881-5509
1512	1	(314) 961-9110
1513	1	(816) 221-6272
1514	1	(601) 924-7305
1515	1	(828) 466-7770
1516	1	(704) 292-1440
1517	1	(704) 588-4155
1518	1	(701) 232-6430
1519	1	(402) 345-8466
1520	1	(402) 393-0586
1521	1	(603) 891-0880
1522	1	(908) 561-6085
1523	1	(908) 996-6110
1524	1	(908) 735-4455
1525	1	(201) 444-7887
1526	1	(505) 524-0440
1527	1	(505) 524-0003
1528	1	(505) 828-4722
1529	1	(702) 731-6477
1530	1	(775) 851-1771
1531	1	(702) 227-4575
1532	1	(914) 949-0990
1533	1	(212) 929-8544
1534	1	(212) 966-6507
1535	1	(503) 466-2259
1536	1	(503) 291-1616
1537	1	(503) 645-2526
1538	1	(412) 381-6000
1539	1	(843) 448-8081
1540	1	(803) 699-2322
1541	1	(803) 799-3471
1542	1	(605) 362-0947
1543	1	(615) 269-3535
1544	1	(901) 373-4411
1545	1	(931) 473-7769
1546	1	(832) 251-0220
1547	1	(281) 288-0704
1548	1	(713) 937-6559
1549	1	(469) 241-5551
1550	1	(801) 486-6066
1551	1	(802) 862-6324
1552	1	(206) 524-4044
1553	1	(425) 827-2722
1554	1	(414) 223-3200
1555	1	(256) 355-0505
1556	1	(334) 673-1956
1557	1	(251) 943-3181
1558	1	(256) 813-8305
1559	1	(501) 520-5045
1560	1	(479) 936-7660
1561	1	(928) 282-6291
1562	1	(480) 515-2277
1563	1	(520) 327-6200
1564	1	(619) 595-7959
1565	1	(415) 928-1233
1566	1	(202) 783-1475
1567	1	(202) 638-2716
1568	1	(302) 875-7107
1569	1	(302) 477-0870
1570	1	(302) 734-5837
1571	1	(239) 649-8200
1572	1	(407) 447-7404
1573	1	(678) 574-7378
1574	1	(706) 327-2929
1575	1	(808) 326-2555
1576	1	(515) 232-6900
1577	1	(319) 248-1220
1578	1	(515) 224-6440
1579	1	(208) 762-9300
1580	1	(773) 478-2100
1581	1	(847) 696-1234
1582	1	(773) 769-5555
1583	1	(312) 751-1988
1584	1	(312) 443-9534
1585	1	(812) 333-1350
1586	1	(913) 648-0203
1587	1	(913) 782-6858
1588	1	(502) 589-7373
1589	1	(502) 454-4888
1590	1	(337) 494-7336
1591	1	(617) 354-3443
1592	1	(617) 734-0049
1593	1	(301) 654-9496
1594	1	(207) 729-1688
1595	1	(207) 774-3983
1596	1	(734) 697-6201
1597	1	(734) 838-6601
1598	1	(248) 399-6750
1599	1	(313) 862-5030
1600	1	(248) 556-0947
1601	1	(952) 891-4600
1602	1	(507) 387-1190
1603	1	(612) 898-4200
1604	1	(507) 288-8722
1605	1	(816) 407-1384
1606	1	(636) 379-9700
1607	1	(816) 561-2700
1608	1	(314) 522-2020
1609	1	(601) 366-6872
1610	1	(662) 320-6872
1611	1	(406) 327-6900
1612	1	(701) 277-1880
1613	1	(402) 341-7040
1614	1	(402) 333-1744
1615	1	(402) 451-3266
1616	1	(201) 796-0546
1617	1	(908) 272-3888
1618	1	(505) 986-5858
1619	1	(505) 983-8687
1620	1	(505) 522-1370
1621	1	(505) 424-6800
1622	1	(702) 451-7808
1623	1	(716) 884-9580
1624	1	(631) 951-0607
1625	1	(518) 382-8909
1626	1	(212) 684-4244
1627	1	(516) 826-1700
1628	1	(330) 762-6233
1629	1	(330) 273-3245
1630	1	(918) 653-3050
1631	1	(503) 645-0286
1632	1	(503) 228-6161
1633	1	(503) 225-1855
1634	1	(215) 574-9495
1635	1	(610) 328-9360
1636	1	(401) 438-3769
1637	1	(843) 785-3030
1638	1	(843) 388-8935
1639	1	(803) 980-0125
1640	1	(843) 886-4360
1641	1	(605) 362-8887
1642	1	(901) 861-5811
1643	1	(865) 691-5885
1644	1	(423) 877-8966
1645	1	(423) 854-9110
1646	1	(435) 752-6120
1647	1	(801) 523-6148
1648	1	(801) 572-5542
1649	1	(801) 766-0553
1650	1	(801) 377-9555
1651	1	(802) 862-0003
1652	1	(802) 864-5308
1653	1	(804) 233-1781
1654	1	(703) 207-8650
1655	1	(206) 781-3344
1656	1	(206) 262-0326
1657	1	(425) 486-7340
1658	1	(262) 641-2730
1659	1	(414) 964-2850
1660	1	(920) 884-1112
1661	1	(920) 924-7619
1662	1	(262) 942-5596
1663	1	(334) 263-7966
1664	1	(334) 826-7330
1665	1	(205) 324-1007
1666	1	(205) 991-7455
1667	1	(479) 751-7878
1668	1	(480) 949-2610
1669	1	(480) 731-4600
1670	1	(480) 218-4900
1671	1	(916) 442-6770
1672	1	(619) 441-3355
1673	1	(858) 458-9007
1674	1	(970) 622-9313
1675	1	(303) 447-2203
1676	1	(203) 698-9033
1677	1	(203) 740-0834
1678	1	(860) 659-0005
1679	1	(860) 667-8008
1680	1	(202) 332-8300
1681	1	(202) 587-2700
1682	1	(202) 338-2010
1683	1	(202) 293-7760
1684	1	(302) 674-8310
1685	1	(302) 429-7272
1686	1	(407) 293-8226
1687	1	(404) 365-0410
1688	1	(404) 529-8800
1689	1	(808) 536-4204
1690	1	(515) 457-7772
1691	1	(208) 288-2203
1692	1	(312) 828-9977
1693	1	(630) 652-9977
1694	1	(847) 610-8000
1695	1	(312) 664-1650
1696	1	(219) 756-7834
1697	1	(913) 239-8499
1698	1	(785) 331-2700
1699	1	(913) 227-0700
1700	1	(502) 456-6461
1701	1	(270) 737-0250
1702	1	(859) 371-9010
1703	1	(502) 266-7000
1704	1	(504) 523-1661
1705	1	(504) 899-2054
1706	1	(617) 573-0821
1707	1	(617) 202-6783
1708	1	(410) 649-2750
1709	1	(410) 730-5344
1710	1	(301) 209-9080
1711	1	(207) 621-9899
1712	1	(207) 288-4148
1713	1	(517) 372-0887
1714	1	(989) 799-9740
1715	1	(763) 493-9377
1716	1	(636) 532-0215
1717	1	(228) 388-4826
1718	1	(228) 864-1111
1719	1	(406) 375-0600
1720	1	(406) 494-8016
1721	1	(910) 762-4354
1722	1	(704) 875-6789
1723	1	(704) 938-3663
1724	1	(701) 373-8005
1725	1	(402) 390-6021
1726	1	(402) 721-0077
1727	1	(603) 595-7827
1728	1	(505) 622-9300
1729	1	(505) 984-0099
1730	1	(505) 345-5156
1731	1	(775) 424-2121
1732	1	(212) 929-0898
1733	1	(918) 258-7700
1734	1	(405) 378-0116
1735	1	(503) 652-0515
1736	1	(503) 785-0600
1737	1	(503) 547-0459
1738	1	(215) 918-3340
1739	1	(215) 592-1168
1740	1	(215) 464-7544
1741	1	(401) 946-4766
1742	1	(401) 541-9088
1743	1	(401) 324-6800
1744	1	(401) 615-7176
1745	1	(864) 297-0589
1746	1	(864) 226-5300
1747	1	(803) 787-1838
1748	1	(803) 787-5005
1749	1	(605) 697-7000
1750	1	(605) 225-4880
1751	1	(423) 242-0045
1752	1	(423) 472-5444
1753	1	(615) 514-4990
1754	1	(931) 572-9911
1755	1	(423) 643-1240
1756	1	(713) 784-8110
1757	1	(713) 785-8800
1758	1	(713) 529-2420
1759	1	(972) 818-3336
1760	1	(210) 507-6500
1761	1	(435) 259-6869
1762	1	(435) 575-0244
1763	1	(802) 257-5311
1764	1	(703) 917-0200
1765	1	(253) 627-3535
1766	1	(253) 529-8667
1767	1	(206) 726-1717
1768	1	(414) 321-4321
1769	1	(414) 482-0080
1770	1	(608) 831-2488
1771	1	(608) 257-3832
1772	1	(414) 774-9656
1773	1	(920) 884-6300
1774	1	(304) 255-5253
1775	1	(304) 598-3901
1776	1	(304) 746-4090
1777	1	(304) 728-3000
1778	1	(304) 872-0166
1779	1	(307) 234-8326
1780	1	(256) 489-1367
1781	1	(256) 237-2858
1782	1	(251) 971-2600
1783	1	(256) 582-1252
1784	1	(480) 437-1080
1785	1	(213) 572-0344
1786	1	(209) 952-0192
1787	1	(323) 658-5959
1788	1	(303) 442-4880
1789	1	(970) 879-7610
1790	1	(203) 964-1801
1791	1	(860) 582-7007
1792	1	(305) 254-6688
1793	1	(770) 387-4484
1794	1	(563) 355-8000
1795	1	(319) 266-6856
1796	1	(708) 795-7777
1797	1	(618) 344-3757
1798	1	(815) 787-9494
1799	1	(773) 248-7426
1800	1	(812) 339-1122
1801	1	(765) 626-0218
1802	1	(765) 807-0338
1803	1	(317) 839-9350
1804	1	(785) 842-6560
1805	1	(785) 820-9868
1806	1	(270) 982-5111
1807	1	(502) 223-3345
1808	1	(502) 228-6424
1809	1	(318) 442-1654
1810	1	(318) 425-7827
1811	1	(985) 785-4434
1812	1	(504) 340-0887
1813	1	(617) 988-8006
1814	1	(410) 252-4424
1815	1	(410) 273-8888
1816	1	(410) 838-1492
1817	1	(248) 544-7849
1818	1	(810) 225-2226
1819	1	(952) 448-9310
1820	1	(763) 421-2003
1821	1	(636) 230-7231
1822	1	(636) 464-6200
1823	1	(816) 331-6670
1824	1	(314) 291-7849
1825	1	(601) 898-2223
1826	1	(406) 755-8150
1827	1	(406) 556-7240
1828	1	(919) 362-8737
1829	1	(919) 929-8998
1830	1	(704) 979-5823
1831	1	(701) 478-4545
1832	1	(701) 738-8222
1833	1	(701) 839-0114
1834	1	(701) 232-2111
1835	1	(402) 466-3660
1836	1	(402) 721-6667
1837	1	(402) 461-3800
1838	1	(308) 534-1771
1839	1	(603) 964-1114
1840	1	(603) 430-8500
1841	1	(908) 301-0050
1842	1	(973) 259-9000
1843	1	(732) 840-3722
1844	1	(505) 891-8408
1845	1	(775) 831-3331
1846	1	(518) 869-0539
1847	1	(718) 271-2227
1848	1	(513) 984-2629
1849	1	(513) 770-0310
1850	1	(541) 757-2800
1851	1	(541) 926-9377
1852	1	(412) 621-2003
1853	1	(610) 664-2906
1854	1	(610) 543-4104
1855	1	(401) 738-1919
1856	1	(843) 745-9745
1857	1	(803) 548-3670
1858	1	(864) 848-0080
1859	1	(843) 785-7866
1860	1	(605) 341-9900
1861	1	(605) 673-6300
1862	1	(615) 731-6167
1863	1	(817) 375-2075
1864	1	(972) 519-9198
1865	1	(801) 253-2424
1866	1	(801) 489-1102
1867	1	(802) 872-0101
1868	1	(276) 591-5750
1869	1	(425) 513-8340
1870	1	(360) 330-5100
1871	1	(262) 432-3501
1872	1	(920) 965-0602
1873	1	(304) 225-3780
1874	1	(307) 733-0201
1875	1	(307) 362-6485
1876	1	(205) 734-0390
1877	1	(205) 353-7620
1878	1	(205) 547-5773
1879	1	(479) 452-9243
1880	1	(479) 521-3524
1881	1	(501) 778-9600
1882	1	(602) 938-5300
1883	1	(310) 514-0900
1884	1	(303) 651-2500
1885	1	(303) 467-6810
1886	1	(719) 593-1955
1887	1	(303) 442-9368
1888	1	(970) 330-8822
1889	1	(860) 722-5161
1890	1	(203) 777-0400
1891	1	(203) 869-6200
1892	1	(202) 332-3200
1893	1	(202) 637-1222
1894	1	(302) 652-8821
1895	1	(302) 479-5582
1896	1	(808) 676-7697
1897	1	(808) 440-7910
1898	1	(808) 874-8880
1899	1	(712) 266-8505
1900	1	(515) 267-8900
1901	1	(208) 888-0314
1902	1	(208) 287-9200
1903	1	(773) 878-9400
1904	1	(847) 619-1900
1905	1	(812) 323-9005
1906	1	(219) 736-7337
1907	1	(812) 330-9801
1908	1	(913) 438-7676
1909	1	(913) 469-0466
1910	1	(316) 773-7777
1911	1	(913) 390-1400
1912	1	(785) 271-5400
1913	1	(502) 899-5575
1914	1	(225) 766-2113
1915	1	(504) 522-5226
1916	1	(781) 272-7555
1917	1	(617) 497-0209
1918	1	(410) 529-4005
1919	1	(207) 774-6044
1920	1	(207) 773-9873
1921	1	(207) 753-0518
1922	1	(810) 249-3244
1923	1	(612) 870-7084
1924	1	(218) 759-2015
1925	1	(952) 431-7777
1926	1	(952) 844-0084
1927	1	(636) 947-1593
1928	1	(314) 296-1263
1929	1	(314) 947-8585
1930	1	(816) 792-4844
1931	1	(601) 420-3525
1932	1	(601) 420-9353
1933	1	(406) 295-5028
1934	1	(406) 442-7482
1935	1	(406) 826-5587
1936	1	(919) 467-4075
1937	1	(828) 464-7225
1938	1	(919) 577-6670
1939	1	(701) 873-4400
1940	1	(402) 467-4947
1941	1	(402) 466-6966
1942	1	(402) 420-5577
1943	1	(603) 882-0099
1944	1	(201) 786-3638
1945	1	(732) 840-1555
1946	1	(856) 239-2611
1947	1	(505) 526-4411
1948	1	(505) 955-0765
1949	1	(505) 884-7422
1950	1	(775) 331-4200
1951	1	(775) 852-0555
1952	1	(702) 891-8580
1953	1	(775) 825-7246
1954	1	(212) 755-2390
1955	1	(516) 378-7177
1956	1	(718) 788-1137
1957	1	(419) 433-7575
1958	1	(614) 298-8713
1959	1	(614) 261-0011
1960	1	(419) 352-6168
1961	1	(937) 497-0706
1962	1	(419) 874-1212
1963	1	(405) 321-0440
1964	1	(918) 283-4600
1965	1	(215) 568-9565
1966	1	(724) 748-3193
1967	1	(401) 276-7574
1968	1	(401) 847-3800
1969	1	(401) 724-7428
1970	1	(401) 254-9732
1971	1	(843) 449-8877
1972	1	(843) 272-1051
1973	1	(803) 986-9125
1974	1	(843) 686-3388
1975	1	(803) 462-1755
1976	1	(615) 268-1069
1977	1	(281) 644-6200
1978	1	(801) 366-4000
1979	1	(801) 561-4545
1980	1	(435) 259-2002
1981	1	(801) 322-1489
1982	1	(801) 724-3500
1983	1	(802) 254-3462
1984	1	(703) 684-6010
1985	1	(434) 973-5940
1986	1	(703) 660-5905
1987	1	(206) 323-6636
1988	1	(206) 789-3770
1989	1	(920) 733-8750
1990	1	(920) 499-9260
1991	1	(608) 258-8787
1992	1	(414) 461-1250
1993	1	(304) 284-9850
1994	1	(304) 296-1700
1995	1	(304) 260-0359
1996	1	(307) 382-7076
1997	1	(307) 568-2246
1998	1	(907) 274-3502
1999	1	(907) 586-4146
