restaurant	urbanspoon	phone
2000	1994	1994	1983
0000	1	(505) 266-0550
0001	1	(505) 255-5454
0002	1	(505) 246-9900
0003	1	(505) 243-1019
0004	1	(505) 271-5009
0005	1	(505) 896-3126
0006	1	(505) 232-3200
0007	1	(505) 792-4720
0008	1	(505) 247-4141
0009	1	(505) 255-4248
0010	1	(505) 254-7644
0011	1	(505) 243-2739
0012	1	(505) 797-8000
0013	1	(505) 898-2370
0014	1	(505) 837-2467
0015	1	(505) 255-5079
0016	1	(505) 262-2253
0017	1	(505) 255-6633
0018	1	(505) 294-5767
0019	1	(505) 843-6358
0020	1	(505) 892-6119
0021	1	(907) 929-3680
0022	1	(907) 357-8774
0023	1	(907) 644-8953
0024	1	(907) 677-7777
0025	1	(907) 865-9198
0026	1	(907) 338-6109
0027	1	(907) 622-4745
0028	1	(907) 562-1344
0029	1	(907) 694-5487
0030	1	(907) 561-2373
0031	1	(907) 569-0001
0032	1	(907) 644-4433
0033	1	(907) 694-8600
0034	1	(907) 279-3354
0035	1	(907) 349-4142
0036	1	(907) 569-1515
0037	1	(678) 513-2700
0038	1	(678) 205-5862
0039	1	(770) 499-7444
0040	1	(404) 252-5378
0041	1	(770) 346-0366
0042	1	(678) 556-0011
0043	1	(404) 377-4407
0044	1	(678) 240-0023
0045	1	(404) 607-1525
0046	1	(404) 929-6700
0047	1	(404) 873-7358
0048	1	(404) 525-3363
0049	1	(404) 586-0772
0050	1	(404) 633-2080
0051	1	(404) 365-0410
0052	1	(404) 879-9962
0053	1	(404) 892-7789
0054	1	(770) 410-9883
0055	1	(404) 880-9559
0056	1	(404) 876-1380
0057	1	(512) 472-0693
0058	1	(512) 474-9991
0059	1	(512) 476-5858
0060	1	(512) 447-7688
0061	1	(512) 458-6895
0062	1	(512) 441-5446
0063	1	(512) 494-1500
0064	1	(512) 480-8341
0065	1	(512) 451-3994
0066	1	(512) 339-7677
0067	1	(512) 444-0261
0068	1	(512) 821-9472
0069	1	(512) 282-2586
0070	1	(512) 482-8868
0071	1	(512) 478-4855
0072	1	(512) 392-5158
0073	1	(410) 655-6565
0074	1	(410) 444-1497
0075	1	(410) 528-0818
0076	1	(410) 588-5975
0077	1	(410) 385-8587
0078	1	(410) 727-6077
0079	1	(410) 544-1416
0080	1	(410) 321-8855
0081	1	(410) 750-1880
0082	1	(410) 522-2929
0083	1	(410) 366-9393
0084	1	(410) 761-1231
0085	1	(410) 732-6399
0086	1	(410) 825-0907
0087	1	(410) 675-0212
0088	1	(410) 356-0363
0089	1	(410) 551-9318
0090	1	(410) 659-0099
0091	1	(410) 545-0444
0092	1	(410) 276-2044
0093	1	(225) 296-4981
0094	1	(225) 216-9044
0095	1	(225) 387-3679
0096	1	(225) 381-9922
0097	1	(225) 383-7427
0098	1	(225) 927-7156
0099	1	(225) 926-3003
0100	1	(225) 751-4555
0101	1	(225) 344-5346
0102	1	(225) 766-4300
0103	1	(225) 291-8100
0104	1	(225) 346-1230
0105	1	(225) 368-1630
0106	1	(225) 664-1188
0107	1	(205) 970-7778
0108	1	(205) 987-8240
0109	1	(205) 563-6736
0110	1	(205) 879-9177
0111	1	(205) 408-3880
0112	1	(205) 968-6622
0113	1	(205) 871-4531
0114	1	(205) 591-3707
0115	1	(205) 823-7206
0116	1	(205) 879-1937
0117	1	(205) 322-1282
0118	1	(205) 202-5612
0119	1	(205) 912-7037
0120	1	(205) 951-3168
0121	1	(205) 731-6497
0122	1	(617) 628-2200
0123	1	(617) 975-0075
0124	1	(617) 742-3474
0125	1	(617) 567-9871
0126	1	(617) 536-5723
0127	1	(617) 661-0505
0128	1	(617) 471-4363
0129	1	(978) 486-3891
0130	1	(617) 423-2700
0131	1	(617) 426-4338
0132	1	(781) 233-5308
0133	1	(781) 643-0943
0134	1	(781) 233-0077
0135	1	(617) 864-2929
0136	1	(617) 864-8534
0137	1	(617) 542-3456
0138	1	(617) 661-1513
0139	1	(617) 723-9600
0140	1	(617) 227-1991
0141	1	(716) 636-1803
0142	1	(716) 822-4292
0143	1	(716) 283-4274
0144	1	(716) 446-9206
0145	1	(716) 285-9463
0146	1	(716) 565-3822
0147	1	(716) 832-5360
0148	1	(716) 886-1449
0149	1	(716) 685-6599
0150	1	(716) 648-0320
0151	1	(716) 636-4554
0152	1	(716) 873-0757
0153	1	(716) 833-7756
0154	1	(716) 674-8586
0155	1	(716) 649-1837
0156	1	(716) 648-3354
0157	1	(716) 886-3839
0158	1	(716) 694-0787
0159	1	(843) 724-3490
0160	1	(843) 722-7224
0161	1	(843) 724-3815
0162	1	(843) 554-2522
0163	1	(843) 588-9669
0164	1	(843) 722-2633
0165	1	(843) 406-2978
0166	1	(843) 856-5055
0167	1	(843) 277-2353
0168	1	(843) 225-1796
0169	1	(843) 224-7400
0170	1	(843) 737-4177
0171	1	(843) 723-6000
0172	1	(843) 722-4220
0173	1	(843) 853-6337
0174	1	(843) 853-5955
0175	1	(843) 225-7427
0176	1	(843) 853-8600
0177	1	(843) 722-7437
0178	1	(843) 284-8229
0179	1	(843) 588-6658
0180	1	(843) 853-7186
0181	1	(704) 376-1781
0182	1	(704) 343-0148
0183	1	(704) 601-4141
0184	1	(704) 335-8228
0185	1	(704) 540-7047
0186	1	(704) 910-6543
0187	1	(704) 295-4440
0188	1	(704) 896-2928
0189	1	(704) 821-0668
0190	1	(704) 347-2626
0191	1	(704) 541-1788
0192	1	(704) 849-0028
0193	1	(773) 772-4422
0194	1	(312) 573-1510
0195	1	(773) 235-5775
0196	1	(708) 452-7634
0197	1	(773) 489-9554
0198	1	(773) 489-1747
0199	1	(847) 884-9020
0200	1	(312) 698-5000
0201	1	(312) 822-9600
0202	1	(312) 644-3524
0203	1	(630) 305-3355
0204	1	(773) 271-7725
0205	1	(312) 715-0708
0206	1	(630) 983-3000
0207	1	(312) 733-3393
0208	1	(312) 867-0110
0209	1	(312) 266-4222
0210	1	(773) 868-1857
0211	1	(773) 955-0229
0212	1	(312) 733-9555
0213	1	(847) 328-5525
0214	1	(773) 583-0500
0215	1	(708) 371-9005
0216	1	(312) 255-0088
0217	1	(312) 421-1517
0218	1	(513) 533-4222
0219	1	(513) 871-5543
0220	1	(513) 665-9800
0221	1	(859) 261-4900
0222	1	(513) 232-2400
0223	1	(513) 281-1732
0224	1	(513) 731-7755
0225	1	(859) 331-0666
0226	1	(513) 351-1999
0227	1	(513) 542-2022
0228	1	(859) 291-7454
0229	1	(513) 321-2816
0230	1	(513) 531-5196
0231	1	(513) 421-6234
0232	1	(859) 292-8750
0233	1	(513) 471-2100
0234	1	(513) 755-0600
0235	1	(513) 831-3644
0236	1	(859) 261-2233
0237	1	(513) 777-5061
0238	1	(513) 721-8483
0239	1	(859) 261-6792
0240	1	(513) 549-5246
0241	1	(216) 226-3699
0242	1	(216) 771-5652
0243	1	(330) 928-3333
0244	1	(216) 521-4005
0245	1	(440) 871-7742
0246	1	(216) 320-9923
0247	1	(330) 475-1600
0248	1	(216) 692-1068
0249	1	(216) 292-5567
0250	1	(216) 321-7355
0251	1	(216) 221-0676
0252	1	(216) 642-0301
0253	1	(330) 764-9888
0254	1	(216) 241-8382
0255	1	(440) 942-6611
0256	1	(216) 712-6599
0257	1	(330) 535-0110
0258	1	(440) 899-1899
0259	1	(440) 248-2444
0260	1	(330) 252-0272
0261	1	(216) 464-5432
0262	1	(216) 767-1111
0263	1	(440) 331-0330
0264	1	(614) 443-1570
0265	1	(614) 228-9960
0266	1	(614) 444-6808
0267	1	(614) 451-5411
0268	1	(614) 228-4343
0269	1	(614) 436-5550
0270	1	(614) 488-8886
0271	1	(614) 457-4733
0272	1	(740) 967-2462
0273	1	(614) 488-3633
0274	1	(614) 538-8890
0275	1	(614) 478-9999
0276	1	(614) 538-8701
0277	0	<NULL>
0278	1	(614) 485-0016
0279	1	(614) 265-9020
0280	1	(614) 444-3279
0281	1	(614) 792-3738
0282	1	(614) 235-4300
0283	1	(614) 486-2800
0284	1	(614) 298-1014
0285	1	(614) 416-0463
0286	1	(614) 621-3287
0287	1	(614) 726-4190
0288	1	(614) 856-3333
0289	1	(614) 459-6575
0290	1	(614) 476-3663
0291	1	(214) 387-9500
0292	1	(817) 656-0080
0293	1	(817) 626-4356
0294	1	(817) 882-9500
0295	1	(817) 491-2900
0296	1	(817) 427-8397
0297	1	(972) 722-8461
0298	1	(817) 924-8646
0299	1	(214) 503-0388
0300	1	(817) 738-9808
0301	1	(214) 526-1020
0302	1	(817) 336-1009
0303	1	(972) 781-0776
0304	1	(817) 275-7003
0305	1	(817) 261-1636
0306	1	(214) 520-3113
0307	1	(817) 332-0357
0308	1	(214) 705-7400
0309	1	(817) 332-0250
0310	1	(303) 296-1970
0311	1	(303) 442-4743
0312	1	(303) 794-1115
0313	1	(303) 998-1010
0314	1	(303) 736-6200
0315	1	(303) 442-6966
0316	1	(303) 702-0881
0317	1	(303) 561-0234
0318	1	(303) 388-8035
0319	1	(303) 794-5666
0320	1	(303) 457-9977
0321	1	(303) 333-4688
0322	1	(303) 820-2282
0323	1	(303) 220-0577
0324	1	(303) 759-0333
0325	1	(303) 321-3139
0326	1	(303) 544-5973
0327	1	(303) 322-9554
0328	1	(303) 858-8588
0329	1	(303) 282-6258
0330	1	(303) 777-8828
0331	1	(720) 570-8800
0332	1	(303) 296-7000
0333	1	(303) 935-8888
0334	1	(303) 666-7544
0335	1	(303) 623-9518
0336	1	(303) 442-1700
0337	1	(303) 777-6443
0338	1	(515) 255-4111
0339	1	(515) 223-5106
0340	1	(515) 232-4263
0341	1	(515) 243-1115
0342	1	(515) 292-5258
0343	1	(515) 288-0268
0344	1	(515) 331-3030
0345	1	(515) 280-3771
0346	1	(515) 255-0638
0347	1	(515) 262-4658
0348	1	(515) 276-1040
0349	1	(515) 223-0123
0350	1	(515) 254-9999
0351	1	(515) 292-0123
0352	1	(515) 222-9797
0353	1	(515) 422-5109
0354	1	(515) 270-6818
0355	1	(515) 287-4288
0356	1	(515) 256-8800
0357	1	(515) 779-6066
0358	1	(515) 276-3887
0359	1	(515) 964-1029
0360	1	(515) 255-3725
0361	1	(515) 987-3111
0362	1	(734) 663-4590
0363	1	(248) 544-4749
0364	1	(248) 652-9862
0365	1	(313) 962-8800
0366	1	(734) 213-1393
0367	1	(248) 548-0680
0368	1	(248) 642-2355
0369	1	(248) 544-7300
0370	1	(248) 547-1711
0371	1	(734) 222-0711
0372	1	(248) 816-8379
0373	1	(734) 995-5060
0374	1	(248) 544-6255
0375	1	(734) 761-6650
0376	1	(248) 427-9910
0377	1	(734) 222-4095
0378	1	(248) 205-1060
0379	1	(734) 416-0100
0380	1	(559) 294-9920
0381	1	(559) 299-4141
0382	1	(559) 298-4425
0383	1	(559) 582-0481
0384	1	(559) 261-4227
0385	1	(800) 786-1000
0386	1	(559) 434-4403
0387	1	(559) 433-4840
0388	1	(559) 570-1900
0389	1	(559) 449-0166
0390	1	(559) 434-8126
0391	1	(559) 897-5585
0392	1	(559) 325-3460
0393	1	(559) 448-9444
0394	1	(559) 445-1536
0395	1	(559) 434-6440
0396	1	(559) 325-8974
0397	1	(559) 228-8073
0398	1	(559) 322-1605
0399	1	(920) 497-1111
0400	1	(920) 739-6057
0401	1	(920) 884-8484
0402	1	(920) 358-1616
0403	1	(920) 730-9595
0404	1	(920) 739-1122
0405	1	(920) 430-3200
0406	1	(920) 983-7492
0407	1	(920) 405-1951
0408	1	(920) 866-2585
0409	1	(920) 432-1036
0410	1	(920) 490-1170
0411	1	(920) 729-1970
0412	1	(920) 336-5929
0413	1	(920) 729-1011
0414	1	(920) 499-2000
0415	1	(920) 954-8888
0416	1	(920) 494-9999
0417	1	(860) 346-6101
0418	1	(203) 777-9760
0419	1	(860) 633-0041
0420	1	(860) 651-1492
0421	1	(860) 741-7003
0422	1	(203) 865-1933
0423	1	(203) 230-8875
0424	1	(203) 574-2489
0425	1	(860) 645-1864
0426	1	(413) 734-7400
0427	1	(860) 561-4888
0428	1	(860) 423-6777
0429	1	(413) 271-1084
0430	1	(203) 281-7429
0431	1	(860) 233-1625
0432	1	(860) 229-8237
0433	1	(860) 231-7166
0434	1	(808) 661-4811
0435	1	(808) 262-0820
0436	1	(808) 246-9599
0437	1	(808) 955-1764
0438	1	(808) 293-1839
0439	1	(808) 545-2822
0440	1	(808) 669-6286
0441	1	(808) 742-1424
0442	1	(808) 735-5900
0443	1	(808) 261-8724
0444	1	(808) 455-5888
0445	1	(808) 637-6067
0446	1	(808) 637-4827
0447	1	(808) 949-8984
0448	1	(808) 737-2275
0449	1	(808) 735-9411
0450	1	(808) 394-5662
0451	1	(808) 737-0177
0452	1	(808) 637-4852
0453	1	(808) 935-2273
0454	1	(808) 922-5555
0455	1	(808) 661-4495
0456	1	(808) 923-3447
0457	1	(808) 599-3860
0458	1	(808) 262-2383
0459	1	(808) 922-3323
0460	1	(808) 951-3420
0461	1	(808) 495-0066
0462	1	(808) 235-5772
0463	1	(808) 951-4444
0464	1	(713) 622-4224
0465	1	(281) 362-1678
0466	1	(281) 395-8899
0467	1	(713) 863-7500
0468	1	(713) 520-6662
0469	1	(713) 520-8222
0470	1	(281) 486-7144
0471	1	(713) 661-1622
0472	1	(713) 780-7352
0473	1	(409) 762-9625
0474	1	(713) 523-4753
0475	1	(281) 203-6350
0476	1	(713) 723-5879
0477	1	(409) 762-3696
0478	1	(713) 524-0004
0479	1	(832) 237-3015
0480	1	(317) 636-7662
0481	1	(317) 259-9412
0482	1	(317) 578-9933
0483	1	(317) 571-0808
0484	1	(317) 955-2389
0485	1	(317) 846-2400
0486	1	(317) 257-1364
0487	1	(317) 638-8272
0488	1	(317) 824-1231
0489	1	(317) 722-1008
0490	1	(317) 356-0996
0491	1	(317) 259-0765
0492	1	(317) 706-8888
0493	1	(317) 849-8254
0494	1	(317) 974-1770
0495	1	(904) 388-9551
0496	1	(904) 261-0008
0497	1	(904) 285-3200
0498	1	(904) 425-3380
0499	1	(904) 821-9817
0500	1	(904) 223-0991
0501	1	(904) 291-9388
0502	1	(904) 683-3773
0503	1	(904) 246-4911
0504	1	(904) 223-1534
0505	1	(904) 646-1881
0506	1	(904) 997-6110
0507	1	(904) 241-5600
0508	1	(904) 998-9511
0509	1	(904) 388-4884
0510	1	(904) 741-8722
0511	1	(904) 387-6213
0512	1	(904) 646-9506
0513	1	(904) 564-9900
0514	1	(904) 645-0859
0515	1	(816) 561-5003
0516	1	(816) 472-7427
0517	1	(913) 642-8070
0518	1	(913) 397-0241
0519	1	(816) 474-6060
0520	1	(913) 381-4218
0521	1	(913) 381-4500
0522	1	(816) 421-2807
0523	1	(816) 931-7775
0524	1	(913) 888-8878
0525	1	(816) 421-3357
0526	1	(816) 753-8424
0527	1	(816) 561-1101
0528	1	(816) 741-6027
0529	1	(913) 825-2747
0530	1	(913) 254-7283
0531	1	(913) 962-9900
0532	1	(816) 595-0050
0533	1	(816) 941-6600
0534	1	(816) 436-4880
0535	1	(816) 363-0678
0536	1	(865) 637-4067
0537	1	(865) 633-8539
0538	1	(865) 429-3463
0539	1	(865) 588-9218
0540	1	(865) 673-3444
0541	1	(865) 671-2233
0542	1	(865) 671-0026
0543	1	(865) 588-1828
0544	1	(865) 981-1080
0545	1	(865) 671-2980
0546	1	(865) 966-7848
0547	1	(865) 357-4449
0548	1	(865) 922-2150
0549	1	(865) 688-0306
0550	1	(865) 671-3679
0551	1	(865) 777-9464
0552	1	(865) 524-4388
0553	1	(865) 525-2105
0554	1	(865) 430-4090
0555	1	(865) 579-0889
0556	1	(865) 690-5447
0557	1	(865) 675-8800
0558	1	(865) 436-4100
0559	1	(865) 693-3903
0560	1	(865) 673-3399
0561	1	(865) 481-0300
0562	1	(702) 369-3971
0563	1	(877) 346-4642
0564	1	(702) 853-2300
0565	1	(702) 614-0080
0566	1	(702) 990-4055
0567	1	(702) 891-7318
0568	1	(702) 735-6828
0569	1	(702) 792-9222
0570	1	(702) 586-0430
0571	1	(702) 770-3463
0572	1	(702) 568-1220
0573	1	(702) 255-3444
0574	1	(877) 234-6358
0575	1	(702) 657-9400
0576	1	(702) 733-3302
0577	1	(702) 367-3151
0578	1	(702) 368-3447
0579	1	(702) 836-0955
0580	1	(702) 614-4805
0581	1	(702) 835-8900
0582	1	(702) 791-7111
0583	1	(702) 202-2448
0584	1	(702) 304-0044
0585	1	(859) 259-2708
0586	1	(859) 264-8874
0587	1	(859) 233-3474
0588	1	(859) 271-1165
0589	1	(859) 253-2007
0590	1	(859) 260-1471
0591	1	(859) 254-1969
0592	1	(859) 269-5417
0593	1	(859) 623-8582
0594	1	(859) 272-0020
0595	1	(859) 224-0001
0596	1	(859) 269-0404
0597	1	(859) 846-5161
0598	1	(859) 269-6440
0599	1	(859) 623-9217
0600	1	(859) 219-1626
0601	1	(626) 577-6001
0602	1	(310) 475-3585
0603	1	(323) 644-0100
0604	1	(323) 256-9617
0605	1	(818) 708-3344
0606	1	(562) 986-7546
0607	1	(626) 282-6533
0608	1	(323) 666-6116
0609	1	(626) 574-7068
0610	1	(310) 396-7334
0611	1	(626) 792-2999
0612	1	(310) 442-7188
0613	1	(323) 662-5337
0614	1	(310) 314-7040
0615	0	<NULL>
0616	1	(818) 843-9334
0617	1	(323) 665-7842
0618	1	(502) 409-7004
0619	1	(502) 473-8765
0620	1	(502) 899-9670
0621	1	(502) 584-0102
0622	1	(502) 454-2711
0623	1	(502) 365-1651
0624	1	(502) 561-8535
0625	1	(502) 584-7800
0626	1	(502) 456-6461
0627	1	(502) 580-1350
0628	1	(502) 935-5540
0629	1	(502) 583-6882
0630	1	(502) 895-3223
0631	1	(502) 365-1788
0632	1	(502) 899-9800
0633	1	(502) 894-8775
0634	1	(502) 231-1411
0635	1	(901) 523-2746
0636	1	(901) 527-4877
0637	1	(901) 726-4372
0638	1	(662) 349-9182
0639	1	(901) 347-3569
0640	1	(901) 685-9744
0641	1	(901) 753-2220
0642	1	(901) 861-4309
0643	1	(901) 526-3637
0644	1	(901) 272-3466
0645	1	(901) 522-8228
0646	1	(901) 458-9264
0647	1	(901) 278-0034
0648	1	(901) 385-8744
0649	1	(901) 767-0305
0650	1	(901) 854-3399
0651	1	(901) 756-6166
0652	1	(901) 754-3885
0653	1	(901) 767-6872
0654	1	(305) 573-9961
0655	1	(305) 238-2131
0656	1	(954) 923-4445
0657	1	(305) 447-8144
0658	1	(305) 532-4700
0659	1	(305) 270-4990
0660	1	(954) 327-1880
0661	1	(305) 444-0244
0662	1	(305) 532-8112
0663	1	(561) 330-3232
0664	1	(954) 476-1099
0665	1	(954) 752-1850
0666	1	(954) 776-7893
0667	1	(305) 388-3787
0668	1	(305) 408-5554
0669	1	(954) 467-5114
0670	1	(305) 673-5337
0671	1	(414) 755-0378
0672	1	(414) 273-7677
0673	1	(414) 489-7437
0674	1	(414) 763-0438
0675	1	(414) 294-5858
0676	1	(414) 271-5278
0677	1	(414) 289-8776
0678	1	(414) 571-9889
0679	1	(414) 607-1029
0680	1	(414) 727-6161
0681	1	(414) 481-7530
0682	1	(262) 446-3300
0683	1	(414) 431-5557
0684	1	(262) 681-1715
0685	1	(262) 242-5917
0686	1	(414) 978-1000
0687	1	(414) 281-5580
0688	1	(612) 722-7072
0689	1	(651) 698-4347
0690	1	(612) 825-1572
0691	1	(651) 493-1865
0692	1	(651) 224-5687
0693	1	(952) 920-6881
0694	1	(651) 696-1066
0695	1	(651) 227-1437
0696	1	(612) 827-8948
0697	1	(612) 375-9942
0698	1	(612) 333-8430
0699	1	(612) 333-2277
0700	1	(612) 746-4537
0701	1	(952) 698-2000
0702	1	(763) 416-2225
0703	1	(952) 358-6100
0704	1	(612) 929-0006
0705	1	(612) 822-2040
0706	1	(612) 824-1378
0707	1	(763) 323-3167
0708	1	(612) 333-9953
0709	1	(952) 927-7933
0710	1	(612) 788-0455
0711	1	(612) 904-1000
0712	1	(651) 793-6247
0713	1	(612) 339-6399
0714	1	(615) 370-1493
0715	1	(615) 376-8151
0716	1	(615) 321-2626
0717	1	(615) 646-9166
0718	1	(615) 867-1119
0719	1	(615) 320-5149
0720	1	(615) 646-8172
0721	1	(615) 255-8122
0722	1	(615) 383-2848
0723	1	(615) 736-5838
0724	1	(504) 523-0120
0725	1	(504) 888-9254
0726	1	(504) 486-9950
0727	1	(504) 528-9393
0728	1	(504) 523-5433
0729	1	(504) 831-1030
0730	1	(504) 581-4422
0731	1	(504) 779-7253
0732	1	(504) 833-2722
0733	1	(504) 522-7261
0734	1	(504) 523-1661
0735	1	(504) 522-6746
0736	1	(504) 889-2301
0737	1	(504) 309-5531
0738	1	(212) 889-6600
0739	1	(212) 929-4844
0740	1	(718) 858-4300
0741	1	(212) 838-3531
0742	1	(212) 674-1234
0743	1	(212) 242-9502
0744	1	(212) 391-7560
0745	1	(212) 358-7912
0746	1	(212) 665-3000
0747	1	(212) 888-2288
0748	1	(212) 777-7773
0749	1	(212) 977-7700
0750	1	(718) 636-8888
0751	1	(718) 442-9401
0752	1	(212) 982-5089
0753	1	(212) 388-0030
0754	1	(718) 486-7717
0755	1	(212) 477-2804
0756	1	(718) 545-8666
0757	1	(212) 439-1847
0758	1	(718) 230-3805
0759	1	(212) 627-7168
0760	1	(212) 362-2200
0761	1	(212) 823-9335
0762	1	(212) 873-5025
0763	1	(212) 243-1680
0764	1	(757) 627-1318
0765	1	(757) 627-4262
0766	1	(757) 623-2933
0767	1	(757) 474-4446
0768	1	(757) 689-2533
0769	1	(757) 622-6986
0770	1	(757) 962-3630
0771	1	(757) 565-2955
0772	1	(757) 499-0049
0773	1	(757) 625-3000
0774	1	(757) 595-8410
0775	1	(757) 460-0715
0776	1	(757) 440-3777
0777	1	(757) 460-5327
0778	1	(757) 422-6464
0779	1	(757) 539-6111
0780	1	(757) 624-9111
0781	1	(757) 428-4858
0782	1	(757) 687-7844
0783	1	(757) 227-5868
0784	1	(757) 728-9788
0785	1	(757) 833-6652
0786	1	(757) 963-1200
0787	1	(757) 495-7427
0788	1	(609) 921-7723
0789	1	(609) 924-2368
0790	1	(201) 659-8197
0791	1	(973) 744-3232
0792	1	(609) 921-1211
0793	1	(973) 746-1100
0794	1	(732) 774-6010
0795	1	(732) 246-2177
0796	1	(201) 488-5667
0797	1	(908) 753-5252
0798	1	(609) 252-0663
0799	1	(201) 683-3273
0800	1	(973) 589-4344
0801	1	(609) 921-8041
0802	1	(908) 233-7772
0803	1	(201) 795-2750
0804	1	(609) 393-2952
0805	1	(973) 377-0066
0806	1	(732) 530-1203
0807	1	(201) 798-8827
0808	1	(908) 547-6045
0809	1	(201) 798-0101
0810	1	(201) 792-0800
0811	1	(973) 884-9175
0812	1	(973) 628-1888
0813	1	(201) 991-1771
0814	1	(973) 465-1776
0815	1	(732) 494-8686
0816	1	(201) 339-0003
0817	1	(973) 344-5611
0818	1	(201) 804-7666
0819	1	(201) 420-0104
0820	1	(510) 549-3055
0821	1	(415) 387-2147
0822	1	(510) 889-8257
0823	1	(707) 944-8037
0824	1	(831) 425-2288
0825	1	(415) 929-8855
0826	1	(415) 864-8643
0827	1	(510) 644-3230
0828	1	(408) 774-1889
0829	1	(408) 423-9200
0830	1	(415) 282-8283
0831	1	(510) 655-6469
0832	1	(415) 626-5600
0833	1	(415) 957-9300
0834	1	(650) 638-1479
0835	1	(510) 549-3486
0836	1	(707) 224-6900
0837	1	(405) 748-3354
0838	1	(405) 359-1501
0839	1	(405) 840-3047
0840	1	(405) 235-1000
0841	1	(405) 748-4003
0842	1	(405) 527-7373
0843	1	(405) 364-9988
0844	1	(405) 528-2122
0845	1	(405) 286-4577
0846	1	(405) 635-8337
0847	1	(405) 360-4258
0848	1	(405) 749-5590
0849	1	(405) 602-0652
0850	1	(405) 732-6773
0851	1	(405) 737-1005
0852	1	(405) 360-1515
0853	1	(405) 528-2830
0854	1	(405) 755-3560
0855	1	(405) 848-1065
0856	1	(405) 602-2922
0857	1	(405) 217-8424
0858	1	(405) 848-4867
0859	1	(405) 307-8337
0860	1	(402) 763-2880
0861	1	(402) 342-0212
0862	1	(402) 391-2950
0863	1	(402) 502-2203
0864	1	(402) 431-0023
0865	1	(402) 346-3549
0866	1	(402) 934-6266
0867	1	(402) 558-1222
0868	1	(402) 592-7427
0869	1	(402) 391-7440
0870	1	(402) 345-1708
0871	1	(402) 399-8300
0872	1	(402) 218-4555
0873	1	(402) 504-3711
0874	1	(402) 390-6021
0875	1	(402) 342-9742
0876	1	(402) 342-3662
0877	1	(402) 965-8029
0878	1	(402) 571-2333
0879	1	(402) 333-0506
0880	1	(402) 558-5010
0881	1	(402) 884-0430
0882	1	(402) 547-5959
0883	1	(402) 397-5765
0884	1	(714) 832-0081
0885	1	(949) 509-0003
0886	1	(949) 645-2148
0887	1	(949) 833-0977
0888	1	(949) 282-0182
0889	1	(949) 722-7586
0890	1	(714) 990-2615
0891	1	(949) 858-3360
0892	1	(949) 581-3474
0893	1	(949) 461-7170
0894	1	(800) 786-1000
0895	1	(562) 594-4553
0896	1	(949) 727-9900
0897	1	(949) 487-2728
0898	1	(714) 871-1290
0899	1	(949) 366-2924
0900	1	(714) 680-6000
0901	1	(714) 221-0680
0902	1	(407) 939-3463
0903	1	(407) 938-4722
0904	1	(407) 658-2396
0905	1	(407) 862-2888
0906	1	(321) 281-8140
0907	1	(407) 824-1576
0908	1	(407) 226-0333
0909	1	(407) 628-0294
0910	1	(407) 767-1252
0911	1	(407) 658-6615
0912	1	(407) 938-0300
0913	1	(407) 645-4443
0914	1	(407) 365-1881
0915	1	(407) 563-8777
0916	1	(407) 420-9420
0917	1	(407) 423-8539
0918	1	(407) 872-8665
0919	1	(407) 382-4001
0920	1	(407) 281-4700
0921	1	(407) 331-0000
0922	1	(352) 742-3467
0923	1	(215) 551-5725
0924	1	(215) 482-5407
0925	1	(610) 622-5489
0926	1	(215) 247-6887
0927	1	(610) 992-3333
0928	1	(215) 659-7688
0929	1	(215) 413-3666
0930	1	(215) 627-0666
0931	1	(610) 527-3200
0932	1	(215) 923-6069
0933	1	(215) 735-8630
0934	1	(215) 924-1410
0935	1	(215) 627-1393
0936	1	(215) 462-1200
0937	1	(215) 247-9920
0938	1	(215) 925-7532
0939	1	(215) 860-5100
0940	1	(215) 324-6086
0941	1	(215) 732-7560
0942	1	(215) 636-9250
0943	1	(215) 751-0707
0944	1	(215) 765-1616
0945	1	(610) 524-1010
0946	1	(215) 665-9150
0947	1	(610) 491-9822
0948	1	(480) 303-9967
0949	1	(602) 774-3488
0950	1	(602) 375-3639
0951	1	(602) 852-3939
0952	1	(480) 968-6678
0953	1	(480) 962-4224
0954	1	(602) 840-7777
0955	1	(602) 248-2480
0956	1	(480) 585-9500
0957	1	(602) 636-0240
0958	1	(480) 858-0501
0959	1	(602) 547-2782
0960	1	(602) 997-6239
0961	1	(602) 331-3434
0962	1	(480) 893-8930
0963	1	(480) 968-9250
0964	1	(480) 951-6002
0965	1	(480) 722-0560
0966	1	(480) 926-9077
0967	1	(480) 947-6042
0968	1	(480) 607-1114
0969	1	(480) 563-3377
0970	1	(602) 553-7227
0971	1	(412) 682-2688
0972	1	(412) 521-9864
0973	1	(412) 421-1422
0974	1	(412) 390-2012
0975	1	(412) 566-2195
0976	1	(412) 521-0226
0977	1	(412) 422-2082
0978	1	(412) 802-7100
0979	1	(412) 253-0955
0980	1	(412) 404-8166
0981	1	(412) 362-5273
0982	1	(724) 745-6791
0983	1	(412) 661-9991
0984	1	(412) 683-2333
0985	1	(412) 787-1999
0986	1	(503) 228-9535
0987	1	(503) 233-0511
0988	1	(503) 235-5123
0989	1	(503) 525-2225
0990	1	(503) 282-3970
0991	1	(503) 232-2135
0992	1	(360) 735-1440
0993	1	(503) 287-8800
0994	1	(503) 774-4470
0995	1	(503) 283-9731
0996	1	(503) 221-0011
0997	1	(503) 227-8794
0998	1	(503) 253-6766
0999	1	(503) 885-7661
1000	1	(503) 281-1477
1001	1	(503) 284-1773
1002	1	(503) 641-3223
1003	1	(503) 641-7699
1004	1	(503) 223-7275
1005	1	(360) 750-7490
1006	1	(503) 281-0537
1007	1	(503) 222-1132
1008	1	(401) 435-5511
1009	1	(401) 885-8383
1010	1	(401) 783-9370
1011	1	(401) 751-6737
1012	1	(401) 421-4422
1013	1	(401) 274-7177
1014	1	(401) 334-3200
1015	1	(401) 331-7760
1016	1	(401) 841-8884
1017	1	(401) 228-7805
1018	1	(401) 849-6611
1019	1	(401) 331-6861
1020	1	(401) 453-5560
1021	1	(401) 331-8829
1022	1	(401) 365-6278
1023	1	(401) 272-7811
1024	1	(401) 780-8700
1025	1	(401) 767-3014
1026	1	(401) 435-0214
1027	1	(401) 438-4646
1028	1	(401) 331-2450
1029	1	(919) 781-2444
1030	1	(919) 878-8159
1031	1	(919) 967-7766
1032	1	(919) 859-5299
1033	1	(919) 680-8611
1034	1	(919) 286-1875
1035	1	(919) 929-2909
1036	1	(919) 878-5888
1037	1	(919) 755-9133
1038	1	(919) 829-2518
1039	1	(919) 821-9020
1040	1	(919) 968-2460
1041	1	(919) 836-9909
1042	1	(919) 240-4746
1043	1	(919) 929-8676
1044	1	(919) 806-0690
1045	1	(919) 286-3609
1046	1	(919) 361-2222
1047	1	(919) 465-1936
1048	1	(919) 981-5835
1049	1	(919) 572-9444
1050	1	(919) 309-2401
1051	1	(804) 353-2333
1052	1	(804) 288-8929
1053	1	(804) 780-0004
1054	1	(804) 225-8811
1055	1	(804) 644-4400
1056	1	(804) 379-7121
1057	1	(804) 967-0001
1058	1	(804) 559-0062
1059	1	(804) 355-3320
1060	1	(804) 353-6860
1061	1	(804) 643-8080
1062	1	(804) 360-2077
1063	1	(804) 358-7870
1064	1	(804) 269-5924
1065	1	(804) 673-1090
1066	1	(804) 360-0001
1067	1	(804) 273-0261
1068	1	(804) 643-2537
1069	1	(804) 355-9111
1070	1	(804) 747-9573
1071	1	(585) 325-7090
1072	1	(585) 427-8090
1073	1	(585) 442-4293
1074	1	(585) 264-9000
1075	1	(585) 454-6020
1076	1	(585) 247-7920
1077	1	(585) 256-5980
1078	1	(585) 865-4630
1079	1	(585) 424-3210
1080	1	(585) 242-8990
1081	1	(585) 872-2330
1082	1	(585) 421-8111
1083	1	(585) 461-2960
1084	1	(585) 346-0222
1085	1	(585) 872-5470
1086	1	(585) 244-3460
1087	1	(585) 865-5756
1088	1	(585) 248-3298
1089	1	(585) 426-0510
1090	1	(916) 797-2112
1091	1	(916) 443-0440
1092	1	(916) 444-1100
1093	1	(916) 967-4331
1094	1	(916) 353-0140
1095	1	(916) 444-0307
1096	1	(916) 714-2112
1097	1	(916) 447-8646
1098	1	(916) 515-4910
1099	1	(916) 285-9888
1100	1	(916) 443-3772
1101	1	(916) 441-0303
1102	1	(916) 451-4000
1103	1	(916) 456-4287
1104	1	(801) 523-7440
1105	1	(801) 785-4447
1106	1	(801) 298-2406
1107	1	(801) 775-8813
1108	1	(801) 484-9259
1109	1	(801) 328-2077
1110	1	(801) 280-4074
1111	1	(801) 224-4774
1112	1	(801) 288-0051
1113	1	(801) 373-6677
1114	1	(801) 364-4268
1115	1	(801) 537-1433
1116	1	(801) 487-1670
1117	1	(801) 467-4000
1118	1	(801) 825-8961
1119	1	(801) 322-3790
1120	1	(801) 375-5133
1121	1	(801) 363-7272
1122	1	(801) 486-4542
1123	1	(801) 485-2055
1124	1	(210) 735-3552
1125	1	(830) 606-1287
1126	1	(210) 805-8646
1127	1	(210) 699-1222
1128	1	(210) 223-1806
1129	1	(210) 223-3900
1130	1	(210) 490-9220
1131	1	(210) 340-1337
1132	1	(210) 348-6781
1133	1	(210) 545-3800
1134	1	(210) 824-8686
1135	1	(830) 624-2300
1136	1	(210) 545-6100
1137	1	(210) 479-5000
1138	1	(210) 492-1359
1139	1	(210) 224-8862
1140	1	(210) 494-0070
1141	1	(210) 706-9700
1142	1	(210) 227-2782
1143	1	(210) 733-0621
1144	1	(619) 295-1720
1145	1	(858) 487-6606
1146	1	(619) 546-7900
1147	1	(858) 755-2002
1148	1	(800) 786-1000
1149	1	(619) 231-9597
1150	1	(619) 497-0914
1151	1	(619) 238-9880
1152	1	(760) 471-4999
1153	1	(858) 273-1218
1154	1	(858) 270-5670
1155	1	(619) 232-3242
1156	1	(619) 589-0071
1157	1	(858) 673-5204
1158	1	(619) 295-5111
1159	1	(858) 755-5292
1160	1	(858) 481-7332
1161	1	(760) 435-0006
1162	1	(619) 281-1111
1163	1	(619) 294-2132
1164	1	(858) 272-3877
1165	1	(805) 564-2626
1166	1	(805) 644-9072
1167	1	(805) 569-6522
1168	1	(805) 968-6969
1169	1	(805) 962-1311
1170	1	(805) 644-5507
1171	1	(805) 653-1266
1172	1	(805) 654-1619
1173	1	(805) 957-1193
1174	1	(805) 648-1422
1175	1	(805) 884-4701
1176	1	(805) 965-1004
1177	1	(805) 688-6899
1178	1	(805) 644-9040
1179	1	(206) 256-1499
1180	1	(206) 728-2233
1181	1	(206) 937-7676
1182	1	(206) 432-9069
1183	1	(206) 932-3020
1184	1	(206) 548-9548
1185	1	(206) 283-3313
1186	1	(206) 789-3100
1187	1	(206) 913-0041
1188	1	(425) 837-8834
1189	1	(206) 448-2001
1190	1	(425) 893-9799
1191	1	(314) 664-7435
1192	1	(314) 645-9919
1193	1	(314) 781-1135
1194	1	(314) 727-1333
1195	1	(314) 241-8100
1196	1	(314) 367-6111
1197	1	(314) 773-7755
1198	1	(314) 963-0033
1199	1	(314) 776-0991
1200	1	(314) 645-6337
1201	1	(314) 352-0202
1202	1	(314) 721-9400
1203	1	(314) 361-1060
1204	1	(314) 863-3511
1205	1	(314) 645-7300
1206	1	(314) 846-8881
1207	1	(314) 352-7376
1208	1	(314) 824-2402
1209	1	(314) 231-2537
1210	1	(636) 530-1198
1211	1	(636) 386-8999
1212	1	(314) 584-4455
1213	1	(203) 256-8800
1214	1	(203) 333-7373
1215	1	(203) 973-0077
1216	1	(203) 454-7800
1217	1	(203) 791-1119
1218	1	(203) 523-0389
1219	1	(203) 878-2092
1220	1	(203) 461-8004
1221	1	(203) 323-7777
1222	1	(203) 853-2037
1223	1	(203) 261-8818
1224	1	(203) 259-7417
1225	1	(203) 371-0414
1226	1	(203) 459-4055
1227	1	(203) 797-1550
1228	1	(203) 730-1776
1229	1	(203) 853-4546
1230	1	(203) 972-8332
1231	1	(203) 661-0909
1232	1	(203) 373-9522
1233	1	(203) 377-8860
1234	1	(203) 966-5000
1235	1	(203) 744-7500
1236	1	(813) 234-1000
1237	1	(727) 593-7625
1238	1	(727) 527-8728
1239	1	(813) 250-0203
1240	1	(813) 684-0221
1241	1	(813) 254-3355
1242	1	(813) 685-1189
1243	1	(813) 254-9463
1244	1	(727) 898-8056
1245	1	(813) 258-1999
1246	1	(813) 254-3757
1247	1	(813) 269-0050
1248	1	(727) 546-6732
1249	1	(813) 871-6837
1250	1	(813) 968-7400
1251	1	(941) 925-4444
1252	1	(863) 688-9616
1253	1	(520) 740-1541
1254	1	(520) 797-0188
1255	1	(520) 299-7799
1256	1	(520) 327-2841
1257	1	(520) 747-7477
1258	1	(520) 622-1922
1259	1	(520) 623-7507
1260	1	(520) 888-7878
1261	1	(520) 624-9393
1262	1	(520) 326-6163
1263	1	(520) 325-0362
1264	1	(520) 622-0761
1265	1	(520) 622-1899
1266	1	(520) 297-8575
1267	1	(520) 232-1007
1268	1	(520) 882-4145
1269	1	(520) 742-9100
1270	1	(520) 749-3903
1271	1	(520) 792-0523
1272	1	(520) 733-7977
1273	1	(520) 327-8321
1274	1	(520) 792-8888
1275	1	(520) 790-5357
1276	1	(918) 582-8282
1277	1	(918) 382-7468
1278	1	(918) 744-1300
1279	1	(918) 712-1999
1280	1	(918) 494-4043
1281	1	(918) 582-1403
1282	1	(918) 274-9940
1283	1	(918) 272-9328
1284	1	(918) 585-3500
1285	1	(918) 994-7300
1286	1	(918) 254-2134
1287	1	(918) 250-8557
1288	1	(918) 745-9989
1289	1	(918) 744-0320
1290	1	(918) 307-2013
1291	1	(918) 744-4280
1292	1	(918) 459-7677
1293	1	(918) 794-4448
1294	1	(918) 251-0647
1295	1	(918) 366-4777
1296	1	(703) 644-7100
1297	1	(703) 841-0001
1298	1	(202) 667-0909
1299	1	(202) 289-4441
1300	1	(202) 638-0800
1301	1	(202) 885-5700
1302	1	(703) 528-6266
1303	1	(202) 628-7949
1304	1	(202) 399-2546
1305	1	(703) 356-1440
1306	1	(202) 337-2782
1307	1	(703) 860-9100
1308	1	(202) 333-9180
1309	1	(703) 921-5220
1310	1	(202) 387-7638
1311	1	(202) 234-1969
1312	1	(703) 329-0006
1313	1	(202) 898-1225
1314	1	(410) 280-0086
1315	0	<NULL>
1316	1	(301) 309-9090
1317	1	(301) 881-2600
1318	1	(703) 938-9548
1319	1	(703) 683-7767
1320	1	(301) 588-4744
1321	1	(703) 913-1337
1322	1	(703) 502-0808
1323	1	(301) 588-7297
1324	1	(703) 237-4343
1325	1	(703) 549-5051
1326	1	(505) 254-0463
1327	1	(505) 265-7687
1328	1	(505) 262-2739
1329	1	(505) 831-7298
1330	1	(505) 836-1544
1331	1	(505) 243-0130
1332	1	(505) 766-9476
1333	1	(505) 822-9222
1334	1	(505) 797-7178
1335	1	(505) 892-4700
1336	1	(505) 892-4939
1337	1	(505) 891-2690
1338	1	(505) 343-0466
1339	1	(505) 345-7251
1340	1	(505) 892-1111
1341	1	(505) 994-4425
1342	1	(505) 884-4610
1343	1	(505) 884-3050
1344	1	(505) 255-2424
1345	1	(505) 898-4188
1346	1	(505) 899-7500
1347	1	(505) 323-0072
1348	1	(505) 299-8777
1349	1	(505) 765-1514
1350	1	(505) 255-8781
1351	1	(505) 268-0182
1352	1	(505) 841-2804
1353	1	(505) 897-2177
1354	1	(505) 899-1618
1355	1	(505) 922-1155
1356	1	(505) 899-9577
1357	1	(505) 242-4020
1358	1	(505) 293-3154
1359	1	(505) 994-4100
1360	1	(505) 962-0123
1361	1	(505) 892-1914
1362	1	(505) 256-0564
1363	1	(505) 232-2404
1364	1	(505) 246-0300
1365	1	(505) 898-2442
1366	1	(505) 508-3244
1367	1	(505) 242-2323
1368	1	(505) 842-0276
1369	1	(505) 271-2268
1370	1	(505) 296-3537
1371	1	(505) 242-5316
1372	1	(505) 242-3102
1373	1	(505) 314-5136
1374	1	(505) 232-2432
1375	1	(505) 883-6962
1376	1	(505) 884-0071
1377	1	(505) 884-1616
1378	1	(505) 898-0045
1379	1	(505) 344-9169
1380	1	(505) 833-0488
1381	1	(505) 831-2213
1382	1	(505) 892-7054
1383	1	(505) 256-7272
1384	1	(505) 345-0255
1385	1	(505) 798-0330
1386	1	(505) 822-8866
1387	1	(505) 881-8104
1388	1	(505) 275-5812
1389	1	(505) 822-0001
1390	1	(505) 767-6308
1391	1	(505) 315-1119
1392	1	(505) 994-3092
1393	1	(505) 255-5036
1394	1	(505) 217-1288
1395	1	(907) 278-2216
1396	1	(907) 644-8420
1397	1	(907) 279-2222
1398	1	(907) 561-0424
1399	1	(907) 279-1192
1400	1	(907) 563-2272
1401	1	(907) 274-2663
1402	1	(907) 345-0282
1403	1	(907) 277-7727
1404	1	(907) 644-4433
1405	1	(907) 561-4510
1406	1	(907) 562-1920
1407	1	(907) 929-2229
1408	1	(907) 694-3733
1409	1	(907) 622-7787
1410	1	(907) 563-5704
1411	1	(907) 563-2222
1412	1	(907) 563-6333
1413	1	(907) 562-1163
1414	1	(907) 561-6611
1415	1	(907) 274-7511
1416	1	(907) 274-1735
1417	1	(907) 562-8822
1418	1	(907) 770-1270
1419	1	(907) 338-5393
1420	1	(907) 337-3733
1421	1	(907) 332-8424
1422	1	(907) 344-6510
1423	1	(907) 375-9888
1424	1	(907) 344-0080
1425	1	(907) 344-5690
1426	1	(907) 337-4652
1427	1	(907) 770-9925
1428	1	(907) 561-1405
1429	1	(907) 349-7162
1430	1	(907) 344-3663
1431	1	(907) 274-3733
1432	1	(907) 569-0305
1433	1	(907) 276-2275
1434	1	(907) 274-0444
1435	1	(907) 276-8846
1436	1	(907) 349-1858
1437	1	(907) 694-2200
1438	1	(907) 561-6161
1439	1	(907) 272-7411
1440	1	(907) 279-1782
1441	1	(907) 337-2343
1442	1	(907) 274-6173
1443	1	(907) 222-8787
1444	1	(907) 929-0910
1445	1	(907) 276-0536
1446	1	(907) 248-2644
1447	1	(907) 563-9097
1448	1	(907) 646-1288
1449	1	(907) 278-5299
1450	1	(907) 563-2633
1451	1	(907) 522-8795
1452	1	(907) 278-8626
1453	1	(907) 561-5535
1454	1	(907) 222-7753
1455	1	(907) 274-2500
1456	1	(907) 349-8940
1457	1	(907) 349-2452
1458	1	(907) 561-3805
1459	1	(907) 336-0393
1460	1	(907) 279-5172
1461	1	(907) 272-2626
1462	1	(404) 892-3648
1463	1	(404) 941-9117
1464	1	(404) 221-2626
1465	1	(770) 992-5566
1466	1	(404) 262-1162
1467	1	(404) 262-7379
1468	1	(404) 350-1938
1469	1	(770) 888-9852
1470	1	(404) 593-2333
1471	1	(770) 271-9593
1472	1	(404) 262-7112
1473	1	(404) 622-6066
1474	1	(404) 522-0501
1475	1	(404) 586-0920
1476	1	(770) 512-8888
1477	1	(770) 916-1776
1478	1	(770) 425-3737
1479	1	(770) 428-0955
1480	1	(770) 801-0069
1481	1	(770) 643-9463
1482	1	(770) 993-0007
1483	1	(770) 640-3870
1484	1	(678) 990-9464
1485	1	(770) 753-0855
1486	1	(770) 753-4477
1487	1	(404) 874-1233
1488	1	(770) 514-5110
1489	1	(404) 266-0123
1490	1	(404) 816-2690
1491	1	(404) 688-3176
1492	1	(404) 687-8822
1493	1	(404) 355-2252
1494	1	(404) 365-0410
1495	1	(404) 869-6156
1496	1	(404) 841-2990
1497	1	(404) 841-2990
1498	1	(404) 231-5898
1499	1	(404) 844-0444
1500	1	(404) 264-9716
1501	1	(404) 270-9165
1502	1	(770) 484-0020
1503	1	(404) 332-3000
1504	1	(404) 814-9640
1505	1	(404) 287-0154
1506	1	(404) 303-6118
1507	1	(404) 876-6755
1508	1	(404) 881-1950
1509	1	(770) 435-0700
1510	1	(770) 434-7121
1511	1	(404) 634-1128
1512	1	(404) 373-8887
1513	1	(404) 846-5722
1514	1	(404) 627-8464
1515	1	(678) 762-7620
1516	1	(770) 740-1924
1517	1	(770) 360-8014
1518	1	(404) 685-3110
1519	1	(404) 270-9950
1520	1	(404) 687-1100
1521	1	(770) 805-0889
1522	1	(404) 633-1425
1523	1	(404) 636-5300
1524	1	(404) 872-0999
1525	1	(678) 493-5006
1526	1	(770) 479-0969
1527	1	(770) 772-6822
1528	1	(678) 762-1818
1529	1	(770) 917-1466
1530	1	(770) 974-1110
1531	1	(770) 917-8933
1532	1	(770) 475-7121
1533	1	(404) 841-8818
1534	1	(770) 424-5616
1535	1	(770) 975-3030
1536	1	(404) 223-9279
1537	1	(678) 797-6222
1538	1	(770) 772-4540
1539	1	(404) 523-8077
1540	1	(404) 529-8800
1541	1	(678) 205-1410
1542	1	(404) 432-5130
1543	1	(404) 995-0944
1544	1	(404) 892-3335
1545	1	(404) 521-3555
1546	1	(404) 525-7799
1547	1	(404) 917-0106
1548	1	(678) 324-1649
1549	1	(770) 640-0788
1550	1	(404) 876-5436
1551	1	(404) 249-9468
1552	1	(404) 874-3144
1553	1	(404) 873-2009
1554	1	(404) 377-8050
1555	1	(404) 371-4333
1556	1	(404) 378-0228
1557	1	(404) 377-3311
1558	1	(770) 984-8060
1559	1	(770) 956-1234
1560	1	(404) 351-0870
1561	1	(404) 249-1522
1562	1	(770) 739-4666
1563	1	(678) 842-9143
1564	1	(770) 432-5112
1565	1	(404) 843-1490
1566	1	(404) 844-8800
1567	1	(512) 919-2416
1568	1	(512) 467-0102
1569	1	(512) 255-1414
1570	1	(512) 238-0091
1571	1	(512) 345-8232
1572	1	(512) 343-6333
1573	1	(512) 533-9424
1574	1	(512) 474-2194
1575	1	(512) 478-3281
1576	1	(512) 477-1651
1577	1	(512) 459-6363
1578	1	(512) 458-1832
1579	1	(512) 340-0090
1580	1	(512) 462-0922
1581	1	(512) 442-4246
1582	1	(512) 444-5738
1583	1	(512) 462-2220
1584	1	(512) 480-9501
1585	1	(512) 494-1767
1586	1	(512) 451-3354
1587	1	(512) 472-9900
1588	1	(512) 719-5001
1589	1	(512) 519-9607
1590	1	(512) 331-1227
1591	1	(512) 219-0006
1592	1	(512) 282-9206
1593	1	(512) 291-8800
1594	1	(512) 863-7080
1595	1	(512) 401-3811
1596	1	(512) 535-0076
1597	1	(512) 241-0777
1598	1	(512) 689-8086
1599	1	(512) 392-3080
1600	0	<NULL>
1601	1	(512) 479-0218
1602	1	(512) 474-5323
1603	1	(512) 782-8003
1604	1	(512) 656-7033
1605	1	(512) 479-5959
1606	1	(512) 732-2117
1607	1	(512) 306-9040
1608	1	(512) 328-3333
1609	1	(512) 626-1877
1610	1	(512) 476-4669
1611	1	(512) 244-1009
1612	1	(512) 388-9773
1613	1	(512) 255-3300
1614	1	(512) 863-5875
1615	1	(512) 795-9292
1616	1	(512) 459-3239
1617	1	(512) 323-6970
1618	1	(512) 289-0699
1619	1	(512) 533-9292
1620	1	(512) 323-6907
1621	1	(512) 388-3881
1622	1	(512) 828-4050
1623	1	(512) 392-6005
1624	1	(512) 327-4448
1625	1	(512) 338-9227
1626	1	(512) 795-7308
1627	1	(512) 302-3077
1628	1	(512) 343-9307
1629	1	(512) 457-9900
1630	1	(512) 349-7878
1631	1	(512) 474-5652
1632	1	(512) 478-8541
1633	1	(512) 788-2228
1634	1	(512) 388-3322
1635	1	(512) 832-0200
1636	1	(512) 288-2408
1637	1	(512) 832-1955
1638	1	(512) 339-1333
1639	1	(512) 330-0030
1640	1	(512) 329-0770
1641	1	(512) 477-7497
1642	1	(512) 469-5877
1643	1	(512) 474-6357
1644	1	(512) 282-1977
1645	1	(512) 579-3554
1646	1	(512) 459-8922
1647	1	(512) 472-1674
1648	1	(512) 473-4199
1649	1	(512) 448-3101
1650	1	(512) 320-8377
1651	1	(512) 472-9621
1652	1	(512) 452-5010
1653	1	(512) 236-8459
1654	1	(512) 383-0501
1655	1	(443) 703-4064
1656	1	(410) 539-7888
1657	1	(410) 637-3398
1658	1	(410) 342-6105
1659	1	(410) 296-9000
1660	1	(410) 321-1777
1661	1	(410) 665-8800
1662	1	(410) 243-2644
1663	1	(410) 467-1000
1664	1	(410) 789-7532
1665	1	(410) 522-3200
1666	1	(410) 347-0888
1667	0	<NULL>
1668	1	(410) 922-9196
1669	1	(410) 332-0332
1670	1	(410) 889-8886
1671	1	(410) 480-5037
1672	1	(410) 342-7611
1673	1	(410) 675-8400
1674	1	(410) 329-1106
1675	1	(410) 821-3474
1676	1	(410) 426-2775
1677	1	(410) 685-1859
1678	1	(410) 879-9896
1679	1	(410) 838-1455
1680	1	(410) 833-8100
1681	1	(410) 244-1118
1682	1	(410) 647-5757
1683	1	(410) 647-7105
1684	1	(410) 884-5120
1685	1	(410) 276-7141
1686	1	(410) 780-7155
1687	1	(410) 327-6425
1688	1	(410) 296-9118
1689	1	(301) 931-2253
1690	1	(410) 486-0979
1691	1	(410) 933-8861
1692	1	(410) 235-2426
1693	1	(410) 276-8052
1694	1	(410) 788-9478
1695	1	(410) 761-2447
1696	1	(410) 863-5900
1697	1	(410) 254-8970
1698	1	(410) 435-8600
1699	1	(410) 483-2575
1700	1	(410) 522-2763
1701	1	(410) 672-1843
1702	1	(410) 964-1188
1703	1	(410) 449-6200
1704	1	(410) 576-1140
1705	1	(410) 522-3250
1706	1	(410) 563-3712
1707	1	(410) 339-7966
1708	1	(410) 823-7827
1709	1	(410) 381-5800
1710	1	(443) 832-4389
1711	1	(410) 654-0101
1712	1	(877) 764-5241
1713	1	(443) 535-0600
1714	1	(410) 581-8003
1715	1	(410) 581-7014
1716	1	(410) 243-1301
1717	1	(410) 235-4994
1718	1	(410) 472-9402
1719	1	(410) 833-3369
1720	1	(410) 309-5944
1721	1	(443) 394-2650
1722	1	(410) 674-4292
1723	1	(410) 664-1067
1724	1	(410) 381-7880
1725	1	(410) 602-1595
1726	1	(410) 332-7343
1727	1	(410) 332-8422
1728	1	(410) 715-3933
1729	1	(410) 730-2973
1730	1	(410) 327-8935
1731	1	(410) 235-5533
1732	1	(443) 992-4388
1733	1	(410) 319-6227
1734	1	(410) 444-6664
1735	1	(410) 893-0110
1736	1	(410) 421-9185
1737	1	(410) 544-8920
1738	1	(410) 788-8687
1739	1	(410) 534-5680
1740	1	(410) 465-4499
1741	1	(225) 766-1226
1742	1	(225) 757-4680
1743	1	(225) 296-4981
1744	1	(225) 292-3938
1745	1	(225) 293-4466
1746	1	(225) 769-0077
1747	1	(225) 927-8131
1748	1	(225) 336-9512
1749	1	(225) 378-6363
1750	1	(225) 926-3222
1751	1	(225) 405-4514
1752	1	(225) 767-3389
1753	1	(225) 291-9464
1754	1	(225) 761-0650
1755	1	(225) 769-8831
1756	1	(225) 769-1779
1757	1	(225) 757-6067
1758	1	(225) 757-1425
1759	1	(225) 924-7881
1760	1	(225) 924-1980
1761	1	(225) 923-0896
1762	1	(225) 923-8196
1763	1	(225) 929-9599
1764	1	(225) 929-9599
1765	1	(225) 930-9959
1766	1	(225) 766-3777
1767	1	(225) 753-7711
1768	1	(225) 753-4864
1769	1	(225) 923-1923
1770	1	(225) 248-9500
1771	1	(225) 346-6969
1772	1	(225) 769-4666
1773	1	(225) 766-1875
1774	1	(225) 383-7815
1775	1	(225) 647-7565
1776	1	(225) 765-7272
1777	1	(225) 757-3877
1778	1	(225) 291-8833
1779	1	(225) 216-1861
1780	1	(225) 927-0922
1781	1	(225) 218-6559
1782	1	(225) 273-7047
1783	1	(225) 667-1327
1784	1	(225) 766-3909
1785	1	(225) 677-8687
1786	1	(225) 677-7879
1787	1	(225) 346-1230
1788	1	(225) 766-2113
1789	1	(225) 769-4145
1790	1	(225) 344-7375
1791	1	(225) 665-3388
1792	1	(225) 753-3785
1793	1	(205) 933-6333
1794	1	(205) 933-1544
1795	1	(205) 930-9971
1796	1	(205) 930-9290
1797	1	(205) 942-5681
1798	1	(205) 969-5584
1799	1	(205) 970-3242
1800	1	(205) 238-5511
1801	1	(205) 326-3779
1802	1	(205) 323-7966
1803	1	(205) 655-9779
1804	1	(205) 871-4420
1805	1	(205) 252-2109
1806	1	(205) 822-9870
1807	1	(205) 939-1980
1808	1	(205) 402-0023
1809	1	(205) 870-1198
1810	1	(205) 328-2749
1811	1	(205) 868-0888
1812	1	(205) 560-0600
1813	1	(205) 941-1492
1814	1	(205) 987-0790
1815	1	(205) 968-8005
1816	1	(205) 637-7460
1817	1	(205) 254-9266
1818	1	(205) 824-7663
1819	1	(205) 978-8910
1820	1	(205) 251-3101
1821	1	(205) 620-3742
1822	1	(205) 297-8636
1823	1	(205) 868-9130
1824	1	(205) 991-4846
1825	1	(205) 980-8266
1826	1	(205) 995-1370
1827	1	(205) 991-1306
1828	1	(205) 995-1408
1829	1	(205) 655-7414
1830	1	(205) 980-8361
1831	1	(205) 941-1486
1832	1	(205) 942-6490
1833	1	(205) 930-1915
1834	1	(205) 933-1025
1835	1	(205) 995-0002
1836	1	(205) 942-4530
1837	1	(205) 298-7946
1838	1	(205) 558-4995
1839	1	(617) 227-5353
1840	1	(617) 864-7447
1841	1	(617) 354-4929
1842	1	(617) 739-2400
1843	1	(617) 232-2052
1844	1	(617) 262-5708
1845	1	(617) 332-9343
1846	1	(617) 731-1122
1847	1	(617) 232-2661
1848	1	(617) 742-9200
1849	1	(617) 742-5233
1850	1	(617) 523-8820
1851	1	(617) 879-2500
1852	1	(617) 491-6999
1853	1	(617) 868-3065
1854	1	(617) 536-7066
1855	1	(781) 641-7477
1856	1	(781) 646-7825
1857	1	(617) 524-2836
1858	1	(617) 524-2016
1859	1	(617) 868-3065
1860	1	(617) 859-8555
1861	1	(978) 486-8050
1862	1	(978) 589-9948
1863	1	(617) 783-5111
1864	1	(508) 756-8458
1865	1	(508) 775-5899
1866	1	(508) 755-5588
1867	1	(617) 262-2424
1868	1	(617) 244-9842
1869	1	(617) 969-8991
1870	1	(617) 227-2098
1871	1	(617) 523-2727
1872	1	(617) 625-7570
1873	1	(617) 464-4800
1874	1	(617) 269-1055
1875	1	(617) 328-4114
1876	1	(617) 666-5079
1877	1	(617) 625-4664
1878	1	(617) 450-0310
1879	1	(617) 338-4440
1880	1	(617) 491-5311
1881	1	(617) 254-8888
1882	1	(617) 695-1250
1883	1	(617) 742-1768
1884	1	(617) 248-6800
1885	1	(617) 262-3749
1886	1	(617) 621-6991
1887	1	(617) 965-7850
1888	1	(617) 527-7726
1889	1	(617) 327-1909
1890	1	(617) 354-5944
1891	1	(617) 924-5692
1892	1	(617) 426-2341
1893	1	(617) 426-2341
1894	1	(781) 237-4312
1895	1	(781) 235-1904
1896	1	(617) 451-0077
1897	1	(617) 730-8900
1898	1	(781) 891-0100
1899	1	(781) 231-0175
1900	1	(781) 648-9584
1901	1	(617) 266-0905
1902	1	(617) 494-9565
1903	1	(781) 233-0077
1904	1	(781) 233-6399
1905	1	(781) 233-9722
1906	1	(617) 661-8356
1907	1	(617) 876-8444
1908	1	(617) 868-0259
1909	1	(617) 367-3016
1910	1	(617) 350-5380
1911	1	(617) 227-3616
1912	1	(781) 620-0940
1913	1	(781) 665-2508
1914	0	<NULL>
1915	1	(617) 292-0220
1916	1	(617) 492-7679
1917	1	(617) 277-8277
1918	1	(617) 367-4348
1919	1	(617) 451-0247
1920	1	(781) 740-0090
1921	1	(617) 787-1080
1922	1	(716) 885-7208
1923	1	(716) 826-4000
1924	1	(716) 822-8450
1925	1	(716) 648-1310
1926	1	(716) 834-3810
1927	1	(716) 283-4122
1928	1	(716) 283-9861
1929	1	(716) 204-0771
1930	1	(716) 446-1671
1931	1	(716) 649-2446
1932	1	(716) 648-4677
1933	1	(716) 655-1874
1934	1	(716) 655-4948
1935	1	(716) 837-6703
1936	1	(716) 939-3670
1937	1	(716) 856-2651
1938	1	(716) 898-8925
1939	1	(716) 649-9027
1940	1	(716) 823-2020
1941	1	(716) 823-9158
1942	1	(716) 626-5980
1943	1	(716) 932-2515
1944	1	(716) 886-3572
1945	1	(716) 839-1515
1946	1	(617) 241-7911
1947	1	(716) 885-4400
1948	1	(716) 881-1057
1949	1	(716) 655-4210
1950	1	(716) 655-0100
1951	1	(716) 632-2318
1952	1	(716) 692-7048
1953	1	(716) 743-1186
1954	1	(716) 564-9400
1955	1	(716) 893-0275
1956	1	(716) 886-5242
1957	1	(716) 836-1002
1958	1	(716) 681-5555
1959	1	(716) 884-1033
1960	1	(716) 882-2680
1961	1	(716) 821-0710
1962	1	(716) 332-4300
1963	1	(716) 885-7030
1964	1	(716) 639-0031
1965	1	(716) 884-6743
1966	1	(716) 882-7777
1967	1	(716) 878-8148
1968	1	(716) 871-5700
1969	1	(716) 886-5576
1970	1	(716) 882-5881
1971	1	(716) 688-2758
1972	1	(716) 688-6995
1973	1	(716) 877-0433
1974	1	(716) 877-4700
1975	1	(716) 297-7326
1976	1	(716) 297-7800
1977	1	(716) 856-3923
1978	1	(716) 847-0922
1979	1	(716) 836-0826
1980	1	(716) 836-5020
1981	1	(716) 822-2311
1982	1	(716) 826-6668
1983	1	(716) 822-1138
1984	1	(716) 835-7770
1985	1	(716) 677-6369
1986	1	(716) 677-4417
1987	1	(716) 881-7592
1988	1	(716) 881-2196
1989	1	(716) 675-3761
1990	1	(716) 839-4846
1991	1	(716) 631-7198
1992	1	(716) 332-6041
1993	1	(716) 828-9005
1994	1	(716) 823-2818
1995	1	(716) 625-8314
1996	1	(716) 632-5391
1997	1	(716) 685-1400
1998	1	(716) 639-0027
1999	1	(716) 688-3081
